7130.0	142.0	9.53	4.93
7130.0	143.0	8.77	5.26
7130.0	144.0	1.91	4.94
7140.0	142.0	10.50	5.17
7140.0	143.0	9.53	4.71
7140.0	144.0	3.12	5.06
7150.0	142.0	11.59	5.09
7150.0	143.0	10.61	4.37
7150.0	144.0	4.28	5.27
7160.0	142.0	12.37	5.33
7160.0	143.0	11.72	4.44
7160.0	144.0	5.79	5.34
7170.0	144.0	7.14	5.46
7180.0	144.0	8.41	5.40
7190.0	144.0	9.73	5.41
7200.0	144.0	11.01	5.42
7210.0	144.0	12.23	5.43
7300.0	145.0	-1.58	3.42
7300.0	146.0	-1.88	4.28
7310.0	145.0	-0.56	3.49
7310.0	146.0	-0.89	4.33
7310.0	147.0	-3.31	7.24
7320.0	145.0	0.55	3.54
7320.0	146.0	0.35	4.33
7320.0	147.0	-2.30	7.09
7330.0	145.0	1.65	3.56
7330.0	146.0	1.42	4.38
7330.0	147.0	-1.15	6.87
7340.0	145.0	2.73	3.57
7340.0	146.0	2.52	4.43
7340.0	147.0	-0.08	6.85
7350.0	145.0	3.84	3.63
7350.0	146.0	3.65	4.47
7350.0	147.0	1.02	6.79
7360.0	145.0	4.97	3.72
7360.0	146.0	4.79	4.55
7360.0	147.0	2.13	6.69
7370.0	145.0	6.12	3.73
7370.0	146.0	5.97	4.59
7370.0	147.0	3.20	6.54
7370.0	148.0	-2.36	1.16
7370.0	149.0	12.67	6.34
7380.0	145.0	7.26	3.83
7380.0	146.0	7.08	4.71
7380.0	147.0	4.16	6.39
7380.0	148.0	-1.59	1.99
7380.0	149.0	11.58	6.88
7380.0	150.0	13.04	6.06
7390.0	145.0	8.40	3.94
7390.0	146.0	8.20	4.88
7390.0	147.0	5.26	6.15
7390.0	148.0	-0.77	2.58
7390.0	149.0	10.56	7.08
7390.0	150.0	11.87	6.35
7400.0	145.0	9.56	4.16
7400.0	146.0	9.35	5.08
7400.0	147.0	6.47	5.95
7400.0	148.0	0.30	3.11
7400.0	149.0	9.61	7.49
7400.0	150.0	10.60	6.46
7400.0	151.0	12.46	5.79
7410.0	145.0	10.60	4.41
7410.0	146.0	10.50	5.31
7410.0	147.0	7.64	5.74
7410.0	148.0	1.37	3.47
7410.0	149.0	8.55	7.66
7410.0	150.0	9.44	6.57
7410.0	151.0	11.28	6.05
7420.0	145.0	11.78	4.67
7420.0	146.0	11.60	5.43
7420.0	147.0	8.65	5.49
7420.0	148.0	2.51	3.79
7420.0	149.0	7.39	7.61
7420.0	150.0	8.21	6.71
7420.0	151.0	10.27	6.03
7420.0	152.0	-4.42	5.40
7430.0	145.0	12.97	4.67
7430.0	146.0	12.44	5.54
7430.0	147.0	9.84	5.42
7430.0	148.0	3.38	3.94
7430.0	149.0	6.33	7.69
7430.0	150.0	7.02	6.69
7430.0	151.0	9.24	6.07
7430.0	152.0	-3.40	5.45
7440.0	147.0	10.97	5.54
7440.0	148.0	4.48	4.10
7440.0	149.0	5.37	7.91
7440.0	150.0	5.99	6.57
7440.0	151.0	8.24	6.23
7440.0	152.0	-2.23	5.48
7450.0	147.0	12.05	5.49
7450.0	148.0	5.63	4.18
7450.0	149.0	4.29	7.78
7450.0	150.0	4.83	6.70
7450.0	151.0	7.25	6.28
7450.0	152.0	-1.01	5.47
7460.0	148.0	6.75	4.19
7460.0	149.0	3.19	7.76
7460.0	150.0	3.66	6.95
7460.0	151.0	6.20	6.48
7460.0	152.0	0.18	5.47
7460.0	153.0	-3.01	4.24
7460.0	154.0	-2.94	4.95
7460.0	155.0	-4.31	6.75
7470.0	148.0	7.84	4.28
7470.0	149.0	2.08	7.81
7470.0	150.0	2.57	7.10
7470.0	151.0	5.13	6.76
7470.0	152.0	1.37	5.48
7470.0	153.0	-1.82	4.28
7470.0	154.0	-1.84	5.00
7470.0	155.0	-3.18	6.63
7480.0	148.0	8.97	4.45
7480.0	149.0	1.05	7.92
7480.0	150.0	1.59	7.20
7480.0	151.0	4.11	7.07
7480.0	152.0	2.53	5.47
7480.0	153.0	-0.62	4.17
7480.0	154.0	-0.78	4.85
7480.0	155.0	-1.95	6.49
7490.0	148.0	10.12	4.59
7490.0	149.0	-0.15	7.90
7490.0	150.0	0.49	7.16
7490.0	151.0	3.09	7.31
7490.0	152.0	3.73	5.55
7490.0	153.0	0.54	4.21
7490.0	154.0	0.39	4.85
7490.0	155.0	-0.84	6.25
7500.0	148.0	11.23	4.70
7500.0	149.0	-1.28	7.96
7500.0	150.0	-0.62	6.91
7500.0	151.0	2.03	7.35
7500.0	152.0	4.96	5.70
7500.0	153.0	1.79	4.29
7500.0	154.0	1.62	4.96
7500.0	155.0	0.54	6.11
7510.0	148.0	12.25	4.76
7510.0	149.0	-2.09	7.86
7510.0	150.0	-1.96	6.83
7510.0	151.0	0.96	7.34
7510.0	152.0	6.21	5.82
7510.0	153.0	3.02	4.30
7510.0	154.0	2.79	5.18
7510.0	155.0	1.60	6.14
7520.0	152.0	7.41	6.04
7520.0	153.0	4.19	4.38
7520.0	154.0	3.99	5.28
7520.0	155.0	2.76	6.17
7530.0	152.0	8.70	5.81
7530.0	153.0	5.43	4.46
7530.0	154.0	5.26	5.32
7530.0	155.0	3.91	6.18
7540.0	152.0	10.03	5.81
7540.0	153.0	6.62	4.46
7540.0	154.0	6.45	5.31
7540.0	155.0	5.12	6.30
7550.0	152.0	11.25	5.89
7550.0	153.0	7.80	4.49
7550.0	154.0	7.63	5.33
7550.0	155.0	6.38	6.33
7560.0	152.0	12.48	5.79
7560.0	153.0	9.00	4.57
7560.0	154.0	8.83	5.39
7560.0	155.0	7.61	6.31
7570.0	153.0	10.18	4.63
7570.0	154.0	10.02	5.41
7570.0	155.0	8.80	6.31
7580.0	153.0	11.32	4.65
7580.0	154.0	11.17	5.36
7580.0	155.0	9.89	6.22
7580.0	156.0	12.44	6.66
7590.0	153.0	12.31	4.71
7590.0	154.0	12.27	5.36
7590.0	155.0	11.09	6.13
7590.0	156.0	11.16	6.91
7600.0	153.0	13.37	4.87
7600.0	154.0	13.09	5.78
7600.0	155.0	12.86	5.39
7600.0	156.0	10.08	6.75
7610.0	156.0	8.78	6.75
7620.0	156.0	7.64	6.72
7630.0	156.0	6.47	6.55
7630.0	157.0	0.12	1.45
7640.0	156.0	5.29	6.36
7640.0	157.0	1.09	1.97
7650.0	156.0	4.15	6.29
7650.0	157.0	2.04	2.34
7660.0	156.0	2.88	6.25
7660.0	157.0	3.01	2.68
7670.0	156.0	1.64	6.22
7670.0	157.0	4.12	2.91
7680.0	156.0	0.68	6.23
7680.0	157.0	5.19	3.10
7690.0	156.0	-0.61	6.33
7690.0	157.0	6.30	3.48
7700.0	156.0	-1.73	6.50
7700.0	157.0	7.35	3.71
7710.0	157.0	8.37	4.04
7720.0	157.0	9.38	4.36
7730.0	157.0	10.42	4.56
7740.0	157.0	11.51	4.71
7750.0	157.0	12.60	4.93
7750.0	159.0	-1.09	5.33
7760.0	159.0	-0.07	5.35
7770.0	159.0	1.04	5.35
7770.0	160.0	11.65	5.63
7780.0	159.0	2.08	5.27
7780.0	160.0	10.51	5.29
7780.0	161.0	-2.56	0.25
7780.0	162.0	12.88	5.97
7790.0	159.0	3.18	5.27
7790.0	160.0	9.64	5.15
7790.0	161.0	-1.67	0.89
7790.0	162.0	11.72	6.08
7800.0	159.0	4.17	5.24
7800.0	160.0	8.54	4.92
7800.0	161.0	-0.69	1.40
7800.0	162.0	10.57	6.15
7810.0	159.0	5.29	5.23
7810.0	160.0	7.51	4.68
7810.0	161.0	0.35	1.84
7810.0	162.0	9.34	6.25
7810.0	163.0	12.29	5.16
7820.0	159.0	6.30	5.26
7820.0	160.0	6.63	4.40
7820.0	161.0	1.41	2.23
7820.0	162.0	8.11	6.34
7820.0	163.0	11.09	4.81
7820.0	164.0	-2.88	4.74
7830.0	159.0	7.36	5.24
7830.0	160.0	5.51	4.05
7830.0	161.0	2.47	2.63
7830.0	162.0	6.90	6.33
7830.0	163.0	10.07	4.46
7830.0	164.0	-1.56	4.40
7840.0	159.0	8.32	5.31
7840.0	160.0	4.49	3.78
7840.0	161.0	3.62	2.89
7840.0	162.0	5.69	6.29
7840.0	163.0	8.56	4.23
7840.0	164.0	-0.42	4.17
7850.0	159.0	9.37	5.38
7850.0	160.0	3.46	3.67
7850.0	161.0	4.69	3.00
7850.0	162.0	4.46	6.32
7850.0	163.0	7.34	4.24
7850.0	164.0	0.92	4.17
7860.0	159.0	10.44	5.49
7860.0	160.0	2.49	3.36
7860.0	161.0	5.84	3.25
7860.0	162.0	3.27	6.41
7860.0	163.0	6.21	4.07
7860.0	164.0	2.29	4.31
7860.0	166.0	-1.77	0.26
7870.0	159.0	11.52	5.60
7870.0	160.0	1.48	3.15
7870.0	161.0	7.00	3.52
7870.0	162.0	2.10	6.50
7870.0	163.0	5.07	3.85
7870.0	164.0	3.56	4.61
7870.0	166.0	-0.72	1.00
7870.0	167.0	12.54	4.31
7880.0	159.0	12.53	5.69
7880.0	160.0	0.57	2.94
7880.0	161.0	8.09	3.93
7880.0	162.0	0.96	6.66
7880.0	163.0	4.00	3.64
7880.0	164.0	4.76	4.89
7880.0	166.0	0.33	1.53
7880.0	167.0	11.66	3.83
7890.0	160.0	-0.52	2.66
7890.0	161.0	9.18	4.40
7890.0	162.0	-0.25	6.82
7890.0	163.0	2.88	3.44
7890.0	164.0	5.97	5.10
7890.0	166.0	1.46	2.16
7890.0	167.0	10.78	3.48
7900.0	160.0	-1.60	2.59
7900.0	161.0	10.34	4.77
7900.0	162.0	-1.44	6.92
7900.0	163.0	1.83	3.11
7900.0	164.0	7.07	5.10
7900.0	166.0	2.74	2.65
7900.0	167.0	9.70	3.23
7910.0	160.0	-2.74	2.61
7910.0	161.0	11.40	5.20
7910.0	162.0	-2.49	6.89
7910.0	163.0	0.80	2.64
7910.0	164.0	8.33	5.20
7910.0	166.0	3.90	3.07
7910.0	167.0	8.75	3.25
7920.0	160.0	-3.88	2.77
7920.0	161.0	12.48	5.53
7920.0	162.0	-3.69	6.98
7920.0	163.0	-0.17	2.10
7920.0	164.0	9.57	5.25
7920.0	166.0	5.05	3.47
7920.0	167.0	7.56	2.88
7930.0	160.0	-4.63	3.06
7930.0	161.0	13.47	5.74
7930.0	162.0	-4.76	6.88
7930.0	163.0	-0.97	1.63
7930.0	164.0	10.83	5.26
7930.0	166.0	6.31	3.80
7930.0	167.0	6.60	2.75
7940.0	163.0	-1.91	0.62
7940.0	164.0	12.13	5.28
7940.0	166.0	7.56	4.02
7940.0	167.0	5.70	2.64
7950.0	163.0	-2.63	-0.20
7950.0	164.0	13.26	5.64
7950.0	166.0	8.83	4.27
7950.0	167.0	4.64	2.59
7960.0	166.0	10.13	4.53
7960.0	167.0	3.77	2.41
7970.0	166.0	11.38	4.80
7970.0	167.0	2.88	2.30
7980.0	166.0	12.60	5.06
7980.0	167.0	1.77	1.98
8090.0	168.0	7.09	2.86
8100.0	168.0	5.80	2.73
8110.0	168.0	4.62	2.68
8120.0	168.0	3.40	2.76
8120.0	169.0	-2.42	4.99
8120.0	170.0	-2.04	0.21
8120.0	171.0	-0.68	8.40
8130.0	168.0	2.28	2.86
8130.0	169.0	-1.31	5.14
8130.0	170.0	-1.28	0.73
8130.0	171.0	-0.71	8.35
8140.0	168.0	1.22	2.78
8140.0	169.0	0.13	5.18
8140.0	170.0	-0.39	1.20
8140.0	171.0	-0.91	8.42
8150.0	168.0	0.14	2.60
8150.0	169.0	1.42	5.32
8150.0	170.0	0.52	1.64
8150.0	171.0	-1.08	8.47
8150.0	172.0	-1.90	0.09
8160.0	168.0	-1.03	2.03
8160.0	169.0	2.69	5.42
8160.0	170.0	1.42	2.07
8160.0	171.0	-1.24	8.36
8160.0	172.0	-1.01	0.97
8170.0	168.0	-1.40	1.81
8170.0	169.0	3.98	5.52
8170.0	170.0	2.36	2.53
8170.0	171.0	-1.53	8.27
8170.0	172.0	-0.15	1.51
8180.0	169.0	5.30	5.58
8180.0	170.0	3.21	3.01
8180.0	171.0	-1.87	8.41
8180.0	172.0	0.84	1.98
8190.0	169.0	6.57	5.69
8190.0	170.0	4.04	3.44
8190.0	171.0	-1.91	8.44
8190.0	172.0	1.80	2.43
8200.0	169.0	7.85	5.73
8200.0	170.0	4.94	3.81
8200.0	171.0	-2.31	8.41
8200.0	172.0	2.82	2.87
8210.0	169.0	9.21	5.70
8210.0	170.0	5.87	4.15
8210.0	171.0	-2.66	8.63
8210.0	172.0	3.96	3.20
8220.0	169.0	10.50	5.65
8220.0	170.0	6.95	4.31
8220.0	171.0	-2.66	8.63
8220.0	172.0	4.96	3.54
8230.0	169.0	11.79	5.58
8230.0	170.0	7.98	4.49
8230.0	171.0	-2.66	8.63
8230.0	172.0	6.06	3.88
8230.0	173.0	-2.80	5.27
8240.0	169.0	13.25	5.68
8240.0	170.0	9.07	4.73
8240.0	171.0	-2.66	8.63
8240.0	172.0	7.14	4.17
8240.0	173.0	-1.70	5.23
8250.0	170.0	10.33	4.92
8250.0	171.0	-2.69	8.56
8250.0	172.0	8.22	4.38
8250.0	173.0	-0.48	5.43
8260.0	170.0	11.45	5.10
8260.0	171.0	-2.69	8.52
8260.0	172.0	9.31	4.57
8260.0	173.0	0.71	5.43
8270.0	170.0	12.62	5.21
8270.0	171.0	-2.39	8.73
8270.0	172.0	10.36	4.77
8270.0	173.0	1.93	5.53
8280.0	170.0	13.68	5.47
8280.0	171.0	-2.10	8.77
8280.0	172.0	11.45	4.96
8280.0	173.0	3.02	5.67
8290.0	171.0	-1.72	8.74
8290.0	172.0	12.54	5.23
8290.0	173.0	4.12	5.72
8290.0	174.0	-3.14	13.21
8290.0	175.0	-1.98	0.10
8300.0	171.0	-1.55	8.62
8300.0	172.0	13.91	5.62
8300.0	173.0	5.35	5.77
8300.0	174.0	-2.68	12.24
8300.0	175.0	-1.19	0.75
8310.0	171.0	-1.52	8.59
8310.0	173.0	6.55	5.79
8310.0	174.0	-2.10	11.41
8310.0	175.0	-0.37	1.29
8320.0	171.0	-1.52	8.59
8320.0	173.0	7.75	5.71
8320.0	174.0	-1.38	10.59
8320.0	175.0	0.53	1.70
8330.0	171.0	-1.52	8.59
8330.0	173.0	8.97	5.52
8330.0	174.0	-0.71	10.15
8330.0	175.0	1.50	2.13
8340.0	171.0	-1.52	8.59
8340.0	173.0	10.17	5.31
8340.0	174.0	0.08	9.64
8340.0	175.0	2.40	2.45
8350.0	171.0	-1.52	8.59
8350.0	173.0	11.38	5.12
8350.0	174.0	0.99	9.20
8350.0	175.0	3.47	2.82
8360.0	171.0	-1.52	8.59
8360.0	173.0	12.68	5.13
8360.0	174.0	2.17	8.84
8360.0	175.0	4.44	3.03
8370.0	171.0	-1.97	8.35
8370.0	174.0	3.15	8.54
8370.0	175.0	5.39	3.23
8370.0	176.0	12.82	5.69
8370.0	177.0	-1.24	7.06
8370.0	178.0	-1.79	5.43
8370.0	179.0	-1.54	4.23
8380.0	171.0	-2.04	8.35
8380.0	174.0	4.14	8.31
8380.0	175.0	6.43	3.44
8380.0	176.0	11.27	6.07
8380.0	177.0	-0.11	7.14
8380.0	178.0	-0.72	5.46
8380.0	179.0	-0.56	4.22
8390.0	171.0	-2.41	8.33
8390.0	174.0	5.20	8.09
8390.0	175.0	7.47	3.70
8390.0	176.0	9.83	6.14
8390.0	177.0	0.92	7.19
8390.0	178.0	0.28	5.46
8390.0	179.0	0.45	4.27
8400.0	171.0	-2.62	8.16
8400.0	174.0	6.25	7.82
8400.0	175.0	8.48	4.00
8400.0	176.0	8.42	6.28
8400.0	177.0	2.06	7.24
8400.0	178.0	1.40	5.47
8400.0	179.0	1.42	4.34
8400.0	180.0	-0.79	4.28
8400.0	181.0	-1.11	4.92
8400.0	182.0	-1.33	5.83
8400.0	183.0	-2.06	6.50
8400.0	184.0	-1.68	7.01
8410.0	171.0	-2.83	7.99
8410.0	174.0	7.27	7.53
8410.0	175.0	9.50	4.38
8410.0	176.0	7.06	6.38
8410.0	177.0	3.08	7.36
8410.0	178.0	2.42	5.57
8410.0	179.0	2.42	4.42
8410.0	180.0	0.23	4.24
8410.0	181.0	-0.09	4.80
8410.0	182.0	-0.03	5.90
8410.0	183.0	-0.98	6.49
8410.0	184.0	-0.46	7.21
8420.0	171.0	-2.83	7.99
8420.0	174.0	8.28	7.22
8420.0	175.0	10.48	4.72
8420.0	176.0	5.67	6.53
8420.0	177.0	4.15	7.47
8420.0	178.0	3.55	5.63
8420.0	179.0	3.43	4.46
8420.0	180.0	1.22	4.26
8420.0	181.0	0.91	4.81
8420.0	182.0	1.21	5.92
8420.0	183.0	0.29	6.39
8420.0	184.0	0.72	7.33
8430.0	171.0	-2.83	7.99
8430.0	174.0	9.31	6.83
8430.0	175.0	11.54	4.97
8430.0	176.0	4.37	6.71
8430.0	177.0	5.17	7.41
8430.0	178.0	4.58	5.61
8430.0	179.0	4.53	4.53
8430.0	180.0	2.26	4.23
8430.0	181.0	2.02	4.73
8430.0	182.0	2.48	5.89
8430.0	183.0	1.54	6.23
8430.0	184.0	1.91	7.52
8440.0	171.0	-2.83	7.99
8440.0	174.0	10.33	6.48
8440.0	175.0	12.66	5.20
8440.0	176.0	2.98	6.81
8440.0	177.0	6.25	7.24
8440.0	178.0	5.67	5.64
8440.0	179.0	5.58	4.65
8440.0	180.0	3.33	4.17
8440.0	181.0	3.16	4.62
8440.0	182.0	3.76	5.87
8440.0	183.0	2.83	6.14
8440.0	184.0	3.17	7.73
8450.0	171.0	-2.83	7.99
8450.0	174.0	11.32	6.16
8450.0	175.0	14.15	5.64
8450.0	176.0	1.54	6.74
8450.0	177.0	7.26	7.14
8450.0	178.0	6.70	5.60
8450.0	179.0	6.70	4.83
8450.0	180.0	4.28	4.22
8450.0	181.0	4.12	4.66
8450.0	182.0	5.00	5.88
8450.0	183.0	4.15	6.25
8450.0	184.0	4.47	7.71
8460.0	171.0	-2.91	8.04
8460.0	174.0	12.18	5.82
8460.0	176.0	0.27	6.65
8460.0	177.0	8.32	7.10
8460.0	178.0	7.77	5.57
8460.0	179.0	7.70	4.91
8460.0	180.0	5.27	4.20
8460.0	181.0	5.12	4.68
8460.0	182.0	6.21	5.92
8460.0	183.0	5.43	6.38
8460.0	184.0	5.70	7.52
8460.0	185.0	-1.98	6.40
8460.0	186.0	-3.14	7.07
8460.0	187.0	-2.98	8.82
8460.0	188.0	-2.80	9.50
8470.0	171.0	-2.92	8.02
8470.0	174.0	13.11	5.66
8470.0	176.0	-0.92	6.69
8470.0	177.0	9.36	7.15
8470.0	178.0	8.78	5.56
8470.0	179.0	8.68	4.94
8470.0	180.0	6.26	4.23
8470.0	181.0	6.11	4.70
8470.0	182.0	7.42	5.96
8470.0	183.0	6.66	6.40
8470.0	184.0	6.90	7.38
8470.0	185.0	-1.15	6.14
8470.0	186.0	-2.18	7.19
8470.0	187.0	-2.01	8.65
8470.0	188.0	-1.84	9.34
8480.0	171.0	-3.01	8.06
8480.0	176.0	-2.37	6.69
8480.0	177.0	10.52	6.88
8480.0	178.0	9.87	5.58
8480.0	179.0	9.80	4.83
8480.0	180.0	7.39	4.30
8480.0	181.0	7.14	4.77
8480.0	182.0	8.66	6.07
8480.0	183.0	7.81	6.44
8480.0	184.0	8.14	7.33
8480.0	185.0	0.02	5.85
8480.0	186.0	-0.95	7.39
8480.0	187.0	-1.04	8.39
8480.0	188.0	-0.83	9.14
8480.0	189.0	11.99	7.34
8490.0	171.0	-3.05	8.05
8490.0	176.0	-3.57	6.90
8490.0	177.0	11.68	6.59
8490.0	178.0	10.88	5.67
8490.0	179.0	10.94	4.80
8490.0	180.0	8.47	4.33
8490.0	181.0	8.20	4.81
8490.0	182.0	9.93	6.18
8490.0	183.0	9.01	6.45
8490.0	184.0	9.35	7.23
8490.0	185.0	1.02	6.01
8490.0	186.0	0.19	7.20
8490.0	187.0	-0.05	8.14
8490.0	188.0	0.15	8.94
8490.0	189.0	10.63	7.83
8490.0	190.0	-2.64	3.35
8500.0	171.0	-3.05	8.05
8500.0	177.0	12.86	6.35
8500.0	178.0	11.88	5.74
8500.0	179.0	11.91	4.88
8500.0	180.0	9.47	4.39
8500.0	181.0	9.20	4.89
8500.0	182.0	11.06	6.20
8500.0	183.0	10.17	6.40
8500.0	184.0	10.44	7.22
8500.0	185.0	2.15	5.94
8500.0	186.0	1.29	6.99
8500.0	187.0	0.89	7.95
8500.0	188.0	1.14	8.69
8500.0	189.0	9.12	7.55
8500.0	190.0	-1.35	3.64
8510.0	171.0	-3.05	8.05
8510.0	178.0	13.00	5.78
8510.0	179.0	12.70	5.01
8510.0	180.0	10.47	4.50
8510.0	181.0	10.22	4.99
8510.0	182.0	12.20	6.11
8510.0	183.0	11.17	6.28
8510.0	184.0	11.72	6.94
8510.0	185.0	3.17	6.00
8510.0	186.0	2.35	6.75
8510.0	187.0	2.01	7.83
8510.0	188.0	2.08	8.50
8510.0	189.0	7.59	6.74
8510.0	190.0	-0.31	3.89
8510.0	191.0	1.19	1.87
8520.0	171.0	-3.05	8.05
8520.0	179.0	13.55	5.28
8520.0	180.0	11.43	4.61
8520.0	181.0	11.18	5.09
8520.0	182.0	13.05	6.11
8520.0	183.0	12.04	6.12
8520.0	184.0	12.53	6.79
8520.0	185.0	4.21	6.10
8520.0	186.0	3.23	6.56
8520.0	187.0	3.04	7.62
8520.0	188.0	3.08	8.22
8520.0	189.0	5.78	5.51
8520.0	190.0	0.67	4.18
8520.0	191.0	2.39	2.30
8530.0	171.0	-3.05	8.05
8530.0	180.0	12.24	4.79
8530.0	181.0	12.00	5.30
8530.0	183.0	12.85	5.96
8530.0	184.0	13.36	6.75
8530.0	185.0	5.29	6.07
8530.0	186.0	4.05	6.39
8530.0	187.0	3.97	7.38
8530.0	188.0	4.02	8.07
8530.0	189.0	3.79	4.20
8530.0	190.0	1.69	4.50
8530.0	191.0	3.36	2.52
8540.0	171.0	-3.05	8.05
8540.0	180.0	12.96	4.89
8540.0	181.0	12.69	5.47
8540.0	183.0	13.99	5.71
8540.0	185.0	6.44	5.97
8540.0	186.0	5.06	6.38
8540.0	187.0	4.85	7.25
8540.0	188.0	5.05	7.85
8540.0	189.0	1.63	3.01
8540.0	190.0	2.78	4.77
8540.0	191.0	4.69	2.92
8550.0	171.0	-2.60	8.07
8550.0	180.0	13.37	4.96
8550.0	181.0	13.47	5.74
8550.0	185.0	7.46	5.73
8550.0	186.0	6.15	6.07
8550.0	187.0	5.81	7.03
8550.0	188.0	6.02	7.58
8550.0	189.0	-0.52	1.78
8550.0	190.0	3.83	4.90
8550.0	191.0	5.89	3.18
8560.0	171.0	-2.51	7.78
8560.0	185.0	8.58	5.61
8560.0	186.0	7.14	5.80
8560.0	187.0	6.75	6.83
8560.0	188.0	6.96	7.36
8560.0	189.0	-2.55	0.26
8560.0	190.0	4.86	5.01
8560.0	191.0	7.10	3.34
8570.0	171.0	-2.38	7.73
8570.0	185.0	9.71	5.55
8570.0	186.0	8.05	5.51
8570.0	187.0	7.64	6.68
8570.0	188.0	7.87	7.16
8570.0	189.0	-4.58	-1.35
8570.0	190.0	5.92	5.15
8570.0	191.0	8.26	3.53
8580.0	171.0	-1.91	7.79
8580.0	185.0	10.78	5.64
8580.0	186.0	8.92	5.48
8580.0	187.0	8.54	6.50
8580.0	188.0	8.96	7.12
8580.0	190.0	6.92	5.25
8580.0	191.0	9.45	4.04
8590.0	171.0	-1.54	7.72
8590.0	185.0	11.92	5.71
8590.0	186.0	9.79	5.34
8590.0	187.0	9.42	6.35
8590.0	188.0	9.86	6.97
8590.0	190.0	7.93	5.35
8590.0	191.0	10.66	4.32
8600.0	171.0	-1.04	7.80
8600.0	185.0	13.06	5.59
8600.0	186.0	10.60	5.04
8600.0	187.0	10.28	6.21
8600.0	188.0	10.74	6.82
8600.0	190.0	8.98	5.40
8600.0	191.0	11.74	4.72
8610.0	171.0	-0.62	7.82
8610.0	186.0	11.45	5.10
8610.0	187.0	11.07	6.04
8610.0	188.0	11.51	6.66
8610.0	190.0	9.94	5.50
8610.0	191.0	12.86	5.08
8620.0	171.0	-0.16	7.77
8620.0	186.0	12.30	4.95
8620.0	187.0	11.79	5.96
8620.0	188.0	12.22	6.55
8620.0	190.0	10.73	5.55
8620.0	191.0	13.31	5.34
8630.0	171.0	0.28	7.86
8640.0	171.0	0.67	7.80
8650.0	171.0	1.02	7.75
8660.0	171.0	1.44	7.87
8670.0	171.0	1.86	7.85
8680.0	171.0	2.22	7.89
8690.0	171.0	2.60	8.01
8700.0	171.0	3.04	7.99
8710.0	171.0	3.50	8.06
8710.0	192.0	9.83	7.07
8710.0	193.0	9.74	7.75
8720.0	171.0	3.94	8.17
8720.0	192.0	8.82	7.21
8720.0	193.0	8.73	7.90
8730.0	171.0	4.33	8.23
8730.0	192.0	7.80	7.32
8730.0	193.0	7.75	7.99
8740.0	171.0	4.73	8.38
8740.0	192.0	6.80	7.29
8740.0	193.0	6.75	7.95
8750.0	171.0	5.04	8.46
8750.0	192.0	5.80	7.18
8750.0	193.0	5.75	7.85
8760.0	171.0	5.33	8.54
8760.0	192.0	4.79	7.14
8760.0	193.0	4.79	7.82
8770.0	171.0	5.87	8.60
8770.0	192.0	3.77	7.22
8770.0	193.0	3.77	7.91
8780.0	171.0	6.27	8.50
8780.0	192.0	2.79	7.46
8780.0	193.0	2.79	8.16
8790.0	171.0	6.70	8.40
8790.0	192.0	1.76	7.90
8790.0	193.0	1.80	8.45
8800.0	171.0	6.96	8.40
8800.0	192.0	0.88	8.36
8800.0	193.0	1.34	9.10
8810.0	171.0	6.96	8.40
8810.0	192.0	0.03	8.91
8810.0	193.0	0.53	9.50
8820.0	171.0	7.20	7.95
8830.0	171.0	7.23	7.85
8840.0	171.0	7.23	7.85
8850.0	171.0	7.23	7.85
8860.0	171.0	7.23	7.85
8860.0	194.0	0.46	4.97
8870.0	171.0	7.20	7.88
8870.0	194.0	1.56	5.01
8880.0	171.0	7.07	7.94
8880.0	194.0	2.66	5.00
8890.0	171.0	6.81	7.86
8890.0	194.0	3.73	5.04
8890.0	195.0	12.71	4.95
8900.0	171.0	6.51	7.74
8900.0	194.0	4.86	5.11
8900.0	195.0	11.82	4.59
8900.0	196.0	13.43	5.21
8910.0	171.0	6.16	7.76
8910.0	194.0	6.05	5.10
8910.0	195.0	10.96	4.34
8910.0	196.0	12.66	5.11
8910.0	197.0	12.43	6.04
8920.0	171.0	5.78	7.73
8920.0	194.0	7.16	5.12
8920.0	195.0	9.86	4.25
8920.0	196.0	11.82	4.85
8920.0	197.0	11.50	6.03
8930.0	171.0	5.40	7.69
8930.0	194.0	8.16	5.15
8930.0	195.0	9.11	4.13
8930.0	196.0	10.98	4.75
8930.0	197.0	10.81	5.80
8930.0	198.0	12.76	6.28
8940.0	171.0	4.99	7.72
8940.0	194.0	8.86	5.52
8940.0	195.0	8.16	3.99
8940.0	196.0	10.18	4.55
8940.0	197.0	10.28	5.52
8940.0	198.0	11.83	6.52
8940.0	199.0	-1.31	4.48
8940.0	200.0	13.26	5.37
8950.0	171.0	4.59	7.71
8950.0	194.0	9.47	5.91
8950.0	195.0	7.27	3.93
8950.0	196.0	9.41	4.41
8950.0	197.0	9.80	5.22
8950.0	198.0	10.89	6.90
8950.0	199.0	-0.13	4.59
8950.0	200.0	12.39	4.74
8960.0	171.0	4.13	7.78
8960.0	194.0	10.35	6.00
8960.0	195.0	6.39	3.81
8960.0	196.0	8.72	4.26
8960.0	197.0	8.97	4.98
8960.0	198.0	9.99	7.22
8960.0	199.0	1.08	4.71
8960.0	200.0	11.65	4.30
8960.0	201.0	12.01	6.94
8970.0	171.0	3.73	7.92
8970.0	194.0	11.31	5.95
8970.0	195.0	5.51	3.66
8970.0	196.0	7.99	4.03
8970.0	197.0	8.18	4.88
8970.0	198.0	9.05	7.33
8970.0	199.0	2.28	4.86
8970.0	200.0	10.84	3.93
8970.0	201.0	10.89	7.38
8970.0	202.0	12.87	5.37
8970.0	203.0	12.86	4.81
8980.0	171.0	3.30	7.97
8980.0	194.0	12.44	6.02
8980.0	195.0	4.64	3.51
8980.0	196.0	7.20	3.96
8980.0	197.0	7.24	4.80
8980.0	198.0	8.09	7.41
8980.0	199.0	3.45	5.07
8980.0	200.0	10.01	3.66
8980.0	201.0	9.92	7.71
8980.0	202.0	11.94	5.24
8980.0	203.0	12.03	4.64
8990.0	171.0	2.87	8.04
8990.0	195.0	3.69	3.38
8990.0	196.0	6.39	3.77
8990.0	197.0	6.35	4.58
8990.0	198.0	7.10	7.47
8990.0	199.0	4.64	5.32
8990.0	200.0	9.19	3.51
8990.0	201.0	8.79	8.03
8990.0	202.0	11.07	5.14
8990.0	203.0	11.17	4.48
8990.0	204.0	-2.58	4.48
8990.0	205.0	13.12	4.75
9000.0	171.0	2.42	8.16
9000.0	195.0	2.82	3.19
9000.0	196.0	5.50	3.53
9000.0	197.0	5.42	4.35
9000.0	198.0	6.15	7.57
9000.0	199.0	5.85	5.49
9000.0	200.0	8.21	3.32
9000.0	201.0	7.68	8.20
9000.0	202.0	10.18	5.01
9000.0	203.0	10.29	4.30
9000.0	204.0	-1.45	4.70
9000.0	205.0	11.82	4.28
9010.0	171.0	1.97	8.24
9010.0	195.0	1.98	2.77
9010.0	196.0	4.65	3.36
9010.0	197.0	4.42	4.20
9010.0	198.0	5.19	7.76
9010.0	199.0	7.05	5.63
9010.0	200.0	7.32	3.14
9010.0	201.0	6.53	8.51
9010.0	202.0	9.25	4.81
9010.0	203.0	9.37	4.01
9010.0	204.0	-0.25	4.82
9010.0	205.0	10.66	3.65
9020.0	171.0	1.52	8.35
9020.0	195.0	1.20	2.43
9020.0	196.0	3.73	3.12
9020.0	197.0	3.50	4.00
9020.0	198.0	4.25	8.04
9020.0	199.0	8.23	5.61
9020.0	200.0	6.36	2.90
9020.0	201.0	5.63	8.76
9020.0	202.0	8.31	4.64
9020.0	203.0	8.41	3.97
9020.0	204.0	0.76	5.02
9020.0	205.0	9.57	3.33
9020.0	206.0	-1.57	4.84
9030.0	171.0	1.15	8.41
9030.0	195.0	0.29	2.04
9030.0	196.0	2.76	2.95
9030.0	197.0	2.60	3.85
9030.0	198.0	3.32	8.27
9030.0	199.0	9.46	5.64
9030.0	200.0	5.20	2.65
9030.0	201.0	4.60	8.51
9030.0	202.0	7.37	4.49
9030.0	203.0	7.47	3.84
9030.0	204.0	1.95	5.38
9030.0	205.0	8.36	2.95
9030.0	206.0	-0.34	4.96
9040.0	171.0	0.74	8.37
9040.0	195.0	-0.52	1.69
9040.0	196.0	1.92	2.82
9040.0	197.0	1.68	3.68
9040.0	198.0	2.38	8.53
9040.0	199.0	10.63	5.64
9040.0	200.0	4.46	2.60
9040.0	201.0	3.62	7.93
9040.0	202.0	6.38	4.37
9040.0	203.0	6.52	3.69
9040.0	204.0	3.06	5.65
9040.0	205.0	7.22	2.79
9040.0	206.0	0.89	5.11
9050.0	171.0	0.31	8.36
9050.0	195.0	-1.13	1.29
9050.0	196.0	1.01	2.52
9050.0	197.0	0.78	3.47
9050.0	198.0	1.45	8.79
9050.0	199.0	11.92	5.64
9050.0	200.0	3.55	2.53
9050.0	201.0	2.51	7.50
9050.0	202.0	5.48	4.18
9050.0	203.0	5.62	3.53
9050.0	204.0	4.25	5.74
9050.0	205.0	5.95	2.54
9050.0	206.0	2.07	5.25
9050.0	207.0	-2.81	5.16
9060.0	171.0	-0.14	8.31
9060.0	195.0	-2.00	0.59
9060.0	196.0	0.07	2.20
9060.0	197.0	-0.11	3.23
9060.0	198.0	0.60	9.10
9060.0	200.0	2.91	2.39
9060.0	201.0	1.34	7.24
9060.0	202.0	4.55	4.11
9060.0	203.0	4.64	3.37
9060.0	204.0	5.39	5.76
9060.0	205.0	4.74	2.34
9060.0	206.0	3.31	5.29
9060.0	207.0	-1.77	5.10
9070.0	171.0	-0.58	8.25
9070.0	195.0	-2.64	0.11
9070.0	196.0	-0.89	1.79
9070.0	197.0	-0.93	2.87
9070.0	198.0	-0.30	9.53
9070.0	200.0	1.96	2.13
9070.0	201.0	0.03	7.06
9070.0	202.0	3.60	3.97
9070.0	203.0	3.69	3.21
9070.0	204.0	6.54	5.69
9070.0	205.0	3.50	1.98
9070.0	206.0	4.55	5.22
9070.0	207.0	-0.85	5.10
9080.0	171.0	-1.01	8.35
9080.0	195.0	-3.50	-0.44
9080.0	196.0	-1.65	1.35
9080.0	197.0	-1.75	2.32
9080.0	198.0	-1.09	10.05
9080.0	200.0	1.05	1.86
9080.0	201.0	-1.12	6.97
9080.0	202.0	2.63	3.87
9080.0	203.0	2.68	3.11
9080.0	204.0	7.73	5.64
9080.0	205.0	2.60	1.82
9080.0	206.0	5.69	5.14
9080.0	207.0	0.24	5.10
9080.0	208.0	-3.33	4.78
9090.0	171.0	-1.36	8.51
9090.0	195.0	-4.04	-1.06
9090.0	196.0	-2.33	0.88
9090.0	197.0	-3.09	1.52
9090.0	198.0	-1.86	10.49
9090.0	200.0	0.18	1.55
9090.0	201.0	-2.46	7.17
9090.0	202.0	1.70	3.68
9090.0	203.0	1.74	2.96
9090.0	204.0	8.89	5.61
9090.0	205.0	1.55	1.45
9090.0	206.0	6.89	5.11
9090.0	207.0	1.45	5.11
9090.0	208.0	-2.39	4.89
9090.0	209.0	-3.41	-1.97
9100.0	171.0	-1.50	8.50
9100.0	195.0	-4.60	-1.81
9100.0	196.0	-2.92	0.35
9100.0	197.0	-3.83	0.91
9100.0	198.0	-2.62	11.08
9100.0	200.0	-0.66	1.36
9100.0	201.0	-3.69	7.19
9100.0	202.0	0.75	3.61
9100.0	203.0	0.81	2.87
9100.0	204.0	10.10	5.57
9100.0	205.0	0.99	1.34
9100.0	206.0	8.10	5.10
9100.0	207.0	2.53	5.13
9100.0	208.0	-1.01	4.91
9100.0	209.0	-2.50	-0.82
9110.0	171.0	-2.08	8.54
9110.0	196.0	-3.59	-0.24
9110.0	197.0	-4.47	0.28
9110.0	200.0	-1.50	0.99
9110.0	201.0	-4.75	7.13
9110.0	202.0	-0.30	3.51
9110.0	203.0	-0.16	2.72
9110.0	204.0	11.24	5.58
9110.0	205.0	-0.20	1.13
9110.0	206.0	9.21	5.16
9110.0	207.0	3.62	5.20
9110.0	208.0	0.17	4.87
9110.0	209.0	-1.85	-0.27
9110.0	210.0	-3.15	5.55
9110.0	211.0	-3.28	4.75
9120.0	171.0	-2.41	8.59
9120.0	200.0	-2.34	0.54
9120.0	201.0	-5.84	6.95
9120.0	202.0	-1.29	3.40
9120.0	203.0	-1.04	2.62
9120.0	204.0	12.41	5.50
9120.0	205.0	-1.09	0.97
9120.0	206.0	10.44	5.22
9120.0	207.0	4.74	5.32
9120.0	208.0	1.36	4.91
9120.0	209.0	-0.83	0.28
9120.0	210.0	-2.09	5.54
9120.0	211.0	-2.24	4.74
9130.0	171.0	-2.81	8.43
9130.0	202.0	-2.30	3.29
9130.0	203.0	-2.24	2.57
9130.0	204.0	13.77	5.49
9130.0	206.0	11.73	5.24
9130.0	207.0	5.88	5.36
9130.0	208.0	2.57	4.97
9130.0	209.0	0.29	0.83
9130.0	210.0	-0.97	5.66
9130.0	211.0	-1.40	4.87
9140.0	171.0	-2.89	8.55
9140.0	202.0	-3.23	3.22
9140.0	203.0	-3.08	2.50
9140.0	206.0	12.91	5.28
9140.0	207.0	7.21	5.41
9140.0	208.0	3.66	4.93
9140.0	209.0	1.17	1.58
9140.0	210.0	0.14	5.73
9140.0	211.0	-0.08	4.83
9150.0	171.0	-2.93	8.65
9150.0	207.0	8.34	5.45
9150.0	208.0	4.88	4.93
9150.0	209.0	2.26	2.27
9150.0	210.0	1.18	5.80
9150.0	211.0	1.03	4.88
9160.0	171.0	-2.98	8.75
9160.0	207.0	9.48	5.36
9160.0	208.0	5.99	5.07
9160.0	209.0	3.45	2.88
9160.0	210.0	2.19	5.89
9160.0	211.0	2.07	4.95
9170.0	171.0	-2.98	8.75
9170.0	207.0	10.65	5.35
9170.0	208.0	7.06	5.27
9170.0	209.0	4.62	3.30
9170.0	210.0	3.25	5.95
9170.0	211.0	3.10	5.03
9180.0	171.0	-2.96	8.42
9180.0	207.0	11.71	5.24
9180.0	208.0	8.25	5.37
9180.0	209.0	5.86	3.74
9180.0	210.0	4.27	5.96
9180.0	211.0	4.17	5.04
9190.0	171.0	-2.96	8.42
9190.0	207.0	12.68	5.03
9190.0	208.0	9.36	5.28
9190.0	209.0	7.10	4.03
9190.0	210.0	5.36	6.04
9190.0	211.0	5.19	5.17
9200.0	171.0	-3.31	8.09
9200.0	207.0	13.60	4.99
9200.0	208.0	10.52	5.17
9200.0	209.0	8.37	4.34
9200.0	210.0	6.53	6.23
9200.0	211.0	6.25	5.27
9200.0	212.0	12.68	6.64
9210.0	171.0	-3.38	8.03
9210.0	208.0	11.64	5.01
9210.0	209.0	9.62	4.58
9210.0	210.0	7.54	6.33
9210.0	211.0	7.25	5.30
9210.0	212.0	11.60	7.02
9210.0	213.0	12.89	6.34
9210.0	214.0	13.32	5.77
9220.0	171.0	-3.38	8.03
9220.0	208.0	12.82	5.00
9220.0	209.0	10.82	4.84
9220.0	210.0	8.46	6.37
9220.0	211.0	8.31	5.33
9220.0	212.0	10.60	7.32
9220.0	213.0	11.86	6.49
9220.0	214.0	12.02	6.05
9230.0	171.0	-3.87	7.94
9230.0	208.0	14.42	5.44
9230.0	209.0	12.14	5.09
9230.0	210.0	9.14	6.07
9230.0	211.0	9.30	5.26
9230.0	212.0	9.64	7.42
9230.0	213.0	10.62	6.83
9230.0	214.0	11.16	6.19
9240.0	171.0	-3.96	7.92
9240.0	209.0	13.32	5.31
9240.0	210.0	9.98	5.88
9240.0	211.0	10.37	5.22
9240.0	212.0	8.56	7.47
9240.0	213.0	9.46	6.88
9240.0	214.0	10.14	6.54
9250.0	171.0	-3.96	7.92
9250.0	210.0	10.97	5.82
9250.0	211.0	11.41	5.16
9250.0	212.0	7.50	7.54
9250.0	213.0	8.37	6.64
9250.0	214.0	9.07	6.61
9260.0	210.0	11.93	5.81
9260.0	211.0	12.51	5.09
9260.0	212.0	6.41	7.54
9260.0	213.0	7.26	6.40
9260.0	214.0	7.94	6.89
9270.0	210.0	12.79	5.58
9270.0	211.0	13.68	5.26
9270.0	212.0	5.36	7.57
9270.0	213.0	6.12	6.26
9270.0	214.0	6.63	7.21
9280.0	212.0	4.25	7.51
9280.0	213.0	5.02	6.11
9280.0	214.0	5.38	7.15
9290.0	212.0	3.18	7.51
9290.0	213.0	3.87	6.16
9290.0	214.0	4.06	7.02
9300.0	212.0	2.11	7.53
9300.0	213.0	2.70	6.24
9300.0	214.0	2.87	7.00
9300.0	215.0	10.78	6.43
9300.0	216.0	-4.26	8.11
9300.0	217.0	-6.49	5.93
9300.0	218.0	-6.57	4.94
9310.0	212.0	1.01	7.55
9310.0	213.0	1.55	6.23
9310.0	214.0	1.71	6.97
9310.0	215.0	9.71	6.27
9310.0	216.0	-3.98	8.01
9310.0	217.0	-5.23	5.72
9310.0	218.0	-5.53	4.76
9320.0	212.0	-0.06	7.58
9320.0	213.0	0.41	6.24
9320.0	214.0	0.57	7.00
9320.0	215.0	8.67	5.92
9320.0	216.0	-3.84	7.96
9320.0	217.0	-4.08	5.55
9320.0	218.0	-4.22	4.65
9330.0	212.0	-1.05	7.50
9330.0	213.0	-0.72	6.34
9330.0	214.0	-0.56	7.02
9330.0	215.0	7.68	5.41
9330.0	216.0	-3.31	8.21
9330.0	217.0	-2.85	5.38
9330.0	218.0	-3.01	4.55
9340.0	212.0	-1.90	7.47
9340.0	213.0	-1.83	6.38
9340.0	214.0	-1.73	7.15
9340.0	215.0	6.72	4.86
9340.0	216.0	-2.90	8.26
9340.0	217.0	-1.59	5.29
9340.0	218.0	-1.71	4.33
9350.0	212.0	-2.58	7.09
9350.0	213.0	-3.02	6.40
9350.0	214.0	-3.21	7.54
9350.0	215.0	5.80	4.25
9350.0	216.0	-2.79	8.41
9350.0	217.0	-0.46	5.44
9350.0	218.0	-0.46	4.34
9360.0	212.0	-3.61	7.14
9360.0	213.0	-4.07	6.45
9360.0	214.0	-4.26	7.54
9360.0	215.0	4.87	3.58
9360.0	216.0	-2.51	8.43
9360.0	217.0	0.84	5.40
9360.0	218.0	0.76	4.38
9370.0	215.0	3.89	3.04
9370.0	216.0	-2.23	8.46
9370.0	217.0	2.17	5.36
9370.0	218.0	1.95	4.43
9380.0	215.0	3.02	2.68
9380.0	216.0	-2.01	8.44
9380.0	217.0	3.38	5.35
9380.0	218.0	3.22	4.43
9390.0	215.0	2.10	2.34
9390.0	216.0	-1.86	8.34
9390.0	217.0	4.58	5.33
9390.0	218.0	4.43	4.40
9400.0	215.0	1.06	1.97
9400.0	216.0	-1.65	8.28
9400.0	217.0	5.81	5.36
9400.0	218.0	5.62	4.42
9400.0	219.0	-2.37	4.43
9400.0	220.0	12.45	4.75
9410.0	215.0	0.20	1.46
9410.0	216.0	-1.65	8.28
9410.0	217.0	7.03	5.48
9410.0	218.0	7.03	4.45
9410.0	219.0	-1.19	4.36
9410.0	220.0	11.20	4.34
9420.0	215.0	-0.59	0.93
9420.0	216.0	-1.65	8.28
9420.0	217.0	8.22	5.66
9420.0	218.0	8.27	4.58
9420.0	219.0	-0.09	4.40
9420.0	220.0	9.97	3.91
9420.0	221.0	-2.45	0.24
9430.0	215.0	-1.43	0.46
9430.0	216.0	-2.21	8.09
9430.0	217.0	9.47	5.82
9430.0	218.0	9.46	4.73
9430.0	219.0	1.03	4.50
9430.0	220.0	8.71	3.56
9430.0	221.0	-1.79	1.08
9440.0	215.0	-2.22	-0.28
9440.0	216.0	-2.21	8.09
9440.0	217.0	10.61	5.90
9440.0	218.0	10.67	4.86
9440.0	219.0	2.08	4.51
9440.0	220.0	7.50	3.33
9440.0	221.0	-0.74	1.72
9450.0	216.0	-2.23	8.18
9450.0	217.0	11.64	5.99
9450.0	218.0	11.78	5.03
9450.0	219.0	3.33	4.67
9450.0	220.0	6.29	3.09
9450.0	221.0	0.23	2.23
9460.0	216.0	-2.25	8.28
9460.0	217.0	12.52	6.05
9460.0	218.0	12.67	5.20
9460.0	219.0	4.52	4.75
9460.0	220.0	5.05	2.85
9460.0	221.0	1.23	2.66
9470.0	216.0	-2.25	8.28
9470.0	219.0	5.63	4.79
9470.0	220.0	3.87	2.64
9470.0	221.0	2.23	3.11
9480.0	216.0	-2.25	8.28
9480.0	219.0	6.76	4.84
9480.0	220.0	2.57	2.41
9480.0	221.0	3.23	3.50
9490.0	216.0	-2.25	8.28
9490.0	219.0	7.91	4.80
9490.0	220.0	1.38	2.20
9490.0	221.0	4.26	3.81
9500.0	216.0	-2.25	8.28
9500.0	219.0	9.02	4.66
9500.0	220.0	0.12	2.00
9500.0	221.0	5.31	3.97
9500.0	222.0	-3.28	-2.00
9510.0	216.0	-2.78	8.50
9510.0	219.0	10.16	4.49
9510.0	220.0	-1.06	1.68
9510.0	221.0	6.46	4.11
9510.0	222.0	-2.79	-1.06
9520.0	216.0	-2.81	8.44
9520.0	219.0	11.30	4.33
9520.0	220.0	-2.20	1.21
9520.0	221.0	7.67	4.19
9520.0	222.0	-2.05	-0.04
9530.0	216.0	-2.98	8.14
9530.0	219.0	12.45	4.39
9530.0	220.0	-3.16	0.42
9530.0	221.0	8.84	4.27
9530.0	222.0	-1.19	1.01
9530.0	223.0	-0.71	5.60
9530.0	224.0	-1.46	6.86
9540.0	216.0	-2.98	8.14
9540.0	219.0	13.57	4.79
9540.0	221.0	9.98	4.51
9540.0	222.0	-0.02	1.41
9540.0	223.0	0.37	5.63
9540.0	224.0	-0.24	6.75
9550.0	216.0	-3.27	8.07
9550.0	221.0	11.13	4.79
9550.0	222.0	1.08	1.84
9550.0	223.0	1.48	5.61
9550.0	224.0	0.86	6.77
9560.0	216.0	-3.27	8.07
9560.0	221.0	12.32	5.04
9560.0	222.0	2.37	2.27
9560.0	223.0	2.68	5.60
9560.0	224.0	1.92	6.97
9570.0	216.0	-3.27	8.07
9570.0	221.0	13.50	5.21
9570.0	222.0	3.65	2.61
9570.0	223.0	3.83	5.57
9570.0	224.0	2.97	6.99
9580.0	216.0	-3.27	8.07
9580.0	222.0	4.78	2.91
9580.0	223.0	4.94	5.51
9580.0	224.0	4.10	6.89
9590.0	216.0	-3.27	8.07
9590.0	222.0	6.02	3.29
9590.0	223.0	6.07	5.50
9590.0	224.0	5.21	6.79
9600.0	216.0	-3.27	8.07
9600.0	222.0	7.52	3.58
9600.0	223.0	7.32	5.55
9600.0	224.0	6.38	6.64
9610.0	216.0	-3.27	8.07
9610.0	222.0	8.82	3.86
9610.0	223.0	8.37	5.53
9610.0	224.0	7.44	6.53
9620.0	216.0	-3.27	8.07
9620.0	222.0	10.19	4.13
9620.0	223.0	9.47	5.48
9620.0	224.0	8.43	6.47
9620.0	226.0	12.81	6.56
9630.0	216.0	-3.27	8.07
9630.0	222.0	11.56	4.46
9630.0	223.0	10.53	5.45
9630.0	224.0	9.39	6.31
9630.0	226.0	11.73	6.86
9630.0	227.0	1.07	6.45
9630.0	228.0	0.95	7.09
9640.0	216.0	-3.27	8.07
9640.0	222.0	13.03	5.00
9640.0	223.0	11.65	5.43
9640.0	224.0	10.38	6.09
9640.0	226.0	10.65	7.09
9640.0	227.0	2.45	6.36
9640.0	228.0	2.30	7.03
9650.0	216.0	-3.61	7.93
9650.0	223.0	12.72	5.52
9650.0	224.0	11.38	5.91
9650.0	226.0	9.53	7.27
9650.0	227.0	3.72	6.29
9650.0	228.0	3.62	6.95
9660.0	216.0	-3.68	7.91
9660.0	226.0	8.38	7.46
9660.0	227.0	5.03	6.19
9660.0	228.0	5.00	6.83
9670.0	216.0	-3.78	7.90
9670.0	226.0	7.24	7.65
9670.0	227.0	6.30	6.11
9670.0	228.0	6.24	6.66
9680.0	216.0	-4.41	7.87
9680.0	226.0	6.08	7.73
9680.0	227.0	7.55	5.84
9680.0	228.0	7.43	6.53
9680.0	229.0	1.76	2.48
9680.0	230.0	-3.11	5.32
9680.0	231.0	-3.38	4.31
9690.0	216.0	-4.67	7.75
9690.0	226.0	4.94	7.74
9690.0	227.0	8.76	5.61
9690.0	228.0	8.72	6.49
9690.0	229.0	2.77	2.84
9690.0	230.0	-2.09	5.21
9690.0	231.0	-2.48	4.25
9700.0	216.0	-4.84	7.80
9700.0	226.0	3.78	7.66
9700.0	227.0	10.03	5.57
9700.0	228.0	10.04	6.37
9700.0	229.0	3.90	3.26
9700.0	230.0	-1.28	5.33
9700.0	231.0	-1.51	4.28
9710.0	216.0	-4.84	7.84
9710.0	226.0	2.61	7.56
9710.0	227.0	11.43	5.48
9710.0	228.0	11.43	6.26
9710.0	229.0	5.05	3.61
9710.0	230.0	-0.44	5.26
9710.0	231.0	-0.43	4.34
9720.0	216.0	-4.84	7.84
9720.0	226.0	1.48	7.43
9720.0	227.0	12.60	5.57
9720.0	228.0	12.72	6.18
9720.0	229.0	6.15	3.86
9720.0	230.0	0.45	5.28
9720.0	231.0	0.48	4.39
9730.0	216.0	-4.84	7.84
9730.0	226.0	0.32	7.31
9730.0	227.0	13.48	5.38
9730.0	228.0	13.48	6.13
9730.0	229.0	7.28	4.05
9730.0	230.0	1.34	5.34
9730.0	231.0	1.36	4.49
9740.0	216.0	-4.84	7.84
9740.0	226.0	-0.83	7.11
9740.0	229.0	8.49	4.23
9740.0	230.0	2.28	5.27
9740.0	231.0	2.24	4.50
9750.0	216.0	-4.84	7.84
9750.0	229.0	9.65	4.44
9750.0	230.0	3.18	5.20
9750.0	231.0	3.05	4.41
9750.0	232.0	12.66	6.61
9760.0	216.0	-4.78	7.79
9760.0	229.0	10.82	4.65
9760.0	230.0	4.11	5.16
9760.0	231.0	3.89	4.27
9760.0	232.0	11.56	6.67
9770.0	216.0	-4.83	7.83
9770.0	229.0	12.01	4.91
9770.0	230.0	5.03	5.09
9770.0	231.0	4.70	4.11
9770.0	232.0	10.43	6.68
9780.0	216.0	-4.92	7.89
9780.0	229.0	13.10	5.24
9780.0	230.0	6.02	5.04
9780.0	231.0	5.54	4.15
9780.0	232.0	9.30	6.63
9780.0	233.0	0.08	9.05
9790.0	216.0	-5.03	7.89
9790.0	230.0	7.01	5.03
9790.0	231.0	6.36	4.20
9790.0	232.0	8.21	6.48
9790.0	233.0	1.16	8.69
9800.0	216.0	-5.23	7.82
9800.0	230.0	8.05	4.96
9800.0	231.0	7.17	4.25
9800.0	232.0	7.05	6.06
9800.0	233.0	2.31	8.46
9810.0	216.0	-5.42	7.85
9810.0	230.0	8.94	4.89
9810.0	231.0	8.09	4.24
9810.0	232.0	5.93	5.72
9810.0	233.0	3.43	8.17
9820.0	216.0	-5.67	7.99
9820.0	230.0	9.88	4.84
9820.0	231.0	8.97	4.10
9820.0	232.0	4.87	5.45
9820.0	233.0	4.64	7.90
9830.0	216.0	-5.86	8.05
9830.0	230.0	10.74	4.75
9830.0	231.0	9.76	4.21
9830.0	232.0	3.89	5.27
9830.0	233.0	5.83	7.60
9830.0	234.0	-2.62	-0.32
9830.0	235.0	-3.15	0.11
9840.0	216.0	-6.06	8.09
9840.0	230.0	11.70	4.60
9840.0	231.0	10.50	4.20
9840.0	232.0	2.82	4.93
9840.0	233.0	6.94	7.29
9840.0	234.0	-2.06	0.21
9840.0	235.0	-2.61	0.63
9850.0	216.0	-6.22	8.28
9850.0	230.0	12.52	4.30
9850.0	231.0	11.12	4.05
9850.0	232.0	1.74	4.55
9850.0	233.0	8.12	6.99
9850.0	234.0	-1.90	0.49
9850.0	235.0	-2.39	0.96
9860.0	216.0	-6.25	8.45
9860.0	230.0	13.01	4.26
9860.0	231.0	11.67	4.00
9860.0	232.0	0.74	4.12
9860.0	233.0	9.24	6.75
9860.0	234.0	-1.89	0.61
9860.0	235.0	-2.08	1.37
9870.0	216.0	-6.18	8.65
9870.0	230.0	13.05	4.40
9870.0	231.0	12.02	3.80
9870.0	232.0	-0.26	3.62
9870.0	233.0	10.39	6.65
9870.0	234.0	-1.38	0.82
9870.0	235.0	-2.04	1.43
9870.0	236.0	12.83	5.79
9880.0	216.0	-5.02	9.02
9880.0	230.0	13.05	4.40
9880.0	231.0	12.20	3.83
9880.0	232.0	-1.19	3.03
9880.0	233.0	11.72	6.46
9880.0	234.0	-1.38	0.82
9880.0	235.0	-2.07	1.55
9880.0	236.0	11.73	5.73
9890.0	216.0	-3.86	9.60
9890.0	230.0	12.68	4.60
9890.0	231.0	12.29	3.76
9890.0	232.0	-1.65	2.40
9890.0	233.0	12.99	6.22
9890.0	234.0	-1.70	0.82
9890.0	235.0	-2.57	2.14
9890.0	236.0	10.73	5.85
9900.0	216.0	-2.62	9.95
9900.0	230.0	12.61	4.70
9900.0	231.0	12.26	3.82
9900.0	232.0	-2.31	1.41
9900.0	234.0	-1.67	1.20
9900.0	235.0	-3.17	2.78
9900.0	236.0	9.80	6.02
9910.0	230.0	12.62	4.76
9910.0	231.0	12.25	3.84
9910.0	232.0	-2.96	0.51
9910.0	236.0	8.87	6.15
9920.0	230.0	12.65	4.76
9920.0	231.0	12.25	3.84
9920.0	236.0	8.01	6.23
9920.0	237.0	-1.38	7.43
9920.0	238.0	-2.36	6.64
9920.0	239.0	-1.57	5.57
9920.0	240.0	-1.36	4.73
9920.0	241.0	-1.38	8.19
9920.0	242.0	-0.92	9.05
9930.0	230.0	12.65	4.76
9930.0	231.0	12.25	3.84
9930.0	236.0	7.09	6.33
9930.0	237.0	-0.43	7.28
9930.0	238.0	-1.30	6.46
9930.0	239.0	-0.74	5.53
9930.0	240.0	-0.48	4.76
9930.0	241.0	-0.08	8.10
9930.0	242.0	0.43	8.91
9930.0	243.0	-2.56	5.74
9940.0	230.0	12.65	4.76
9940.0	231.0	12.25	3.84
9940.0	236.0	6.25	6.31
9940.0	237.0	0.45	7.18
9940.0	238.0	-0.52	6.38
9940.0	239.0	0.07	5.49
9940.0	240.0	0.49	4.84
9940.0	241.0	1.16	7.94
9940.0	242.0	1.62	8.69
9940.0	243.0	-1.65	6.20
9950.0	230.0	12.68	4.76
9950.0	231.0	12.25	3.84
9950.0	236.0	5.46	6.21
9950.0	237.0	1.30	7.13
9950.0	238.0	0.43	6.41
9950.0	239.0	1.01	5.49
9950.0	240.0	1.47	4.88
9950.0	241.0	2.39	7.74
9950.0	242.0	2.83	8.41
9950.0	243.0	-0.51	6.60
9960.0	230.0	12.62	4.88
9960.0	231.0	12.25	3.93
9960.0	236.0	4.72	6.05
9960.0	237.0	2.15	7.13
9960.0	238.0	1.29	6.33
9960.0	239.0	1.95	5.41
9960.0	240.0	2.40	4.83
9960.0	241.0	3.65	7.49
9960.0	242.0	4.11	8.12
9960.0	243.0	0.50	6.91
9970.0	230.0	13.18	5.24
9970.0	231.0	12.58	4.26
9970.0	236.0	3.98	6.02
9970.0	237.0	3.08	7.22
9970.0	238.0	2.26	6.48
9970.0	239.0	2.87	5.33
9970.0	240.0	3.31	4.79
9970.0	241.0	4.87	7.24
9970.0	242.0	5.42	7.89
9970.0	243.0	1.52	7.11
9970.0	244.0	-2.59	5.75
9980.0	230.0	13.18	5.24
9980.0	231.0	13.53	5.00
9980.0	236.0	3.09	5.81
9980.0	237.0	3.88	7.28
9980.0	238.0	3.12	6.62
9980.0	239.0	3.75	5.37
9980.0	240.0	4.22	4.83
9980.0	241.0	6.06	6.99
9980.0	242.0	6.58	7.59
9980.0	243.0	2.48	7.34
9980.0	244.0	-1.43	5.98
9990.0	236.0	2.28	5.53
9990.0	237.0	4.79	7.18
9990.0	238.0	4.01	6.58
9990.0	239.0	4.62	5.47
9990.0	240.0	5.11	4.88
9990.0	241.0	7.28	6.75
9990.0	242.0	7.78	7.26
9990.0	243.0	3.55	7.50
9990.0	244.0	-0.29	6.13
10000.0	236.0	1.51	5.06
10000.0	237.0	5.73	7.14
10000.0	238.0	4.87	6.44
10000.0	239.0	5.44	5.48
10000.0	240.0	5.97	4.96
10000.0	241.0	8.51	6.47
10000.0	242.0	8.99	6.94
10000.0	243.0	4.60	7.58
10000.0	244.0	0.78	6.32
10010.0	236.0	0.75	4.51
10010.0	237.0	6.53	6.85
10010.0	238.0	5.70	6.40
10010.0	239.0	6.19	5.49
10010.0	240.0	6.78	4.97
10010.0	241.0	9.76	6.13
10010.0	242.0	10.19	6.70
10010.0	243.0	5.66	7.62
10010.0	244.0	1.97	6.52
10020.0	236.0	0.15	3.78
10020.0	237.0	7.37	6.73
10020.0	238.0	6.56	6.34
10020.0	239.0	6.97	5.46
10020.0	240.0	7.51	5.02
10020.0	241.0	11.28	5.73
10020.0	242.0	11.51	6.62
10020.0	243.0	6.77	7.61
10020.0	244.0	3.08	6.59
10030.0	237.0	8.19	6.60
10030.0	238.0	7.40	6.31
10030.0	239.0	7.74	5.47
10030.0	240.0	8.27	5.04
10030.0	241.0	12.63	5.51
10030.0	242.0	12.75	6.40
10030.0	243.0	7.89	7.55
10030.0	244.0	4.13	6.67
10040.0	237.0	9.05	6.51
10040.0	238.0	8.18	6.30
10040.0	239.0	8.51	5.47
10040.0	240.0	9.20	5.08
10040.0	241.0	13.98	5.64
10040.0	242.0	13.90	6.27
10040.0	243.0	9.10	7.43
10040.0	244.0	5.29	6.75
10050.0	237.0	9.86	6.38
10050.0	238.0	8.79	6.20
10050.0	239.0	9.12	5.37
10050.0	240.0	10.14	5.01
10050.0	243.0	10.35	7.26
10050.0	244.0	6.37	6.79
10060.0	237.0	10.67	6.24
10060.0	238.0	9.40	6.11
10060.0	239.0	9.74	5.31
10060.0	240.0	11.00	4.93
10060.0	243.0	11.62	6.99
10060.0	244.0	7.48	6.90
10070.0	237.0	11.38	6.14
10070.0	238.0	9.77	5.93
10070.0	239.0	10.47	5.34
10070.0	240.0	11.86	4.87
10070.0	243.0	12.82	6.72
10070.0	244.0	8.67	6.96
10080.0	237.0	12.02	6.03
10080.0	238.0	10.15	5.81
10080.0	239.0	11.28	5.18
10080.0	240.0	12.71	4.91
10080.0	244.0	9.86	6.88
10090.0	237.0	12.77	5.98
10090.0	238.0	10.53	5.52
10090.0	239.0	12.01	5.09
10090.0	240.0	13.46	5.10
10090.0	244.0	11.09	6.76
10100.0	237.0	13.94	6.24
10100.0	238.0	10.95	5.31
10100.0	239.0	12.74	5.32
10100.0	244.0	12.26	6.62
10100.0	245.0	4.12	6.31
10100.0	246.0	3.96	5.35
10100.0	247.0	2.31	4.06
10100.0	248.0	2.11	4.96
10100.0	249.0	2.60	5.47
10110.0	238.0	11.39	5.02
10110.0	239.0	13.43	5.40
10110.0	244.0	13.49	6.73
10110.0	245.0	5.17	6.31
10110.0	246.0	5.10	5.50
10110.0	247.0	3.16	3.92
10110.0	248.0	3.13	4.87
10110.0	249.0	3.53	5.45
10120.0	238.0	11.78	4.76
10120.0	245.0	6.21	6.27
10120.0	246.0	6.11	5.51
10120.0	247.0	4.11	3.84
10120.0	248.0	4.03	4.79
10120.0	249.0	4.41	5.40
10130.0	238.0	12.07	4.78
10130.0	245.0	7.26	6.31
10130.0	246.0	7.14	5.57
10130.0	247.0	4.99	3.78
10130.0	248.0	5.03	4.68
10130.0	249.0	5.41	5.40
10140.0	238.0	12.29	4.67
10140.0	245.0	8.28	6.37
10140.0	246.0	8.09	5.58
10140.0	247.0	5.95	3.82
10140.0	248.0	5.98	4.65
10140.0	249.0	6.39	5.30
10150.0	238.0	12.34	4.69
10150.0	245.0	9.36	6.48
10150.0	246.0	9.19	5.58
10150.0	247.0	6.93	3.76
10150.0	248.0	7.07	4.80
10150.0	249.0	7.53	5.20
10160.0	238.0	12.31	4.69
10160.0	245.0	10.37	6.62
10160.0	246.0	10.17	5.63
10160.0	247.0	7.87	3.88
10160.0	248.0	7.89	4.77
10160.0	249.0	8.49	5.30
10170.0	238.0	12.31	4.67
10170.0	245.0	11.32	6.57
10170.0	246.0	11.09	5.64
10170.0	247.0	8.72	3.95
10170.0	248.0	8.73	4.88
10170.0	249.0	9.39	5.30
10180.0	238.0	12.31	4.62
10180.0	245.0	12.15	6.55
10180.0	246.0	12.02	5.67
10180.0	247.0	9.50	4.05
10180.0	248.0	9.45	5.01
10180.0	249.0	10.28	5.30
10190.0	238.0	12.31	4.62
10190.0	245.0	12.97	6.24
10190.0	246.0	12.79	5.51
10190.0	247.0	10.25	4.13
10190.0	248.0	10.17	5.38
10190.0	249.0	11.20	5.45
10200.0	238.0	12.31	4.62
10200.0	245.0	13.23	6.08
10200.0	246.0	13.63	5.39
10200.0	247.0	10.90	4.38
10200.0	248.0	11.01	5.67
10200.0	249.0	12.08	5.65
10200.0	250.0	12.87	7.34
10200.0	251.0	2.92	6.64
10200.0	252.0	2.39	5.77
10200.0	253.0	2.61	5.05
10210.0	238.0	12.31	4.57
10210.0	247.0	11.43	4.87
10210.0	248.0	11.79	5.84
10210.0	249.0	12.75	5.77
10210.0	250.0	11.86	7.82
10210.0	251.0	3.98	6.63
10210.0	252.0	3.45	5.79
10210.0	253.0	3.74	4.99
10220.0	238.0	12.37	4.50
10220.0	247.0	11.89	5.35
10220.0	248.0	12.36	6.04
10220.0	249.0	13.09	5.88
10220.0	250.0	11.01	7.96
10220.0	251.0	5.02	6.58
10220.0	252.0	4.55	5.74
10220.0	253.0	4.87	4.95
10220.0	254.0	0.54	5.08
10220.0	255.0	13.59	6.31
10220.0	256.0	12.51	7.19
10230.0	238.0	12.51	4.49
10230.0	247.0	12.28	5.47
10230.0	248.0	12.76	5.95
10230.0	249.0	13.13	5.87
10230.0	250.0	10.24	7.80
10230.0	251.0	6.31	6.62
10230.0	252.0	5.61	5.60
10230.0	253.0	6.02	5.04
10230.0	254.0	1.81	5.19
10230.0	255.0	12.00	6.67
10230.0	256.0	11.51	7.53
10240.0	238.0	12.50	4.35
10240.0	247.0	12.57	5.41
10240.0	248.0	13.21	5.86
10240.0	250.0	9.39	7.59
10240.0	251.0	7.26	6.58
10240.0	252.0	6.65	5.56
10240.0	253.0	7.10	5.05
10240.0	254.0	3.05	5.29
10240.0	255.0	10.58	6.62
10240.0	256.0	10.65	7.67
10250.0	238.0	12.67	3.92
10250.0	247.0	12.88	5.27
10250.0	248.0	13.34	5.85
10250.0	250.0	8.58	7.71
10250.0	251.0	8.17	6.49
10250.0	252.0	7.69	5.48
10250.0	253.0	8.14	5.04
10250.0	254.0	4.32	5.39
10250.0	255.0	9.64	6.91
10250.0	256.0	9.72	7.68
10250.0	257.0	12.62	6.95
10250.0	258.0	-1.72	7.41
10250.0	259.0	-2.22	6.66
10260.0	238.0	12.66	3.79
10260.0	247.0	13.02	5.25
10260.0	248.0	13.44	5.80
10260.0	250.0	7.92	7.53
10260.0	251.0	9.24	6.17
10260.0	252.0	8.71	5.43
10260.0	253.0	9.11	5.05
10260.0	254.0	5.64	5.48
10260.0	255.0	8.76	6.91
10260.0	256.0	9.02	7.45
10260.0	257.0	11.68	7.09
10260.0	258.0	-0.77	7.30
10260.0	259.0	-1.22	6.45
10260.0	260.0	12.23	6.63
10270.0	238.0	12.50	3.83
10270.0	247.0	13.17	5.20
10270.0	250.0	7.21	7.21
10270.0	251.0	10.23	5.97
10270.0	252.0	9.66	5.32
10270.0	253.0	10.11	5.01
10270.0	254.0	6.93	5.48
10270.0	255.0	7.92	6.61
10270.0	256.0	8.26	7.30
10270.0	257.0	10.74	7.20
10270.0	258.0	0.16	7.28
10270.0	259.0	-0.17	6.32
10270.0	260.0	11.23	6.65
10280.0	238.0	12.37	3.74
10280.0	247.0	13.41	5.12
10280.0	250.0	6.13	6.72
10280.0	251.0	11.11	5.92
10280.0	252.0	10.29	5.40
10280.0	253.0	11.06	5.01
10280.0	254.0	8.25	5.49
10280.0	255.0	7.26	6.30
10280.0	256.0	7.41	7.05
10280.0	257.0	9.72	7.10
10280.0	258.0	1.05	7.19
10280.0	259.0	0.82	6.31
10280.0	260.0	10.06	6.75
10280.0	261.0	12.70	7.00
10290.0	238.0	12.28	3.62
10290.0	250.0	5.28	6.26
10290.0	251.0	12.11	5.83
10290.0	252.0	10.91	5.44
10290.0	253.0	11.91	4.96
10290.0	254.0	9.41	5.48
10290.0	255.0	6.18	5.49
10290.0	256.0	6.70	6.77
10290.0	257.0	8.73	7.09
10290.0	258.0	1.96	7.18
10290.0	259.0	1.74	6.31
10290.0	260.0	9.18	6.58
10290.0	261.0	11.59	7.14
10290.0	262.0	13.43	6.56
10300.0	238.0	12.37	3.56
10300.0	250.0	4.45	5.83
10300.0	251.0	12.84	5.71
10300.0	252.0	11.91	5.41
10300.0	253.0	12.63	4.91
10300.0	254.0	10.48	5.53
10300.0	255.0	5.27	5.20
10300.0	256.0	5.38	6.00
10300.0	257.0	7.74	6.97
10300.0	258.0	2.91	7.26
10300.0	259.0	2.64	6.36
10300.0	260.0	8.13	6.48
10300.0	261.0	10.83	7.50
10300.0	262.0	12.27	6.74
10300.0	263.0	-1.98	5.10
10300.0	264.0	-2.16	5.98
10300.0	265.0	-2.07	1.90
10300.0	266.0	-1.85	2.67
10300.0	267.0	-2.00	3.25
10300.0	268.0	-1.38	3.89
10300.0	269.0	0.10	3.41
10300.0	270.0	-0.92	1.99
10300.0	272.0	-2.43	4.20
10310.0	238.0	12.55	3.56
10310.0	250.0	3.72	5.47
10310.0	251.0	13.70	5.67
10310.0	252.0	12.51	5.48
10310.0	253.0	13.06	4.89
10310.0	254.0	11.43	5.68
10310.0	255.0	4.36	4.87
10310.0	256.0	4.67	5.64
10310.0	257.0	6.86	6.75
10310.0	258.0	3.60	7.40
10310.0	259.0	3.46	6.61
10310.0	260.0	7.21	6.05
10310.0	261.0	9.75	7.48
10310.0	262.0	11.06	6.75
10310.0	263.0	-1.02	5.22
10310.0	264.0	-1.26	5.98
10310.0	265.0	-1.21	1.87
10310.0	266.0	-0.95	2.62
10310.0	267.0	-1.08	3.39
10310.0	268.0	-0.79	4.00
10310.0	269.0	0.96	3.40
10310.0	270.0	0.07	2.15
10310.0	272.0	-1.18	4.45
10320.0	238.0	12.59	3.58
10320.0	250.0	2.93	5.39
10320.0	252.0	12.93	5.35
10320.0	253.0	13.54	5.00
10320.0	254.0	12.18	5.82
10320.0	255.0	3.57	4.62
10320.0	256.0	3.92	5.50
10320.0	257.0	6.04	6.45
10320.0	258.0	4.43	7.61
10320.0	259.0	4.33	6.82
10320.0	260.0	6.24	5.75
10320.0	261.0	8.72	7.31
10320.0	262.0	9.77	6.69
10320.0	263.0	-0.19	5.44
10320.0	264.0	-0.39	6.18
10320.0	265.0	-0.13	1.95
10320.0	266.0	0.00	2.69
10320.0	267.0	-0.20	3.41
10320.0	268.0	0.37	4.03
10320.0	269.0	1.96	3.52
10320.0	270.0	0.96	2.27
10320.0	272.0	0.31	4.56
10320.0	273.0	13.18	6.25
10330.0	238.0	12.53	3.60
10330.0	250.0	2.03	5.29
10330.0	252.0	13.23	5.32
10330.0	254.0	12.65	5.80
10330.0	255.0	2.84	4.62
10330.0	256.0	3.14	5.35
10330.0	257.0	5.37	6.15
10330.0	258.0	5.28	7.78
10330.0	259.0	5.19	6.99
10330.0	260.0	5.24	5.55
10330.0	261.0	7.78	6.96
10330.0	262.0	8.44	6.45
10330.0	263.0	0.70	5.76
10330.0	264.0	0.55	6.44
10330.0	265.0	0.94	2.13
10330.0	266.0	0.95	2.78
10330.0	267.0	0.67	3.39
10330.0	268.0	1.07	4.02
10330.0	269.0	2.87	3.59
10330.0	270.0	1.88	2.52
10330.0	272.0	1.66	4.28
10330.0	273.0	12.31	6.71
10330.0	274.0	13.87	5.21
10340.0	238.0	12.50	3.60
10340.0	250.0	1.14	5.10
10340.0	252.0	13.57	5.31
10340.0	254.0	12.96	5.75
10340.0	255.0	2.11	4.71
10340.0	256.0	2.53	5.19
10340.0	257.0	4.44	6.01
10340.0	258.0	6.15	7.92
10340.0	259.0	6.09	7.08
10340.0	260.0	4.34	5.30
10340.0	261.0	6.79	6.60
10340.0	262.0	7.33	6.03
10340.0	263.0	1.57	6.10
10340.0	264.0	1.42	6.73
10340.0	265.0	2.00	2.21
10340.0	266.0	2.06	3.00
10340.0	267.0	1.68	3.38
10340.0	268.0	1.94	3.85
10340.0	269.0	3.84	3.76
10340.0	270.0	2.84	2.75
10340.0	272.0	3.17	4.24
10340.0	273.0	11.40	6.80
10340.0	274.0	13.87	5.21
10350.0	238.0	12.54	3.56
10350.0	250.0	0.25	4.72
10350.0	252.0	13.62	5.37
10350.0	254.0	13.09	5.74
10350.0	255.0	1.53	4.48
10350.0	256.0	1.48	5.11
10350.0	257.0	3.84	5.72
10350.0	258.0	7.51	7.89
10350.0	259.0	6.99	7.02
10350.0	260.0	3.49	5.13
10350.0	261.0	5.80	6.27
10350.0	262.0	6.23	5.62
10350.0	263.0	2.59	6.40
10350.0	264.0	2.39	7.07
10350.0	265.0	3.00	2.25
10350.0	266.0	3.01	3.10
10350.0	267.0	2.48	3.53
10350.0	268.0	2.71	4.04
10350.0	269.0	4.75	3.87
10350.0	270.0	3.95	2.87
10350.0	272.0	4.83	4.47
10350.0	273.0	10.43	6.65
10350.0	274.0	13.87	5.21
10350.0	275.0	12.96	6.42
10360.0	238.0	12.67	3.61
10360.0	250.0	-0.38	4.33
10360.0	254.0	13.12	5.78
10360.0	255.0	0.99	4.16
10360.0	256.0	0.87	5.02
10360.0	257.0	2.80	5.70
10360.0	258.0	8.15	7.88
10360.0	259.0	7.87	7.03
10360.0	260.0	2.58	4.96
10360.0	261.0	4.75	5.96
10360.0	262.0	5.22	5.34
10360.0	263.0	3.57	6.63
10360.0	264.0	3.33	7.35
10360.0	265.0	4.02	2.40
10360.0	266.0	3.98	3.28
10360.0	267.0	3.43	3.69
10360.0	268.0	3.56	4.44
10360.0	269.0	5.53	4.14
10360.0	270.0	5.04	2.92
10360.0	272.0	6.48	4.62
10360.0	273.0	9.43	6.49
10360.0	274.0	13.87	5.21
10360.0	275.0	12.33	6.31
10360.0	276.0	-3.30	5.59
10360.0	277.0	13.75	6.05
10370.0	238.0	12.61	3.67
10370.0	250.0	-1.14	3.72
10370.0	254.0	13.45	5.70
10370.0	255.0	0.38	3.48
10370.0	256.0	0.26	4.39
10370.0	257.0	1.85	5.51
10370.0	258.0	8.87	7.89
10370.0	259.0	8.42	7.00
10370.0	260.0	1.74	4.76
10370.0	261.0	3.85	5.75
10370.0	262.0	4.16	5.05
10370.0	263.0	4.40	6.80
10370.0	264.0	4.17	7.58
10370.0	265.0	4.97	2.58
10370.0	266.0	4.89	3.42
10370.0	267.0	4.47	3.96
10370.0	268.0	4.55	4.63
10370.0	269.0	6.47	4.36
10370.0	270.0	6.00	3.16
10370.0	272.0	8.07	4.71
10370.0	273.0	8.49	6.30
10370.0	274.0	13.87	5.21
10370.0	275.0	11.79	6.27
10370.0	276.0	-2.20	5.90
10370.0	277.0	13.75	6.05
10370.0	278.0	12.83	7.07
10380.0	238.0	12.60	3.67
10380.0	250.0	-1.88	3.17
10380.0	255.0	-0.29	2.64
10380.0	256.0	-0.76	3.35
10380.0	257.0	1.07	5.44
10380.0	258.0	9.80	7.70
10380.0	259.0	9.45	7.11
10380.0	260.0	0.89	4.40
10380.0	261.0	3.08	5.80
10380.0	262.0	3.10	4.72
10380.0	263.0	5.28	6.87
10380.0	264.0	5.43	7.58
10380.0	265.0	5.81	2.62
10380.0	266.0	5.80	3.55
10380.0	267.0	5.40	4.14
10380.0	268.0	5.47	4.76
10380.0	269.0	7.40	4.55
10380.0	270.0	7.03	3.34
10380.0	272.0	9.52	4.73
10380.0	273.0	7.63	6.14
10380.0	274.0	13.87	5.21
10380.0	275.0	11.27	6.20
10380.0	276.0	-1.12	6.10
10380.0	277.0	13.75	6.05
10380.0	278.0	12.23	7.21
10380.0	279.0	12.96	6.32
10380.0	280.0	-3.05	5.29
10390.0	238.0	12.54	3.76
10390.0	257.0	0.06	5.22
10390.0	258.0	10.70	7.59
10390.0	259.0	10.03	6.97
10390.0	260.0	-0.02	4.16
10390.0	261.0	2.15	5.61
10390.0	262.0	2.17	4.29
10390.0	263.0	6.13	6.89
10390.0	264.0	6.26	7.64
10390.0	265.0	6.44	2.80
10390.0	266.0	6.70	3.71
10390.0	267.0	6.25	4.27
10390.0	268.0	6.29	4.86
10390.0	269.0	8.35	4.76
10390.0	270.0	8.01	3.57
10390.0	272.0	10.79	4.84
10390.0	273.0	6.70	6.00
10390.0	274.0	13.87	5.21
10390.0	275.0	10.76	6.07
10390.0	276.0	-0.06	6.34
10390.0	277.0	13.75	6.05
10390.0	278.0	11.68	6.90
10390.0	279.0	12.23	6.11
10390.0	280.0	-1.98	5.64
10400.0	238.0	12.48	3.79
10400.0	257.0	-1.01	4.99
10400.0	258.0	11.40	7.60
10400.0	259.0	10.66	7.00
10400.0	260.0	-0.97	3.95
10400.0	261.0	1.07	5.24
10400.0	262.0	1.26	3.86
10400.0	263.0	7.08	6.94
10400.0	264.0	7.21	7.67
10400.0	265.0	7.33	3.04
10400.0	266.0	7.54	3.83
10400.0	267.0	7.21	4.39
10400.0	268.0	7.24	5.01
10400.0	269.0	9.26	4.83
10400.0	270.0	9.04	3.83
10400.0	272.0	12.08	5.06
10400.0	273.0	5.73	5.95
10400.0	274.0	13.87	5.21
10400.0	275.0	10.27	6.17
10400.0	276.0	1.04	6.59
10400.0	277.0	13.75	6.05
10400.0	278.0	11.15	6.58
10400.0	279.0	11.66	6.04
10400.0	280.0	-0.87	5.95
10400.0	281.0	12.51	6.17
10410.0	238.0	12.43	3.73
10410.0	257.0	-1.76	4.92
10410.0	258.0	12.01	7.36
10410.0	259.0	11.24	6.95
10410.0	260.0	-1.66	3.83
10410.0	261.0	0.16	4.93
10410.0	262.0	0.28	3.54
10410.0	263.0	8.00	6.96
10410.0	264.0	8.11	7.48
10410.0	265.0	8.05	3.16
10410.0	266.0	8.39	3.96
10410.0	267.0	8.14	4.51
10410.0	268.0	8.20	5.14
10410.0	269.0	10.25	4.90
10410.0	270.0	9.93	3.99
10410.0	272.0	13.16	5.20
10410.0	273.0	4.73	5.81
10410.0	275.0	9.76	6.01
10410.0	276.0	2.12	6.71
10410.0	277.0	13.75	6.05
10410.0	278.0	10.48	6.48
10410.0	279.0	11.04	5.82
10410.0	280.0	0.24	6.22
10410.0	281.0	11.83	5.96
10410.0	282.0	13.79	6.20
10420.0	238.0	12.39	3.68
10420.0	257.0	-2.96	4.66
10420.0	258.0	12.47	7.05
10420.0	259.0	11.54	6.75
10420.0	260.0	-3.04	3.54
10420.0	261.0	-0.79	4.82
10420.0	262.0	-0.78	3.26
10420.0	263.0	8.88	7.00
10420.0	264.0	9.00	7.54
10420.0	265.0	8.97	3.33
10420.0	266.0	9.29	4.07
10420.0	267.0	9.01	4.57
10420.0	268.0	9.08	5.09
10420.0	269.0	11.19	4.94
10420.0	270.0	10.80	4.03
10420.0	272.0	13.37	5.38
10420.0	273.0	3.72	5.71
10420.0	275.0	9.25	5.97
10420.0	276.0	3.18	6.82
10420.0	278.0	9.84	6.44
10420.0	279.0	10.06	5.73
10420.0	280.0	1.32	6.42
10420.0	281.0	11.18	5.95
10420.0	282.0	13.79	6.20
10420.0	283.0	13.07	6.21
10430.0	238.0	12.42	3.64
10430.0	257.0	-3.93	4.45
10430.0	258.0	13.29	7.02
10430.0	259.0	12.04	6.66
10430.0	260.0	-3.95	3.39
10430.0	261.0	-1.43	4.65
10430.0	262.0	-1.82	3.24
10430.0	263.0	9.65	6.89
10430.0	264.0	9.85	7.64
10430.0	265.0	9.66	3.38
10430.0	266.0	10.43	4.18
10430.0	267.0	9.79	4.61
10430.0	268.0	9.96	5.09
10430.0	269.0	12.15	5.00
10430.0	270.0	11.68	4.14
10430.0	273.0	2.75	5.57
10430.0	275.0	8.62	5.83
10430.0	276.0	4.22	7.02
10430.0	278.0	9.36	6.24
10430.0	279.0	9.75	5.68
10430.0	280.0	2.34	6.85
10430.0	281.0	10.59	5.92
10430.0	283.0	12.07	6.11
10430.0	284.0	13.74	5.86
10440.0	238.0	12.43	3.60
10440.0	257.0	-4.95	4.36
10440.0	258.0	13.77	6.59
10440.0	259.0	12.40	6.56
10440.0	260.0	-4.92	3.45
10440.0	261.0	-2.83	4.38
10440.0	262.0	-2.93	3.23
10440.0	263.0	10.44	6.90
10440.0	264.0	10.65	7.69
10440.0	265.0	10.46	3.73
10440.0	266.0	11.23	4.26
10440.0	267.0	10.54	4.67
10440.0	268.0	10.72	5.11
10440.0	269.0	13.20	5.03
10440.0	270.0	12.51	4.36
10440.0	273.0	1.82	5.39
10440.0	275.0	8.01	5.58
10440.0	276.0	5.29	7.15
10440.0	278.0	8.67	6.27
10440.0	279.0	9.09	5.49
10440.0	280.0	3.41	7.18
10440.0	281.0	9.99	5.80
10440.0	283.0	11.21	6.17
10440.0	284.0	13.74	5.86
10440.0	285.0	-3.93	5.63
10440.0	286.0	-3.81	9.19
10440.0	287.0	13.52	6.18
10450.0	238.0	12.49	3.64
10450.0	257.0	-5.94	4.33
10450.0	259.0	12.92	6.45
10450.0	260.0	-5.91	3.55
10450.0	261.0	-3.84	4.39
10450.0	262.0	-3.99	3.23
10450.0	263.0	10.99	6.91
10450.0	264.0	11.28	7.62
10450.0	265.0	11.08	4.01
10450.0	266.0	11.88	4.50
10450.0	267.0	11.15	4.86
10450.0	268.0	11.32	5.29
10450.0	270.0	13.32	4.79
10450.0	273.0	0.89	5.19
10450.0	275.0	7.37	5.49
10450.0	276.0	6.33	7.21
10450.0	278.0	8.06	6.18
10450.0	279.0	8.49	5.36
10450.0	280.0	4.49	7.52
10450.0	281.0	9.68	5.33
10450.0	283.0	10.31	6.27
10450.0	284.0	13.78	5.86
10450.0	285.0	-2.99	5.80
10450.0	286.0	-3.48	9.39
10450.0	287.0	12.72	5.87
10460.0	238.0	12.71	3.70
10460.0	257.0	-6.85	4.35
10460.0	259.0	13.89	6.52
10460.0	260.0	-6.86	3.60
10460.0	261.0	-4.79	4.49
10460.0	262.0	-5.01	3.32
10460.0	263.0	11.63	6.74
10460.0	264.0	11.76	7.52
10460.0	265.0	11.57	4.16
10460.0	266.0	12.79	4.60
10460.0	267.0	11.63	4.91
10460.0	268.0	11.80	5.30
10460.0	273.0	-0.03	4.95
10460.0	275.0	6.89	5.24
10460.0	276.0	7.35	7.24
10460.0	278.0	7.35	6.12
10460.0	279.0	7.89	5.42
10460.0	280.0	5.75	7.68
10460.0	281.0	8.84	4.75
10460.0	283.0	9.27	6.43
10460.0	284.0	13.78	5.86
10460.0	285.0	-1.96	5.95
10460.0	286.0	-3.07	9.24
10460.0	287.0	12.04	5.91
10460.0	288.0	13.68	4.80
10460.0	289.0	13.35	5.73
10470.0	238.0	12.79	3.86
10470.0	257.0	-7.58	4.44
10470.0	260.0	-7.69	3.69
10470.0	261.0	-5.76	4.60
10470.0	262.0	-6.00	3.41
10470.0	263.0	12.08	6.58
10470.0	264.0	12.35	7.30
10470.0	265.0	11.96	4.27
10470.0	266.0	13.41	4.79
10470.0	267.0	11.99	5.02
10470.0	268.0	12.19	5.40
10470.0	273.0	-1.18	4.74
10470.0	275.0	6.25	5.15
10470.0	276.0	8.30	7.24
10470.0	278.0	6.72	6.02
10470.0	279.0	7.35	5.67
10470.0	280.0	6.91	7.81
10470.0	281.0	7.85	4.24
10470.0	283.0	8.37	6.40
10470.0	284.0	13.78	5.86
10470.0	285.0	-0.91	5.95
10470.0	286.0	-2.85	9.25
10470.0	287.0	11.30	6.08
10470.0	288.0	13.68	4.80
10470.0	289.0	12.82	5.83
10480.0	238.0	12.86	4.03
10480.0	263.0	12.35	6.53
10480.0	264.0	12.70	7.19
10480.0	265.0	12.18	4.41
10480.0	267.0	12.13	5.00
10480.0	268.0	12.46	5.57
10480.0	275.0	5.65	4.95
10480.0	276.0	9.18	7.25
10480.0	278.0	6.01	5.90
10480.0	279.0	6.75	6.01
10480.0	280.0	7.98	7.80
10480.0	281.0	6.73	3.88
10480.0	283.0	7.70	6.33
10480.0	285.0	0.19	6.23
10480.0	286.0	-2.38	9.26
10480.0	287.0	10.52	6.12
10480.0	289.0	12.23	5.98
10480.0	290.0	13.80	6.61
10490.0	263.0	12.41	6.46
10490.0	264.0	12.66	7.01
10490.0	265.0	12.59	4.53
10490.0	267.0	12.29	5.12
10490.0	268.0	12.93	5.83
10490.0	275.0	5.04	4.90
10490.0	276.0	10.15	7.18
10490.0	278.0	5.32	5.72
10490.0	279.0	6.20	6.07
10490.0	280.0	9.02	7.79
10490.0	281.0	5.60	3.54
10490.0	283.0	7.12	6.22
10490.0	285.0	1.23	6.44
10490.0	286.0	-2.03	9.08
10490.0	287.0	9.71	5.96
10490.0	289.0	11.25	6.09
10490.0	290.0	13.80	6.61
10490.0	291.0	12.95	4.01
10500.0	263.0	12.31	6.34
10500.0	264.0	12.63	6.88
10500.0	265.0	12.95	4.77
10500.0	267.0	12.58	5.28
10500.0	268.0	13.41	6.07
10500.0	275.0	4.46	4.85
10500.0	276.0	10.85	6.93
10500.0	278.0	4.77	5.71
10500.0	279.0	5.55	6.46
10500.0	280.0	9.84	7.65
10500.0	281.0	4.54	3.28
10500.0	283.0	6.39	5.95
10500.0	285.0	2.29	6.74
10500.0	286.0	-1.88	9.01
10500.0	287.0	8.94	5.83
10500.0	289.0	10.34	6.02
10500.0	290.0	13.80	6.67
10500.0	291.0	13.00	4.01
10510.0	263.0	12.46	6.12
10510.0	264.0	12.77	6.78
10510.0	267.0	12.83	5.54
10510.0	275.0	3.91	4.75
10510.0	276.0	11.41	6.55
10510.0	278.0	4.08	5.66
10510.0	279.0	4.76	6.44
10510.0	280.0	10.53	7.56
10510.0	281.0	3.48	3.03
10510.0	283.0	5.59	5.83
10510.0	285.0	3.38	7.02
10510.0	286.0	-1.80	8.98
10510.0	287.0	8.09	5.70
10510.0	289.0	9.41	6.09
10510.0	291.0	12.99	4.12
10520.0	263.0	12.62	6.08
10520.0	264.0	12.83	6.65
10520.0	267.0	12.90	5.60
10520.0	275.0	3.23	4.67
10520.0	276.0	11.55	5.99
10520.0	278.0	3.40	5.58
10520.0	279.0	4.11	6.48
10520.0	280.0	11.13	7.13
10520.0	281.0	2.41	2.82
10520.0	283.0	4.81	5.51
10520.0	285.0	4.36	7.07
10520.0	286.0	-1.80	8.98
10520.0	287.0	7.04	5.44
10520.0	289.0	8.38	6.15
10520.0	291.0	12.90	4.38
10520.0	292.0	-3.16	2.26
10530.0	263.0	12.62	5.96
10530.0	264.0	12.82	6.46
10530.0	267.0	12.90	5.60
10530.0	275.0	2.57	4.40
10530.0	276.0	11.84	5.63
10530.0	278.0	2.73	5.27
10530.0	279.0	3.28	6.60
10530.0	280.0	11.59	7.00
10530.0	281.0	1.31	2.46
10530.0	283.0	4.02	5.24
10530.0	285.0	5.43	7.08
10530.0	287.0	6.20	5.39
10530.0	289.0	7.41	6.19
10530.0	291.0	13.01	4.57
10530.0	292.0	-2.29	2.58
10670.0	293.0	2.74	2.62
10670.0	294.0	1.35	2.72
10670.0	295.0	-1.18	4.97
10670.0	296.0	-1.52	6.10
10670.0	297.0	-1.92	4.00
10670.0	298.0	-2.77	3.78
10670.0	299.0	7.87	4.33
10670.0	300.0	4.91	6.78
10670.0	301.0	5.15	7.64
10670.0	302.0	2.96	7.39
10680.0	293.0	1.62	1.98
10680.0	294.0	2.40	3.13
10680.0	295.0	-1.18	4.97
10680.0	296.0	-1.52	6.10
10680.0	297.0	-1.92	4.00
10680.0	298.0	-2.77	3.83
10680.0	299.0	8.61	4.49
10680.0	300.0	5.80	6.51
10680.0	301.0	6.05	7.39
10680.0	302.0	4.13	7.35
10690.0	293.0	0.60	1.55
10690.0	294.0	3.48	3.44
10690.0	295.0	-1.18	4.97
10690.0	296.0	-1.52	6.10
10690.0	297.0	-1.92	4.00
10690.0	298.0	-2.77	3.83
10690.0	299.0	9.36	4.60
10690.0	300.0	6.72	6.21
10690.0	301.0	6.97	7.06
10690.0	302.0	5.10	7.37
10690.0	303.0	12.90	6.16
10700.0	293.0	-0.18	1.04
10700.0	294.0	4.56	3.76
10700.0	295.0	-1.18	4.97
10700.0	296.0	-1.52	6.10
10700.0	297.0	-1.92	4.00
10700.0	298.0	-2.77	3.83
10700.0	299.0	10.04	4.71
10700.0	300.0	7.64	5.92
10700.0	301.0	7.85	6.69
10700.0	302.0	6.14	7.23
10700.0	303.0	12.31	6.32
10700.0	304.0	13.38	5.92
10710.0	293.0	-1.44	0.46
10710.0	294.0	5.53	3.98
10710.0	295.0	-1.18	4.97
10710.0	296.0	-1.51	6.24
10710.0	297.0	-1.92	4.00
10710.0	298.0	-2.77	3.83
10710.0	299.0	10.80	4.82
10710.0	300.0	8.60	5.70
10710.0	301.0	8.78	6.44
10710.0	302.0	7.10	6.91
10710.0	303.0	11.61	6.67
10710.0	304.0	12.21	6.04
10720.0	293.0	-2.32	-0.30
10720.0	294.0	6.56	4.21
10720.0	295.0	-1.18	4.97
10720.0	296.0	-1.38	5.87
10720.0	297.0	-1.92	4.00
10720.0	298.0	-2.77	3.83
10720.0	299.0	11.53	5.00
10720.0	300.0	9.51	5.42
10720.0	301.0	9.70	6.17
10720.0	302.0	8.08	6.67
10720.0	303.0	10.95	7.10
10720.0	304.0	11.46	6.36
10720.0	305.0	-1.48	9.06
10730.0	294.0	7.52	4.50
10730.0	295.0	-1.18	4.97
10730.0	296.0	-1.37	5.91
10730.0	297.0	-1.92	4.00
10730.0	298.0	-2.77	3.83
10730.0	299.0	12.32	5.07
10730.0	300.0	10.43	5.18
10730.0	301.0	10.62	5.92
10730.0	302.0	9.07	6.44
10730.0	303.0	10.28	7.37
10730.0	304.0	10.77	6.70
10730.0	305.0	-0.46	8.64
10740.0	294.0	8.51	4.70
10740.0	295.0	-1.18	4.97
10740.0	296.0	-1.37	5.91
10740.0	297.0	-1.92	4.00
10740.0	298.0	-2.77	3.83
10740.0	299.0	12.91	5.29
10740.0	300.0	11.34	5.14
10740.0	301.0	11.50	5.80
10740.0	302.0	9.97	6.24
10740.0	303.0	9.63	7.55
10740.0	304.0	9.81	7.00
10740.0	305.0	0.70	8.18
10750.0	294.0	9.52	4.89
10750.0	295.0	-1.18	4.97
10750.0	296.0	-1.37	5.91
10750.0	297.0	-1.92	4.00
10750.0	298.0	-2.77	3.83
10750.0	300.0	12.23	5.09
10750.0	301.0	12.35	5.89
10750.0	302.0	10.93	6.07
10750.0	303.0	8.91	7.66
10750.0	304.0	8.81	7.22
10750.0	305.0	1.84	7.77
10760.0	294.0	10.43	5.09
10760.0	295.0	-1.18	4.97
10760.0	296.0	-1.37	5.91
10760.0	297.0	-1.92	4.00
10760.0	298.0	-2.77	3.83
10760.0	300.0	13.40	5.20
10760.0	301.0	13.28	5.88
10760.0	302.0	11.82	5.93
10760.0	303.0	8.16	7.78
10760.0	304.0	8.05	7.34
10760.0	305.0	3.07	7.29
10770.0	294.0	11.36	5.22
10770.0	302.0	12.71	5.88
10770.0	303.0	7.39	7.94
10770.0	304.0	7.28	7.50
10770.0	305.0	4.24	6.89
10770.0	306.0	2.20	8.37
10780.0	294.0	12.20	5.32
10780.0	302.0	12.98	5.86
10780.0	303.0	6.61	8.11
10780.0	304.0	6.49	7.66
10780.0	305.0	5.43	6.63
10780.0	306.0	3.23	7.79
10780.0	307.0	1.47	6.03
10780.0	308.0	0.51	6.68
10780.0	309.0	0.52	7.43
10780.0	310.0	1.31	7.78
10790.0	294.0	13.07	5.47
10790.0	303.0	5.81	8.31
10790.0	304.0	5.69	7.86
10790.0	305.0	6.64	6.49
10790.0	306.0	4.44	7.17
10790.0	307.0	2.24	5.81
10790.0	308.0	1.39	6.52
10790.0	309.0	1.39	7.19
10790.0	310.0	2.16	7.54
10800.0	294.0	13.76	5.71
10800.0	303.0	5.08	8.41
10800.0	304.0	5.00	7.93
10800.0	305.0	7.88	6.39
10800.0	306.0	5.67	6.66
10800.0	307.0	2.96	5.54
10800.0	308.0	2.12	6.33
10800.0	309.0	2.21	6.97
10800.0	310.0	3.04	7.31
10810.0	303.0	4.24	8.45
10810.0	304.0	4.17	8.08
10810.0	305.0	9.08	6.30
10810.0	306.0	6.88	6.18
10810.0	307.0	3.72	5.32
10810.0	308.0	2.76	6.02
10810.0	309.0	3.12	6.78
10810.0	310.0	3.94	7.08
10810.0	311.0	0.84	7.47
10810.0	312.0	0.34	6.96
10810.0	313.0	-0.27	2.74
10810.0	314.0	-0.68	3.47
10820.0	303.0	3.38	8.52
10820.0	304.0	3.35	8.14
10820.0	305.0	10.25	6.17
10820.0	306.0	8.14	5.73
10820.0	307.0	4.45	5.19
10820.0	308.0	3.59	5.76
10820.0	309.0	3.93	6.56
10820.0	310.0	4.75	6.89
10820.0	311.0	1.80	7.37
10820.0	312.0	1.31	6.87
10820.0	313.0	0.53	2.93
10820.0	314.0	0.17	3.62
10830.0	303.0	2.46	8.62
10830.0	304.0	2.59	8.13
10830.0	305.0	11.41	6.02
10830.0	306.0	9.44	5.60
10830.0	307.0	5.23	4.98
10830.0	308.0	4.48	5.55
10830.0	309.0	4.77	6.37
10830.0	310.0	5.56	6.75
10830.0	311.0	2.81	7.15
10830.0	312.0	2.34	6.65
10830.0	313.0	1.43	3.09
10830.0	314.0	0.94	3.72
10840.0	303.0	1.56	8.66
10840.0	304.0	1.87	8.03
10840.0	305.0	12.67	5.86
10840.0	306.0	10.74	5.59
10840.0	307.0	6.10	4.81
10840.0	308.0	5.41	5.39
10840.0	309.0	5.64	6.19
10840.0	310.0	6.37	6.61
10840.0	311.0	3.82	7.02
10840.0	312.0	3.36	6.52
10840.0	313.0	2.27	3.25
10840.0	314.0	1.73	3.85
10840.0	315.0	-1.71	10.70
10850.0	303.0	0.76	8.61
10850.0	304.0	1.12	8.01
10850.0	305.0	13.95	5.67
10850.0	306.0	12.18	5.62
10850.0	307.0	6.97	4.67
10850.0	308.0	6.30	5.24
10850.0	309.0	6.48	6.04
10850.0	310.0	7.20	6.43
10850.0	311.0	4.86	6.96
10850.0	312.0	4.45	6.43
10850.0	313.0	3.09	3.35
10850.0	314.0	2.67	4.20
10850.0	315.0	-0.74	10.12
10850.0	316.0	-1.87	6.40
10860.0	303.0	-0.06	8.59
10860.0	304.0	0.31	8.05
10860.0	306.0	13.31	5.69
10860.0	307.0	7.89	4.60
10860.0	308.0	7.24	5.16
10860.0	309.0	7.41	5.96
10860.0	310.0	8.17	6.25
10860.0	311.0	5.78	6.93
10860.0	312.0	5.46	6.16
10860.0	313.0	3.99	3.44
10860.0	314.0	3.58	4.44
10860.0	315.0	0.20	9.58
10860.0	316.0	-1.33	6.37
10870.0	303.0	-0.74	8.44
10870.0	304.0	-0.40	7.96
10870.0	307.0	8.84	4.57
10870.0	308.0	8.16	5.08
10870.0	309.0	8.33	5.81
10870.0	310.0	9.09	6.05
10870.0	311.0	6.88	6.79
10870.0	312.0	6.59	6.14
10870.0	313.0	4.80	3.68
10870.0	314.0	4.45	4.62
10870.0	315.0	1.24	9.09
10870.0	316.0	-0.74	6.32
10880.0	303.0	-1.45	8.46
10880.0	304.0	-1.06	7.97
10880.0	307.0	9.70	4.57
10880.0	308.0	9.02	5.01
10880.0	309.0	9.25	5.66
10880.0	310.0	10.02	5.87
10880.0	311.0	7.91	6.66
10880.0	312.0	7.63	6.02
10880.0	313.0	5.65	3.99
10880.0	314.0	5.38	4.69
10880.0	315.0	2.15	8.58
10880.0	316.0	-0.14	6.18
10890.0	307.0	10.59	4.51
10890.0	308.0	9.93	4.94
10890.0	309.0	10.10	5.57
10890.0	310.0	10.96	5.81
10890.0	311.0	8.93	6.53
10890.0	312.0	8.69	5.90
10890.0	313.0	6.48	4.13
10890.0	314.0	6.21	4.86
10890.0	315.0	3.17	8.22
10890.0	316.0	0.48	6.05
10900.0	307.0	11.52	4.56
10900.0	308.0	10.83	4.95
10900.0	309.0	10.94	5.55
10900.0	310.0	11.96	5.77
10900.0	311.0	9.87	6.42
10900.0	312.0	9.64	5.79
10900.0	313.0	7.30	4.29
10900.0	314.0	7.16	5.02
10900.0	315.0	4.30	7.85
10900.0	316.0	1.15	5.98
10910.0	307.0	12.37	4.63
10910.0	308.0	11.68	5.05
10910.0	309.0	11.77	5.61
10910.0	310.0	13.05	5.84
10910.0	311.0	10.73	6.37
10910.0	312.0	10.54	5.71
10910.0	313.0	8.16	4.48
10910.0	314.0	7.99	5.23
10910.0	315.0	5.34	7.39
10910.0	316.0	1.81	5.91
10920.0	307.0	14.19	5.22
10920.0	308.0	12.82	5.25
10920.0	309.0	12.52	5.77
10920.0	311.0	11.54	6.27
10920.0	312.0	11.36	5.61
10920.0	313.0	8.99	4.70
10920.0	314.0	8.90	5.48
10920.0	315.0	6.38	6.95
10920.0	316.0	2.48	5.94
10930.0	311.0	12.28	6.20
10930.0	312.0	12.11	5.55
10930.0	313.0	9.84	4.97
10930.0	314.0	9.72	5.78
10930.0	315.0	7.49	6.56
10930.0	316.0	3.20	5.92
10940.0	311.0	12.99	6.19
10940.0	312.0	12.82	5.36
10940.0	313.0	10.75	5.20
10940.0	314.0	10.62	6.00
10940.0	315.0	8.52	6.19
10940.0	316.0	3.95	5.89
10950.0	311.0	13.29	6.30
10950.0	312.0	13.50	5.36
10950.0	313.0	11.64	5.36
10950.0	314.0	11.48	6.17
10950.0	315.0	9.68	5.95
10950.0	316.0	4.62	5.82
10950.0	317.0	12.48	3.54
10960.0	313.0	12.60	5.41
10960.0	314.0	12.31	6.22
10960.0	315.0	10.85	5.80
10960.0	316.0	5.23	5.78
10960.0	317.0	12.35	3.96
10970.0	313.0	13.70	5.30
10970.0	314.0	12.87	6.38
10970.0	315.0	11.84	5.65
10970.0	316.0	5.91	5.72
10970.0	317.0	12.49	4.51
10980.0	315.0	12.74	5.62
10980.0	316.0	6.57	5.71
10980.0	317.0	12.56	4.69
10990.0	316.0	7.23	5.67
10990.0	317.0	12.87	4.77
11000.0	316.0	7.94	5.67
11000.0	317.0	13.91	4.93
11010.0	316.0	8.64	5.72
11020.0	316.0	9.37	5.77
11030.0	316.0	10.17	5.77
11040.0	316.0	10.86	5.73
11050.0	316.0	11.59	5.73
11060.0	316.0	12.25	5.63
11070.0	316.0	12.92	5.65
11210.0	318.0	6.99	5.34
11210.0	319.0	10.18	4.29
11210.0	320.0	12.00	4.35
11220.0	318.0	4.73	5.15
11220.0	319.0	9.35	4.08
11220.0	320.0	11.30	4.09
11230.0	318.0	2.32	5.02
11230.0	319.0	8.75	3.94
11230.0	320.0	10.61	3.98
11240.0	318.0	-0.11	4.80
11240.0	319.0	8.07	3.82
11240.0	320.0	10.00	3.72
11240.0	321.0	11.16	4.54
11240.0	322.0	11.11	5.18
11240.0	323.0	11.59	6.21
11240.0	324.0	13.14	5.14
11250.0	319.0	7.41	3.88
11250.0	320.0	9.23	3.66
11250.0	321.0	10.26	4.48
11250.0	322.0	10.21	5.33
11250.0	323.0	10.59	6.22
11250.0	324.0	12.14	4.68
11260.0	319.0	6.62	3.93
11260.0	320.0	8.56	3.47
11260.0	321.0	9.57	4.41
11260.0	322.0	9.36	5.23
11260.0	323.0	9.56	6.15
11260.0	324.0	11.25	4.10
11270.0	319.0	5.78	4.02
11270.0	320.0	7.98	3.27
11270.0	321.0	8.71	4.26
11270.0	322.0	8.49	5.13
11270.0	323.0	8.64	6.13
11270.0	324.0	10.26	3.89
11280.0	319.0	4.99	4.02
11280.0	320.0	7.52	3.12
11280.0	321.0	7.90	4.22
11280.0	322.0	7.66	5.08
11280.0	323.0	7.74	6.05
11280.0	324.0	9.27	3.76
11280.0	325.0	-1.54	0.75
11280.0	326.0	-1.80	0.98
11280.0	327.0	-2.80	1.84
11280.0	328.0	-3.58	0.19
11280.0	329.0	-2.76	-0.13
11290.0	319.0	4.20	4.06
11290.0	320.0	6.71	3.02
11290.0	321.0	7.04	4.15
11290.0	322.0	6.74	5.12
11290.0	323.0	6.83	6.00
11290.0	324.0	8.24	3.61
11290.0	325.0	-0.63	1.15
11290.0	326.0	-1.01	1.67
11290.0	327.0	-1.78	2.39
11290.0	328.0	-2.85	0.85
11290.0	329.0	-2.04	0.53
11290.0	330.0	-4.33	5.52
11300.0	319.0	3.42	4.19
11300.0	320.0	5.99	2.77
11300.0	321.0	6.19	4.10
11300.0	322.0	5.92	5.01
11300.0	323.0	5.97	5.83
11300.0	324.0	7.37	3.34
11300.0	325.0	0.15	1.51
11300.0	326.0	-0.18	2.07
11300.0	327.0	-1.07	2.78
11300.0	328.0	-1.78	1.47
11300.0	329.0	-1.18	1.02
11300.0	330.0	-3.27	5.72
11310.0	319.0	2.60	4.20
11310.0	320.0	5.27	2.69
11310.0	321.0	5.40	4.03
11310.0	322.0	5.04	4.88
11310.0	323.0	5.11	5.65
11310.0	324.0	6.09	3.16
11310.0	325.0	0.87	1.79
11310.0	326.0	0.58	2.37
11310.0	327.0	-0.26	2.95
11310.0	328.0	-0.96	1.92
11310.0	329.0	-0.36	1.48
11310.0	330.0	-1.85	6.02
11310.0	331.0	-4.43	4.56
11320.0	319.0	1.86	4.28
11320.0	320.0	4.56	2.55
11320.0	321.0	4.52	4.14
11320.0	322.0	4.18	4.80
11320.0	323.0	4.32	5.48
11320.0	324.0	5.62	3.04
11320.0	325.0	1.63	2.05
11320.0	326.0	1.37	2.68
11320.0	327.0	0.54	3.13
11320.0	328.0	-0.30	2.33
11320.0	329.0	0.34	1.92
11320.0	330.0	-0.46	6.26
11320.0	331.0	-3.49	4.94
11330.0	319.0	0.89	4.30
11330.0	320.0	3.99	2.18
11330.0	321.0	3.70	4.16
11330.0	322.0	3.27	4.83
11330.0	323.0	3.49	5.40
11330.0	324.0	4.45	2.80
11330.0	325.0	2.44	2.36
11330.0	326.0	2.14	2.91
11330.0	327.0	1.32	3.32
11330.0	328.0	0.25	2.67
11330.0	329.0	0.84	2.35
11330.0	330.0	0.88	6.38
11330.0	331.0	-2.70	5.35
11340.0	319.0	0.08	4.26
11340.0	320.0	3.28	2.03
11340.0	321.0	2.89	4.17
11340.0	322.0	2.43	4.85
11340.0	323.0	2.68	5.33
11340.0	324.0	4.08	2.58
11340.0	325.0	3.16	2.77
11340.0	326.0	2.90	3.22
11340.0	327.0	2.04	3.54
11340.0	328.0	1.01	3.01
11340.0	329.0	1.59	2.64
11340.0	330.0	1.95	6.39
11340.0	331.0	-1.67	5.66
11350.0	319.0	-0.70	4.57
11350.0	320.0	2.48	1.94
11350.0	321.0	2.06	4.04
11350.0	322.0	1.54	4.72
11350.0	323.0	1.88	5.29
11350.0	324.0	3.34	2.42
11350.0	325.0	4.05	3.07
11350.0	326.0	3.67	3.47
11350.0	327.0	2.79	3.76
11350.0	328.0	1.81	3.28
11350.0	329.0	2.39	2.91
11350.0	330.0	3.23	6.38
11350.0	331.0	-0.58	5.90
11360.0	319.0	-1.24	5.02
11360.0	320.0	1.82	1.93
11360.0	321.0	1.17	3.87
11360.0	322.0	0.55	4.53
11360.0	323.0	1.08	5.17
11360.0	324.0	2.57	2.50
11360.0	325.0	4.96	3.24
11360.0	326.0	4.43	3.72
11360.0	327.0	3.61	4.08
11360.0	328.0	2.69	3.53
11360.0	329.0	3.18	3.17
11360.0	330.0	4.57	6.38
11360.0	331.0	0.40	6.20
11370.0	319.0	-1.85	5.74
11370.0	320.0	1.16	1.97
11370.0	321.0	0.44	3.52
11370.0	322.0	-0.29	4.27
11370.0	323.0	0.32	4.94
11370.0	324.0	1.90	2.66
11370.0	325.0	5.81	3.38
11370.0	326.0	5.41	3.86
11370.0	327.0	4.62	4.44
11370.0	328.0	3.54	3.85
11370.0	329.0	4.04	3.44
11370.0	330.0	5.88	6.37
11370.0	331.0	1.43	6.46
11370.0	332.0	13.33	5.77
11380.0	319.0	-2.30	6.59
11380.0	320.0	0.52	1.64
11380.0	321.0	-0.33	3.20
11380.0	322.0	-1.04	3.95
11380.0	323.0	-0.44	4.58
11380.0	324.0	0.69	2.64
11380.0	325.0	6.69	3.46
11380.0	326.0	6.32	4.02
11380.0	327.0	5.55	4.70
11380.0	328.0	4.41	4.13
11380.0	329.0	4.89	3.69
11380.0	330.0	7.20	6.41
11380.0	331.0	2.43	6.60
11380.0	332.0	12.15	5.70
11390.0	319.0	-2.32	7.45
11390.0	320.0	0.11	1.36
11390.0	321.0	-1.03	2.81
11390.0	322.0	-1.79	3.57
11390.0	323.0	-1.03	4.37
11390.0	324.0	-0.11	2.30
11390.0	325.0	7.56	3.48
11390.0	326.0	7.24	4.14
11390.0	327.0	6.49	4.88
11390.0	328.0	5.31	4.40
11390.0	329.0	5.78	3.96
11390.0	330.0	8.51	6.44
11390.0	331.0	3.44	6.69
11390.0	332.0	11.01	5.69
11390.0	333.0	11.96	5.27
11390.0	334.0	-2.96	5.37
11390.0	335.0	-4.03	5.21
11390.0	336.0	-4.14	5.88
11390.0	337.0	-3.50	6.64
11390.0	338.0	-3.49	7.54
11390.0	339.0	-2.36	7.30
11400.0	320.0	-0.69	0.69
11400.0	321.0	-1.74	2.34
11400.0	322.0	-2.59	2.94
11400.0	323.0	-1.55	3.88
11400.0	324.0	-0.92	1.73
11400.0	325.0	8.48	3.59
11400.0	326.0	8.15	4.22
11400.0	327.0	7.40	5.01
11400.0	328.0	6.26	4.56
11400.0	329.0	6.76	4.08
11400.0	330.0	9.84	6.52
11400.0	331.0	4.51	6.79
11400.0	332.0	9.93	5.72
11400.0	333.0	10.77	5.38
11400.0	334.0	-2.36	5.24
11400.0	335.0	-3.15	5.13
11400.0	336.0	-3.25	5.87
11400.0	337.0	-2.56	6.43
11400.0	338.0	-2.40	7.29
11400.0	339.0	-2.70	8.17
11410.0	320.0	-1.29	0.44
11410.0	321.0	-2.25	1.87
11410.0	322.0	-3.29	2.54
11410.0	323.0	-2.39	3.24
11410.0	324.0	-1.86	1.20
11410.0	325.0	9.34	3.79
11410.0	326.0	9.03	4.21
11410.0	327.0	8.32	4.92
11410.0	328.0	7.22	4.63
11410.0	329.0	7.76	4.15
11410.0	330.0	11.18	6.44
11410.0	331.0	5.55	6.89
11410.0	332.0	8.83	5.77
11410.0	333.0	9.55	5.42
11410.0	334.0	-1.59	5.20
11410.0	335.0	-2.07	5.10
11410.0	336.0	-2.37	5.86
11410.0	337.0	-1.61	6.42
11410.0	338.0	-1.32	7.20
11420.0	325.0	10.26	3.94
11420.0	326.0	9.95	4.32
11420.0	327.0	9.26	4.99
11420.0	328.0	8.01	4.71
11420.0	329.0	8.61	4.16
11420.0	330.0	12.53	6.17
11420.0	331.0	6.78	7.03
11420.0	332.0	7.73	5.62
11420.0	333.0	8.59	5.53
11420.0	334.0	-1.28	5.15
11420.0	335.0	-0.05	5.18
11420.0	336.0	-1.28	5.89
11420.0	337.0	-0.77	6.34
11420.0	338.0	-0.49	7.15
11430.0	325.0	11.14	4.06
11430.0	326.0	10.87	4.50
11430.0	327.0	10.12	5.15
11430.0	328.0	8.82	4.55
11430.0	329.0	9.50	4.18
11430.0	331.0	7.90	7.09
11430.0	332.0	6.66	5.39
11430.0	333.0	7.50	5.23
11430.0	334.0	-0.30	5.10
11430.0	335.0	0.82	5.13
11430.0	336.0	-0.23	5.88
11430.0	337.0	0.22	6.31
11430.0	338.0	0.60	6.93
11440.0	325.0	12.03	4.34
11440.0	326.0	11.76	4.75
11440.0	327.0	11.00	5.36
11440.0	328.0	9.71	4.68
11440.0	329.0	10.38	4.34
11440.0	331.0	8.95	7.02
11440.0	332.0	5.65	5.05
11440.0	333.0	6.47	4.74
11440.0	334.0	0.72	5.23
11440.0	335.0	1.88	5.19
11440.0	336.0	0.71	5.82
11440.0	337.0	1.15	6.25
11440.0	338.0	1.61	6.86
11450.0	325.0	13.04	4.70
11450.0	326.0	12.65	5.10
11450.0	327.0	11.81	5.55
11450.0	328.0	10.49	4.96
11450.0	329.0	11.21	4.74
11450.0	331.0	10.10	7.14
11450.0	332.0	4.59	4.62
11450.0	333.0	5.27	4.10
11450.0	334.0	1.69	5.23
11450.0	335.0	2.86	5.16
11450.0	336.0	1.68	5.77
11450.0	337.0	2.23	6.23
11450.0	338.0	2.60	6.95
11460.0	325.0	13.96	5.00
11460.0	327.0	12.64	5.61
11460.0	328.0	11.34	5.08
11460.0	329.0	12.09	4.90
11460.0	331.0	10.98	7.30
11460.0	332.0	3.54	4.18
11460.0	333.0	4.19	3.59
11460.0	334.0	2.67	5.20
11460.0	335.0	3.82	5.11
11460.0	336.0	2.67	5.84
11460.0	337.0	3.37	6.20
11460.0	338.0	3.56	6.93
11470.0	327.0	13.39	5.69
11470.0	328.0	12.08	5.33
11470.0	329.0	12.91	5.06
11470.0	331.0	11.98	7.51
11470.0	332.0	2.46	3.68
11470.0	333.0	3.05	3.15
11470.0	334.0	3.49	5.12
11470.0	335.0	4.90	5.03
11470.0	336.0	3.68	5.91
11470.0	337.0	4.32	6.22
11470.0	338.0	4.50	6.94
11480.0	328.0	12.76	5.36
11480.0	329.0	13.89	5.40
11480.0	331.0	12.70	7.65
11480.0	332.0	1.34	3.17
11480.0	333.0	1.91	2.67
11480.0	334.0	4.46	5.05
11480.0	335.0	5.92	5.00
11480.0	336.0	4.62	5.86
11480.0	337.0	5.23	6.18
11480.0	338.0	5.41	6.89
11490.0	328.0	13.71	5.90
11490.0	331.0	13.21	7.29
11490.0	332.0	0.47	2.71
11490.0	333.0	0.84	2.06
11490.0	334.0	5.46	5.01
11490.0	335.0	6.86	4.96
11490.0	336.0	5.62	5.84
11490.0	337.0	6.20	6.15
11490.0	338.0	6.37	6.83
11500.0	331.0	13.40	6.59
11500.0	332.0	-0.62	2.09
11500.0	333.0	-0.19	1.44
11500.0	334.0	6.41	4.89
11500.0	335.0	7.86	4.97
11500.0	336.0	6.66	5.81
11500.0	337.0	7.25	6.12
11500.0	338.0	7.41	6.77
11510.0	334.0	7.36	4.82
11510.0	335.0	8.80	5.00
11510.0	336.0	7.63	5.63
11510.0	337.0	8.27	6.03
11510.0	338.0	8.43	6.67
11520.0	334.0	8.35	4.75
11520.0	335.0	9.75	4.94
11520.0	336.0	8.62	5.64
11520.0	337.0	9.26	6.05
11520.0	338.0	9.45	6.67
11530.0	334.0	9.26	4.66
11530.0	335.0	10.72	4.93
11530.0	336.0	9.43	5.53
11530.0	337.0	10.26	6.09
11530.0	338.0	10.49	6.63
11540.0	334.0	10.17	4.57
11540.0	335.0	11.66	4.87
11540.0	336.0	10.40	5.56
11540.0	337.0	11.24	6.04
11540.0	338.0	11.45	6.57
11550.0	334.0	11.12	4.60
11550.0	335.0	12.52	4.80
11550.0	336.0	11.03	5.57
11550.0	337.0	12.19	5.98
11550.0	338.0	12.41	6.54
11610.0	340.0	9.53	6.24
11610.0	341.0	11.65	6.69
11620.0	340.0	8.55	5.87
11620.0	341.0	10.67	6.41
11630.0	340.0	7.47	5.41
11630.0	341.0	9.62	6.07
11640.0	340.0	6.41	4.89
11640.0	341.0	8.64	5.72
11650.0	340.0	5.29	4.40
11650.0	341.0	7.61	5.48
11660.0	340.0	4.21	3.81
11660.0	341.0	6.62	5.21
11670.0	340.0	3.09	3.14
11670.0	341.0	5.63	4.92
11680.0	340.0	1.98	2.45
11680.0	341.0	4.62	4.56
11690.0	340.0	0.96	1.76
11690.0	341.0	3.61	4.11
11700.0	340.0	-0.17	1.22
11700.0	341.0	2.53	3.62
11710.0	340.0	-1.23	0.59
11710.0	341.0	1.48	3.06
11720.0	340.0	-2.25	-0.20
11720.0	341.0	0.55	2.57
11730.0	340.0	-3.12	-1.00
11730.0	341.0	-0.44	2.06
11740.0	340.0	-3.99	-1.83
11740.0	341.0	-1.35	1.42
11750.0	340.0	-4.84	-2.62
11750.0	341.0	-2.23	0.69
11840.0	342.0	10.64	4.90
11850.0	342.0	9.73	4.76
11860.0	342.0	8.75	4.60
11860.0	343.0	0.13	1.43
11860.0	344.0	-0.75	1.87
11860.0	345.0	11.27	4.62
11870.0	342.0	7.84	4.56
11870.0	343.0	1.12	1.94
11870.0	344.0	0.39	2.42
11870.0	345.0	10.38	4.35
11870.0	346.0	-2.70	0.74
11870.0	347.0	-2.39	-0.05
11880.0	342.0	6.88	4.50
11880.0	343.0	1.94	2.32
11880.0	344.0	1.40	2.82
11880.0	345.0	9.38	4.31
11880.0	346.0	-1.80	1.32
11880.0	347.0	-1.43	0.80
11880.0	348.0	13.41	5.46
11890.0	342.0	5.99	4.48
11890.0	343.0	2.86	2.60
11890.0	344.0	2.40	3.17
11890.0	345.0	8.35	4.35
11890.0	346.0	-1.04	1.87
11890.0	347.0	-0.68	1.28
11890.0	348.0	12.40	5.01
11900.0	342.0	5.08	4.47
11900.0	343.0	3.89	2.92
11900.0	344.0	3.39	3.42
11900.0	345.0	7.29	4.48
11900.0	346.0	-0.06	2.38
11900.0	347.0	0.40	1.60
11900.0	348.0	11.32	4.73
11900.0	349.0	-4.86	5.07
11910.0	342.0	4.17	4.43
11910.0	343.0	5.11	3.06
11910.0	344.0	4.40	3.61
11910.0	345.0	6.24	4.54
11910.0	346.0	0.89	2.76
11910.0	347.0	1.37	2.04
11910.0	348.0	10.24	4.56
11910.0	349.0	-3.80	5.22
11920.0	342.0	3.31	4.36
11920.0	343.0	6.22	3.24
11920.0	344.0	5.58	3.77
11920.0	345.0	5.17	4.55
11920.0	346.0	1.98	3.10
11920.0	347.0	2.48	2.39
11920.0	348.0	9.14	4.44
11920.0	349.0	-2.74	5.37
11930.0	342.0	2.48	4.12
11930.0	343.0	7.35	3.30
11930.0	344.0	6.77	3.82
11930.0	345.0	4.20	4.43
11930.0	346.0	3.02	3.31
11930.0	347.0	3.62	2.57
11930.0	348.0	8.10	4.53
11930.0	349.0	-1.62	5.53
11930.0	350.0	-4.99	5.19
11940.0	342.0	1.68	3.86
11940.0	343.0	8.49	3.53
11940.0	344.0	7.84	3.91
11940.0	345.0	3.23	4.21
11940.0	346.0	4.14	3.53
11940.0	347.0	4.56	2.82
11940.0	348.0	6.97	4.60
11940.0	349.0	-0.47	5.61
11940.0	350.0	-3.91	5.18
11940.0	351.0	-3.08	-1.19
11940.0	352.0	-4.08	-0.79
11940.0	353.0	-4.79	-0.26
11950.0	342.0	0.82	3.51
11950.0	343.0	9.60	3.81
11950.0	344.0	8.96	4.19
11950.0	345.0	2.29	3.84
11950.0	346.0	5.34	3.75
11950.0	347.0	5.59	3.06
11950.0	348.0	5.71	4.73
11950.0	349.0	0.67	5.64
11950.0	350.0	-3.05	5.23
11950.0	351.0	-2.29	-0.33
11950.0	352.0	-3.34	-0.08
11950.0	353.0	-4.04	0.44
11960.0	342.0	0.03	3.29
11960.0	343.0	10.61	4.09
11960.0	344.0	9.99	4.46
11960.0	345.0	1.39	3.56
11960.0	346.0	6.47	3.91
11960.0	347.0	6.65	3.30
11960.0	348.0	4.60	4.55
11960.0	349.0	1.81	5.63
11960.0	350.0	-2.12	5.27
11960.0	351.0	-1.45	0.33
11960.0	352.0	-2.53	0.51
11960.0	353.0	-3.12	1.03
11970.0	342.0	-0.92	2.98
11970.0	343.0	11.74	4.48
11970.0	344.0	11.04	4.86
11970.0	345.0	0.44	3.29
11970.0	346.0	7.53	4.13
11970.0	347.0	7.68	3.43
11970.0	348.0	3.53	4.29
11970.0	349.0	2.94	5.59
11970.0	350.0	-0.94	5.31
11970.0	351.0	-0.67	0.93
11970.0	352.0	-1.69	1.03
11970.0	353.0	-2.13	1.65
11970.0	354.0	12.78	6.08
11970.0	355.0	-2.40	10.55
11980.0	342.0	-1.70	2.72
11980.0	343.0	12.84	4.85
11980.0	344.0	12.10	5.17
11980.0	345.0	-0.42	3.00
11980.0	346.0	8.63	4.40
11980.0	347.0	8.67	3.73
11980.0	348.0	2.45	4.18
11980.0	349.0	4.10	5.50
11980.0	350.0	-0.26	5.57
11980.0	351.0	0.27	1.45
11980.0	352.0	-0.73	1.46
11980.0	353.0	-1.07	2.05
11980.0	354.0	11.42	6.19
11980.0	355.0	-1.66	9.90
11990.0	342.0	-2.29	2.29
11990.0	343.0	13.96	5.38
11990.0	344.0	13.22	5.51
11990.0	345.0	-1.18	2.38
11990.0	346.0	9.67	4.74
11990.0	347.0	9.64	3.88
11990.0	348.0	1.36	4.01
11990.0	349.0	5.30	5.45
11990.0	350.0	0.83	5.71
11990.0	351.0	1.25	1.84
11990.0	352.0	0.28	1.98
11990.0	353.0	-0.10	2.48
11990.0	354.0	10.29	6.32
11990.0	355.0	-0.84	9.56
12000.0	342.0	-2.96	1.67
12000.0	345.0	-1.71	1.68
12000.0	346.0	10.73	5.07
12000.0	347.0	10.72	4.23
12000.0	348.0	0.34	3.98
12000.0	349.0	6.49	5.38
12000.0	350.0	1.83	5.83
12000.0	351.0	2.36	2.21
12000.0	352.0	1.33	2.46
12000.0	353.0	0.91	2.96
12000.0	354.0	9.19	6.34
12000.0	355.0	-0.19	8.92
12010.0	342.0	-3.47	1.06
12010.0	345.0	-2.19	0.69
12010.0	346.0	11.71	5.41
12010.0	347.0	11.72	4.52
12010.0	348.0	-0.62	4.02
12010.0	349.0	7.69	5.31
12010.0	350.0	2.72	5.93
12010.0	351.0	3.24	2.38
12010.0	352.0	2.36	2.88
12010.0	353.0	1.95	3.38
12010.0	354.0	8.07	6.40
12010.0	355.0	0.51	8.54
12020.0	342.0	-3.96	0.40
12020.0	345.0	-2.68	-0.09
12020.0	346.0	12.60	5.66
12020.0	347.0	12.67	4.84
12020.0	348.0	-1.56	4.00
12020.0	349.0	8.88	5.26
12020.0	350.0	3.64	5.81
12020.0	351.0	4.42	2.71
12020.0	352.0	3.36	3.31
12020.0	353.0	3.00	3.81
12020.0	354.0	7.01	6.49
12020.0	355.0	1.38	8.29
12020.0	356.0	-5.54	1.26
12020.0	357.0	-6.40	6.26
12020.0	358.0	-6.55	7.20
12020.0	359.0	-4.90	12.67
12030.0	342.0	-4.35	-0.27
12030.0	345.0	-3.35	-0.98
12030.0	346.0	13.85	6.20
12030.0	347.0	13.98	5.17
12030.0	348.0	-2.39	3.96
12030.0	349.0	10.09	5.25
12030.0	350.0	4.59	5.82
12030.0	351.0	5.47	2.90
12030.0	352.0	4.30	3.55
12030.0	353.0	4.06	4.17
12030.0	354.0	6.01	6.68
12030.0	355.0	2.20	8.09
12030.0	356.0	-4.46	1.58
12030.0	357.0	-5.94	6.35
12030.0	358.0	-6.05	7.26
12030.0	359.0	-4.12	12.14
12040.0	342.0	-4.74	-1.01
12040.0	345.0	-3.84	-1.83
12040.0	348.0	-3.25	4.09
12040.0	349.0	11.27	5.29
12040.0	350.0	5.52	5.83
12040.0	351.0	6.69	3.22
12040.0	352.0	5.33	3.84
12040.0	353.0	5.10	4.49
12040.0	354.0	4.97	6.64
12040.0	355.0	3.05	7.92
12040.0	356.0	-3.33	1.77
12040.0	357.0	-5.34	6.43
12040.0	358.0	-5.49	7.27
12040.0	359.0	-3.37	11.66
12050.0	348.0	-4.23	4.24
12050.0	349.0	12.41	5.34
12050.0	350.0	6.35	5.90
12050.0	351.0	7.75	3.52
12050.0	352.0	6.39	4.03
12050.0	353.0	6.13	4.67
12050.0	354.0	3.88	6.52
12050.0	355.0	3.91	7.72
12050.0	356.0	-2.07	1.82
12050.0	357.0	-4.84	6.53
12050.0	358.0	-4.99	7.41
12050.0	359.0	-2.77	11.06
12060.0	348.0	-5.09	4.43
12060.0	349.0	13.96	5.57
12060.0	350.0	7.15	5.91
12060.0	351.0	8.92	3.62
12060.0	352.0	7.40	4.19
12060.0	353.0	7.13	4.83
12060.0	354.0	2.91	6.16
12060.0	355.0	4.69	7.34
12060.0	356.0	-0.86	1.87
12060.0	357.0	-4.35	6.61
12060.0	358.0	-4.50	7.46
12060.0	359.0	-1.92	10.43
12070.0	348.0	-5.90	4.54
12070.0	350.0	7.98	5.94
12070.0	351.0	10.01	3.95
12070.0	352.0	8.37	4.35
12070.0	353.0	8.06	4.98
12070.0	354.0	1.94	5.78
12070.0	355.0	5.45	6.89
12070.0	356.0	0.40	2.03
12070.0	357.0	-3.81	6.69
12070.0	358.0	-4.07	7.51
12070.0	359.0	-0.95	9.91
12080.0	348.0	-6.70	4.64
12080.0	350.0	9.00	5.99
12080.0	351.0	11.05	4.45
12080.0	352.0	9.55	4.52
12080.0	353.0	8.90	4.98
12080.0	354.0	0.97	5.26
12080.0	355.0	6.25	6.46
12080.0	356.0	1.61	2.30
12080.0	357.0	-3.37	6.74
12080.0	358.0	-3.78	7.53
12080.0	359.0	-0.16	9.39
12090.0	350.0	9.65	5.87
12090.0	351.0	12.25	4.58
12090.0	352.0	10.66	4.73
12090.0	353.0	9.63	4.87
12090.0	354.0	0.12	4.74
12090.0	355.0	7.12	6.14
12090.0	356.0	2.83	2.57
12090.0	357.0	-3.06	6.74
12090.0	358.0	-3.23	7.55
12090.0	359.0	0.74	8.91
12100.0	350.0	10.52	5.88
12100.0	351.0	13.32	5.25
12100.0	352.0	11.71	4.89
12100.0	353.0	10.30	4.84
12100.0	354.0	-0.84	4.19
12100.0	355.0	7.94	5.86
12100.0	356.0	4.08	2.78
12100.0	357.0	-2.43	6.86
12100.0	358.0	-2.61	7.56
12100.0	359.0	1.58	8.50
12110.0	350.0	11.40	5.93
12110.0	352.0	13.03	5.07
12110.0	353.0	11.03	4.88
12110.0	354.0	-1.57	3.50
12110.0	355.0	8.73	5.65
12110.0	356.0	5.34	3.13
12110.0	357.0	-2.24	6.96
12110.0	358.0	-2.24	7.62
12110.0	359.0	2.45	8.11
12120.0	350.0	12.25	6.07
12120.0	353.0	11.76	5.10
12120.0	354.0	-2.18	2.63
12120.0	355.0	9.62	5.47
12120.0	356.0	6.51	3.49
12120.0	357.0	-1.85	6.97
12120.0	358.0	-1.84	7.67
12120.0	359.0	3.38	7.77
12130.0	350.0	13.32	6.12
12130.0	353.0	12.65	5.34
12130.0	355.0	10.53	5.22
12130.0	356.0	7.70	3.84
12130.0	357.0	-1.44	6.92
12130.0	358.0	-1.30	7.52
12130.0	359.0	4.56	7.32
12140.0	353.0	13.45	5.53
12140.0	355.0	11.40	5.15
12140.0	356.0	8.91	4.13
12140.0	357.0	-0.90	6.89
12140.0	358.0	-0.90	7.53
12140.0	359.0	5.71	6.86
12150.0	355.0	12.25	5.14
12150.0	356.0	10.09	4.43
12150.0	357.0	-0.52	6.83
12150.0	358.0	-0.49	7.47
12150.0	359.0	6.64	6.56
12160.0	355.0	13.06	5.24
12160.0	356.0	11.24	4.64
12160.0	357.0	-0.08	6.77
12160.0	358.0	-0.03	7.40
12160.0	359.0	7.37	6.33
12170.0	355.0	13.32	5.62
12170.0	356.0	12.33	4.89
12170.0	357.0	0.39	6.71
12170.0	358.0	0.44	7.34
12170.0	359.0	8.34	5.90
12180.0	356.0	13.60	5.17
12180.0	357.0	0.84	6.69
12180.0	358.0	0.87	7.36
12180.0	359.0	9.37	5.77
12190.0	357.0	1.33	6.60
12190.0	358.0	1.33	7.27
12190.0	359.0	10.39	5.67
12200.0	357.0	1.79	6.61
12200.0	358.0	1.79	7.27
12200.0	359.0	11.58	5.61
12200.0	360.0	-1.34	3.51
12200.0	361.0	-1.42	2.71
12210.0	357.0	2.25	6.52
12210.0	358.0	2.28	7.21
12210.0	359.0	12.52	5.73
12210.0	360.0	-0.40	3.58
12210.0	361.0	-0.40	2.86
12220.0	357.0	2.72	6.51
12220.0	358.0	2.81	7.21
12220.0	359.0	13.76	5.26
12220.0	360.0	0.65	3.67
12220.0	361.0	0.65	2.95
12220.0	362.0	-0.86	4.45
12220.0	363.0	-0.97	5.24
12230.0	357.0	3.19	6.42
12230.0	358.0	3.24	7.11
12230.0	360.0	1.72	3.84
12230.0	361.0	1.67	3.02
12230.0	362.0	0.14	4.42
12230.0	363.0	0.09	5.28
12240.0	357.0	3.68	6.54
12240.0	358.0	3.72	7.14
12240.0	360.0	2.77	3.91
12240.0	361.0	2.74	3.06
12240.0	362.0	1.25	4.44
12240.0	363.0	1.21	5.28
12240.0	364.0	-2.27	5.57
12240.0	365.0	-2.16	6.43
12240.0	366.0	-2.40	7.17
12250.0	357.0	4.14	6.55
12250.0	358.0	4.14	7.14
12250.0	360.0	3.88	3.87
12250.0	361.0	3.79	3.15
12250.0	362.0	2.34	4.50
12250.0	363.0	2.28	5.26
12250.0	364.0	-1.36	5.39
12250.0	365.0	-1.03	6.29
12250.0	366.0	-1.00	7.08
12260.0	357.0	4.57	6.56
12260.0	358.0	4.61	7.15
12260.0	360.0	4.90	3.96
12260.0	361.0	4.81	3.24
12260.0	362.0	3.38	4.43
12260.0	363.0	3.30	5.26
12260.0	364.0	-0.26	5.35
12260.0	365.0	0.06	6.13
12260.0	366.0	0.09	7.02
12270.0	357.0	5.05	6.50
12270.0	358.0	5.07	7.12
12270.0	360.0	5.88	4.21
12270.0	361.0	5.88	3.40
12270.0	362.0	4.48	4.44
12270.0	363.0	4.39	5.25
12270.0	364.0	0.85	5.22
12270.0	365.0	1.14	6.02
12270.0	366.0	1.14	6.94
12270.0	367.0	12.63	7.26
12280.0	357.0	5.57	6.41
12280.0	358.0	5.53	7.10
12280.0	360.0	6.93	4.37
12280.0	361.0	6.99	3.63
12280.0	362.0	5.60	4.50
12280.0	363.0	5.51	5.28
12280.0	364.0	1.95	5.17
12280.0	365.0	2.20	5.92
12280.0	366.0	2.27	6.89
12280.0	367.0	12.11	7.63
12290.0	357.0	6.10	6.45
12290.0	358.0	6.09	7.10
12290.0	360.0	8.02	4.65
12290.0	361.0	8.11	3.85
12290.0	362.0	6.68	4.54
12290.0	363.0	6.56	5.38
12290.0	364.0	3.13	5.10
12290.0	365.0	3.37	5.83
12290.0	366.0	3.36	6.83
12290.0	367.0	11.62	8.06
12300.0	357.0	6.61	6.36
12300.0	358.0	6.65	7.02
12300.0	360.0	9.08	4.97
12300.0	361.0	9.22	4.02
12300.0	362.0	7.83	4.60
12300.0	363.0	7.68	5.45
12300.0	364.0	4.23	4.93
12300.0	365.0	4.44	5.68
12300.0	366.0	4.57	6.96
12300.0	367.0	11.33	8.28
12310.0	357.0	7.17	6.35
12310.0	358.0	7.20	7.02
12310.0	360.0	10.21	5.19
12310.0	361.0	10.37	4.31
12310.0	362.0	8.90	4.65
12310.0	363.0	8.78	5.55
12310.0	364.0	5.36	4.82
12310.0	365.0	5.53	5.50
12310.0	366.0	5.50	7.24
12310.0	367.0	11.23	8.41
12320.0	357.0	7.70	6.29
12320.0	358.0	7.76	6.92
12320.0	360.0	11.30	5.41
12320.0	361.0	11.52	4.57
12320.0	362.0	9.96	4.75
12320.0	363.0	9.87	5.53
12320.0	364.0	6.51	4.68
12320.0	365.0	6.67	5.35
12320.0	366.0	6.54	7.42
12320.0	367.0	11.20	8.44
12330.0	357.0	8.19	6.29
12330.0	358.0	8.22	6.90
12330.0	360.0	12.29	5.55
12330.0	361.0	12.61	4.80
12330.0	362.0	11.02	4.88
12330.0	363.0	10.97	5.59
12330.0	364.0	7.59	4.50
12330.0	365.0	7.75	5.20
12330.0	366.0	7.74	7.46
12330.0	367.0	11.20	8.44
12340.0	357.0	8.67	6.29
12340.0	358.0	8.66	6.81
12340.0	360.0	13.26	5.81
12340.0	361.0	13.39	4.85
12340.0	362.0	12.04	4.98
12340.0	363.0	11.99	5.67
12340.0	364.0	8.68	4.35
12340.0	365.0	8.85	5.05
12340.0	366.0	9.06	7.60
12340.0	367.0	11.20	8.44
12350.0	357.0	9.12	6.27
12350.0	358.0	9.10	6.79
12350.0	362.0	12.85	5.08
12350.0	363.0	12.74	5.63
12350.0	364.0	9.70	4.26
12350.0	365.0	9.97	5.08
12350.0	366.0	9.90	7.57
12350.0	367.0	11.20	8.44
12360.0	357.0	9.53	6.24
12360.0	358.0	9.53	6.76
12360.0	363.0	13.35	5.48
12360.0	364.0	10.64	4.13
12360.0	365.0	10.99	5.21
12360.0	366.0	10.78	7.51
12360.0	367.0	11.20	8.44
12370.0	357.0	9.98	6.18
12370.0	358.0	9.96	6.74
12370.0	364.0	11.50	4.09
12370.0	365.0	11.96	5.38
12370.0	366.0	11.50	7.32
12370.0	367.0	11.20	8.44
12380.0	357.0	10.41	6.22
12380.0	358.0	10.35	6.75
12380.0	364.0	12.29	4.14
12380.0	365.0	12.65	5.35
12380.0	366.0	12.08	7.02
12380.0	367.0	11.20	8.44
