0.0	1.0	1.41	-5.68
0.0	2.0	0.51	-6.94
0.0	3.0	2.3	-4.59
0.0	4.0	2.74	-2.5
0.0	5.0	-1.59	0.93
0.0	6.0	-1.72	1.32
0.0	7.0	-2.45	2.26
0.0	8.0	-1.45	-0.76
0.0	9.0	1.16	-8.54
0.0	10.0	-0.11	-9.9
10.0	1.0	1.28	-6.35
10.0	2.0	0.55	-7.59
10.0	3.0	1.94	-4.12
10.0	4.0	2.76	-1.77
10.0	5.0	-1.59	0.93
10.0	6.0	-1.72	1.32
10.0	7.0	-2.43	2.46
10.0	8.0	-1.45	-0.76
10.0	9.0	1.18	-9.17
10.0	10.0	-0.1	-9.88
20.0	3.0	1.53	-3.49
20.0	4.0	2.73	-1.07
20.0	5.0	-1.59	0.93
20.0	6.0	-1.72	1.32
20.0	7.0	-2.43	2.59
20.0	8.0	-1.45	-0.76
30.0	3.0	1.14	-2.99
30.0	4.0	2.73	-0.42
30.0	5.0	-1.59	0.93
30.0	6.0	-1.72	1.32
30.0	7.0	-2.38	2.82
30.0	8.0	-1.45	-0.76
40.0	3.0	0.84	-2.46
40.0	4.0	2.71	0.34
40.0	5.0	-1.59	0.93
40.0	6.0	-1.72	1.32
40.0	7.0	-2.41	3.35
40.0	8.0	-1.45	-0.76
50.0	3.0	0.45	-2.0
50.0	4.0	2.63	0.94
50.0	5.0	-1.59	0.93
50.0	6.0	-1.72	1.32
50.0	7.0	-2.41	3.76
50.0	8.0	-1.45	-0.76
60.0	3.0	0.17	-1.52
60.0	4.0	2.59	1.68
60.0	5.0	-1.59	0.93
60.0	6.0	-1.72	1.32
60.0	8.0	-1.45	-0.76
70.0	3.0	-0.1	-0.97
70.0	4.0	2.53	2.24
70.0	5.0	-1.59	0.93
70.0	6.0	-1.72	1.32
70.0	8.0	-1.45	-0.76
80.0	3.0	-0.34	-0.39
80.0	5.0	-1.59	0.93
80.0	6.0	-1.72	1.32
80.0	8.0	-1.45	-0.76
90.0	3.0	-0.55	0.19
90.0	5.0	-1.59	0.93
90.0	6.0	-1.72	1.32
90.0	8.0	-1.45	-0.76
100.0	3.0	-0.76	0.73
100.0	5.0	-1.59	0.93
100.0	6.0	-1.72	1.32
100.0	8.0	-1.45	-0.76
110.0	3.0	-0.94	1.21
110.0	5.0	-1.59	0.93
110.0	6.0	-1.7	1.32
110.0	8.0	-1.45	-0.76
120.0	3.0	-1.19	1.79
120.0	5.0	-1.59	0.93
120.0	6.0	-1.7	1.32
120.0	8.0	-1.45	-0.76
130.0	3.0	-1.46	2.17
130.0	5.0	-1.59	0.93
130.0	6.0	-1.7	1.32
130.0	8.0	-1.45	-0.76
140.0	5.0	-1.59	0.93
140.0	6.0	-1.7	1.32
140.0	8.0	-1.45	-0.76
140.0	11.0	0.4	2.98
140.0	12.0	1.25	2.85
140.0	13.0	1.01	3.82
150.0	5.0	-1.59	0.93
150.0	6.0	-1.7	1.32
150.0	8.0	-1.45	-0.76
150.0	11.0	0.34	2.2
150.0	12.0	1.33	2.64
150.0	13.0	0.9	3.5
160.0	5.0	-1.59	0.93
160.0	6.0	-1.7	1.32
160.0	8.0	-1.45	-0.76
160.0	11.0	0.34	1.36
160.0	12.0	1.36	2.36
160.0	13.0	0.76	3.12
170.0	5.0	-1.59	0.93
170.0	6.0	-1.7	1.32
170.0	8.0	-1.45	-0.76
170.0	11.0	0.4	0.55
170.0	12.0	1.34	1.98
170.0	13.0	0.74	2.59
170.0	14.0	4.0	-2.41
170.0	15.0	3.13	-2.31
170.0	16.0	3.58	-5.93
180.0	5.0	-1.59	0.93
180.0	6.0	-1.7	1.32
180.0	8.0	-1.51	-0.65
180.0	11.0	0.42	-0.3
180.0	12.0	1.38	1.5
180.0	13.0	0.74	2.0
180.0	14.0	3.99	-1.8
180.0	15.0	3.14	-1.8
180.0	16.0	3.44	-5.17
190.0	5.0	-1.59	0.93
190.0	6.0	-1.7	1.32
190.0	8.0	-1.45	-0.74
190.0	11.0	0.49	-1.14
190.0	12.0	1.4	0.97
190.0	13.0	0.76	1.39
190.0	14.0	3.92	-1.35
190.0	15.0	3.13	-1.3
190.0	16.0	3.35	-4.43
200.0	5.0	-1.59	0.93
200.0	6.0	-1.7	1.32
200.0	8.0	-1.45	-0.76
200.0	11.0	0.53	-1.97
200.0	12.0	1.35	0.35
200.0	13.0	0.78	0.77
200.0	14.0	3.9	-0.88
200.0	15.0	3.09	-0.81
200.0	16.0	3.25	-3.64
210.0	5.0	-1.59	0.93
210.0	6.0	-1.7	1.32
210.0	8.0	-1.55	-0.65
210.0	11.0	0.58	-2.8
210.0	12.0	1.38	-0.29
210.0	13.0	0.77	0.1
210.0	14.0	3.89	-0.4
210.0	15.0	3.09	-0.32
210.0	16.0	3.15	-2.85
220.0	5.0	-1.59	0.93
220.0	6.0	-1.7	1.32
220.0	8.0	-1.52	-0.61
220.0	11.0	0.6	-3.7
220.0	12.0	1.32	-0.92
220.0	13.0	0.75	-0.6
220.0	14.0	3.82	0.08
220.0	15.0	3.11	0.13
220.0	16.0	3.13	-2.04
230.0	5.0	-1.59	0.93
230.0	6.0	-1.7	1.32
230.0	8.0	-1.45	-0.74
230.0	11.0	0.74	-4.63
230.0	12.0	1.29	-1.63
230.0	13.0	0.72	-1.32
230.0	14.0	3.8	0.57
230.0	15.0	3.11	0.62
230.0	16.0	3.0	-1.24
230.0	17.0	1.42	-8.27
230.0	18.0	3.29	-6.77
240.0	5.0	-1.6	0.93
240.0	6.0	-1.72	1.32
240.0	8.0	-1.45	-0.76
240.0	11.0	0.71	-5.59
240.0	12.0	1.3	-2.37
240.0	13.0	0.7	-2.13
240.0	14.0	3.79	1.05
240.0	15.0	3.13	1.12
240.0	16.0	2.87	-0.36
240.0	17.0	1.55	-7.52
240.0	18.0	3.29	-6.04
250.0	5.0	-1.61	0.93
250.0	6.0	-1.72	1.32
250.0	8.0	-1.45	-0.76
250.0	11.0	0.7	-6.39
250.0	12.0	1.26	-3.13
250.0	13.0	0.72	-2.9
250.0	14.0	3.78	1.47
250.0	15.0	3.12	1.58
250.0	16.0	2.74	0.34
250.0	17.0	1.66	-6.71
250.0	18.0	3.24	-5.34
260.0	11.0	0.74	-7.26
260.0	12.0	1.24	-3.9
260.0	13.0	0.69	-3.56
260.0	14.0	3.72	1.99
260.0	15.0	3.08	2.03
260.0	16.0	2.62	1.08
260.0	17.0	1.86	-5.89
260.0	18.0	3.25	-4.66
270.0	11.0	0.8	-8.15
270.0	12.0	1.23	-4.67
270.0	13.0	0.69	-4.31
270.0	14.0	3.71	2.45
270.0	15.0	3.1	2.46
270.0	16.0	2.48	1.83
270.0	17.0	1.93	-5.09
270.0	18.0	3.24	-3.93
280.0	11.0	0.83	-9.02
280.0	12.0	1.24	-5.45
280.0	13.0	0.68	-5.1
280.0	14.0	3.7	2.92
280.0	15.0	3.12	2.91
280.0	16.0	2.27	2.56
280.0	17.0	2.0	-4.23
280.0	18.0	3.27	-3.24
290.0	12.0	1.31	-6.13
290.0	13.0	0.71	-5.87
290.0	17.0	2.03	-3.38
290.0	18.0	3.26	-2.57
300.0	12.0	1.26	-6.95
300.0	13.0	0.72	-6.6
300.0	17.0	1.98	-2.53
300.0	18.0	3.21	-1.88
310.0	12.0	1.3	-7.73
310.0	13.0	0.77	-7.35
310.0	17.0	1.95	-1.66
310.0	18.0	3.22	-1.22
320.0	12.0	1.3	-8.48
320.0	13.0	0.79	-8.19
320.0	17.0	1.92	-0.85
320.0	18.0	3.22	-0.53
320.0	19.0	0.36	1.64
330.0	17.0	1.91	-0.02
330.0	18.0	3.29	0.12
330.0	19.0	0.44	2.06
340.0	17.0	2.03	0.84
340.0	18.0	3.43	0.85
340.0	19.0	0.57	2.5
350.0	17.0	1.98	1.56
350.0	18.0	3.44	1.44
350.0	19.0	0.61	2.96
410.0	20.0	1.56	2.44
420.0	20.0	1.49	1.84
430.0	20.0	1.45	1.21
430.0	21.0	2.59	-6.3
440.0	20.0	1.36	0.57
440.0	21.0	2.56	-5.53
450.0	20.0	1.29	-0.06
450.0	21.0	2.53	-4.77
460.0	20.0	1.22	-0.71
460.0	21.0	2.45	-4.04
470.0	20.0	1.13	-1.34
470.0	21.0	2.44	-3.31
470.0	23.0	2.24	-7.48
480.0	20.0	1.1	-2.0
480.0	21.0	2.38	-2.57
480.0	23.0	2.19	-6.74
490.0	20.0	1.05	-2.65
490.0	21.0	2.29	-1.9
490.0	23.0	2.14	-5.98
500.0	20.0	1.08	-3.32
500.0	21.0	2.25	-1.17
500.0	23.0	2.17	-5.23
500.0	24.0	0.27	2.65
500.0	25.0	-0.67	2.78
500.0	26.0	3.53	-4.1
510.0	20.0	1.06	-4.14
510.0	21.0	2.18	-0.46
510.0	23.0	2.11	-4.41
510.0	24.0	0.44	2.34
510.0	25.0	-0.45	2.56
510.0	26.0	3.45	-3.58
520.0	20.0	1.04	-4.73
520.0	21.0	2.27	0.38
520.0	23.0	2.11	-3.65
520.0	24.0	0.58	2.1
520.0	25.0	-0.29	2.33
520.0	26.0	3.43	-3.05
530.0	20.0	1.07	-5.4
530.0	21.0	2.25	1.09
530.0	23.0	1.95	-2.86
530.0	24.0	0.7	1.88
530.0	25.0	-0.09	2.1
530.0	26.0	3.39	-2.57
530.0	27.0	2.38	-7.98
540.0	20.0	1.11	-6.11
540.0	21.0	2.19	1.77
540.0	23.0	1.86	-2.09
540.0	24.0	0.72	1.61
540.0	25.0	0.05	1.83
540.0	26.0	3.34	-2.06
540.0	27.0	2.42	-7.33
550.0	20.0	1.26	-6.86
550.0	21.0	2.2	2.44
550.0	23.0	1.87	-1.36
550.0	24.0	0.76	1.34
550.0	25.0	0.15	1.52
550.0	26.0	3.35	-1.55
550.0	27.0	2.49	-6.7
560.0	20.0	1.36	-7.58
560.0	23.0	1.86	-0.6
560.0	24.0	0.83	1.0
560.0	25.0	0.27	1.22
560.0	26.0	3.24	-1.06
560.0	27.0	2.44	-6.02
570.0	20.0	1.48	-8.26
570.0	23.0	1.94	0.1
570.0	24.0	0.82	0.68
570.0	25.0	0.26	0.9
570.0	26.0	3.19	-0.6
570.0	27.0	2.44	-5.35
580.0	20.0	1.6	-8.94
580.0	23.0	2.0	0.84
580.0	24.0	0.85	0.35
580.0	25.0	0.3	0.59
580.0	26.0	3.19	-0.1
580.0	27.0	2.44	-4.73
590.0	20.0	1.66	-9.65
590.0	23.0	2.03	1.61
590.0	24.0	0.99	0.01
590.0	25.0	0.27	0.28
590.0	26.0	3.15	0.4
590.0	27.0	2.35	-4.08
590.0	28.0	0.74	3.69
600.0	23.0	2.23	2.33
600.0	24.0	1.07	-0.32
600.0	25.0	0.26	-0.05
600.0	26.0	3.19	0.88
600.0	27.0	2.42	-3.44
600.0	28.0	0.78	3.36
610.0	24.0	1.13	-0.71
610.0	25.0	0.3	-0.39
610.0	26.0	3.22	1.36
610.0	27.0	2.46	-2.9
610.0	28.0	0.87	3.03
620.0	24.0	1.22	-1.08
620.0	25.0	0.26	-0.78
620.0	26.0	3.18	1.84
620.0	27.0	2.44	-2.36
620.0	28.0	0.92	2.66
630.0	24.0	1.29	-1.47
630.0	25.0	0.34	-1.18
630.0	27.0	2.62	-1.94
630.0	28.0	0.96	2.31
640.0	24.0	1.33	-1.82
640.0	25.0	0.37	-1.57
640.0	27.0	2.84	-1.61
640.0	28.0	1.07	1.96
650.0	24.0	1.42	-2.18
650.0	25.0	0.42	-1.96
650.0	27.0	3.04	-1.23
650.0	28.0	1.11	1.63
660.0	24.0	1.49	-2.54
660.0	25.0	0.5	-2.33
660.0	28.0	1.1	1.26
670.0	24.0	1.5	-2.91
670.0	25.0	0.54	-2.74
670.0	28.0	1.15	0.91
680.0	24.0	1.54	-3.31
680.0	25.0	0.66	-3.14
680.0	28.0	1.2	0.56
690.0	24.0	1.64	-3.8
690.0	25.0	0.71	-3.52
690.0	28.0	1.2	0.2
700.0	24.0	1.66	-4.26
700.0	25.0	0.8	-3.9
700.0	28.0	1.22	-0.14
710.0	24.0	1.67	-4.72
710.0	25.0	0.89	-4.27
710.0	28.0	1.32	-0.53
720.0	24.0	1.7	-5.18
720.0	25.0	0.88	-4.65
720.0	28.0	1.34	-0.97
720.0	29.0	-1.07	-5.69
720.0	30.0	-1.29	-7.53
730.0	24.0	1.65	-5.59
730.0	25.0	0.94	-5.06
730.0	28.0	1.31	-1.39
730.0	29.0	-0.89	-5.95
730.0	30.0	-1.29	-7.53
740.0	24.0	1.59	-5.98
740.0	25.0	0.93	-5.46
740.0	28.0	1.29	-1.88
740.0	29.0	-0.71	-6.25
740.0	30.0	-1.29	-7.53
750.0	24.0	1.65	-6.4
750.0	25.0	0.97	-5.87
750.0	28.0	1.2	-2.36
750.0	29.0	-0.47	-6.46
750.0	30.0	-1.29	-7.53
760.0	24.0	1.69	-6.77
760.0	25.0	0.99	-6.24
760.0	28.0	1.13	-2.86
760.0	29.0	-0.33	-6.79
760.0	30.0	-1.29	-7.53
770.0	24.0	1.71	-7.14
770.0	25.0	0.97	-6.62
770.0	28.0	1.13	-3.41
770.0	29.0	-0.14	-7.09
770.0	30.0	-1.29	-7.53
780.0	24.0	1.8	-7.43
780.0	25.0	1.07	-6.99
780.0	28.0	1.09	-3.95
780.0	29.0	0.08	-7.34
780.0	30.0	-1.29	-7.53
790.0	24.0	1.88	-7.7
790.0	25.0	1.13	-7.34
790.0	28.0	1.08	-4.42
790.0	29.0	0.14	-7.78
790.0	30.0	-1.29	-7.53
800.0	24.0	1.85	-7.96
800.0	25.0	1.22	-7.67
800.0	28.0	1.08	-4.94
800.0	29.0	0.28	-8.13
800.0	30.0	-1.29	-7.53
810.0	28.0	1.04	-5.4
810.0	30.0	-1.29	-7.53
870.0	31.0	3.3	-2.46
870.0	32.0	2.22	3.7
880.0	31.0	3.29	-1.78
880.0	32.0	2.16	3.0
890.0	31.0	3.3	-1.13
890.0	32.0	2.16	2.36
900.0	31.0	3.31	-0.5
900.0	32.0	2.09	1.72
910.0	31.0	3.33	0.16
910.0	32.0	2.04	1.11
920.0	31.0	3.37	0.81
920.0	32.0	2.05	0.46
930.0	31.0	3.37	1.46
930.0	32.0	2.04	-0.22
940.0	31.0	3.43	2.06
940.0	32.0	2.1	-0.86
950.0	31.0	3.45	2.64
950.0	32.0	2.16	-1.55
950.0	33.0	0.78	-7.34
950.0	34.0	-1.31	-7.49
960.0	32.0	2.15	-2.24
960.0	33.0	0.62	-6.8
960.0	34.0	-1.31	-7.49
960.0	35.0	0.55	1.93
970.0	32.0	2.26	-2.95
970.0	33.0	0.57	-6.25
970.0	34.0	-1.31	-7.49
970.0	35.0	0.48	1.3
980.0	32.0	2.27	-3.64
980.0	33.0	0.45	-5.73
980.0	34.0	-1.31	-7.49
980.0	35.0	0.35	0.66
990.0	33.0	0.25	-5.17
990.0	35.0	0.27	-0.01
1000.0	36.0	0.19	-0.63
1000.0	37.0	0.05	-4.68
1000.0	38.0	-1.4	-7.32
1010.0	36.0	0.04	-1.2
1010.0	37.0	-0.22	-4.31
1010.0	38.0	-1.4	-7.3
1010.0	39.0	-2.74	-3.22
1020.0	36.0	-0.01	-1.82
1020.0	37.0	-0.52	-3.93
1020.0	38.0	-1.4	-7.28
1020.0	39.0	-2.71	-3.06
1030.0	36.0	-0.19	-2.5
1030.0	37.0	-0.78	-3.5
1030.0	38.0	-1.4	-7.28
1030.0	39.0	-2.74	-2.76
1040.0	36.0	-0.39	-3.06
1040.0	37.0	-1.05	-3.16
1040.0	38.0	-1.4	-7.28
1040.0	39.0	-2.7	-2.51
1050.0	36.0	-0.64	-3.66
1050.0	37.0	-1.24	-2.85
1050.0	38.0	-1.4	-7.28
1050.0	39.0	-2.63	-2.3
1050.0	40.0	-1.6	0.95
1050.0	41.0	-1.74	1.3
1060.0	36.0	-0.99	-4.22
1060.0	37.0	-1.37	-2.62
1060.0	38.0	-1.4	-7.28
1060.0	39.0	-2.64	-2.06
1060.0	40.0	-1.6	0.95
1060.0	41.0	-1.74	1.3
1070.0	36.0	-1.22	-4.66
1070.0	37.0	-1.57	-2.52
1070.0	38.0	-1.4	-7.28
1070.0	39.0	-2.66	-1.97
1070.0	40.0	-1.6	0.95
1070.0	41.0	-1.74	1.3
1080.0	36.0	-1.7	-5.11
1080.0	37.0	-1.66	-2.54
1080.0	38.0	-1.4	-7.28
1080.0	39.0	-2.59	-2.01
1080.0	41.0	-1.74	1.3
1080.0	42.0	-2.17	-8.63
1090.0	36.0	-2.15	-5.55
1090.0	38.0	-1.36	-7.32
1090.0	41.0	-1.74	1.3
1090.0	42.0	-2.18	-8.09
1100.0	36.0	-2.57	-5.88
1100.0	38.0	-1.33	-7.38
1100.0	41.0	-1.74	1.3
1100.0	42.0	-2.08	-7.59
1110.0	36.0	-2.88	-6.31
1110.0	38.0	-1.31	-7.42
1110.0	42.0	-2.02	-7.04
1120.0	36.0	-3.25	-6.55
1120.0	38.0	-1.31	-7.43
1120.0	42.0	-1.9	-6.54
1130.0	38.0	-1.31	-7.43
1130.0	42.0	-1.7	-6.02
1140.0	38.0	-1.31	-7.43
1140.0	42.0	-1.59	-5.64
1140.0	43.0	-1.69	-2.56
1140.0	44.0	-2.39	-2.19
1140.0	45.0	1.27	1.88
1150.0	38.0	-1.31	-7.43
1150.0	42.0	-1.49	-5.32
1150.0	43.0	-1.69	-2.56
1150.0	44.0	-2.39	-2.19
1150.0	45.0	1.31	1.19
1150.0	46.0	-1.65	0.9
1150.0	47.0	-1.72	1.28
1160.0	38.0	-1.31	-7.43
1160.0	42.0	-1.36	-4.87
1160.0	43.0	-1.69	-2.56
1160.0	44.0	-2.39	-2.19
1160.0	45.0	1.35	0.53
1160.0	46.0	-1.65	0.9
1160.0	47.0	-1.72	1.28
1160.0	48.0	2.94	-5.77
1170.0	38.0	-1.31	-7.43
1170.0	42.0	-1.63	-4.78
1170.0	43.0	-1.69	-2.56
1170.0	44.0	-2.39	-2.19
1170.0	45.0	1.37	-0.17
1170.0	46.0	-1.65	0.9
1170.0	47.0	-1.72	1.28
1170.0	48.0	2.76	-5.1
1180.0	38.0	-1.31	-7.43
1180.0	45.0	1.42	-0.91
1180.0	46.0	-1.65	0.9
1180.0	47.0	-1.72	1.28
1180.0	48.0	2.66	-4.42
1190.0	38.0	-1.31	-7.43
1190.0	45.0	1.43	-1.67
1190.0	46.0	-1.65	0.9
1190.0	47.0	-1.72	1.28
1190.0	48.0	2.54	-3.77
1200.0	38.0	-1.31	-7.43
1200.0	45.0	1.47	-2.58
1200.0	46.0	-1.65	0.9
1200.0	47.0	-1.72	1.28
1200.0	48.0	2.47	-3.13
1210.0	38.0	-1.37	-7.53
1210.0	45.0	1.58	-3.22
1210.0	46.0	-1.65	0.9
1210.0	47.0	-1.72	1.28
1210.0	48.0	2.4	-2.45
1210.0	49.0	-1.09	-3.64
1220.0	38.0	-1.43	-7.56
1220.0	45.0	1.69	-3.99
1220.0	46.0	-1.65	0.9
1220.0	47.0	-1.72	1.28
1220.0	48.0	2.3	-1.75
1220.0	49.0	-0.84	-4.05
1230.0	38.0	-1.32	-7.44
1230.0	45.0	1.66	-4.93
1230.0	46.0	-1.65	0.9
1230.0	47.0	-1.72	1.28
1230.0	48.0	2.27	-1.1
1230.0	49.0	-0.49	-4.48
1240.0	38.0	-1.31	-7.43
1240.0	45.0	1.82	-5.74
1240.0	46.0	-1.65	0.9
1240.0	47.0	-1.72	1.28
1240.0	48.0	2.2	-0.48
1240.0	49.0	-0.21	-4.78
1240.0	51.0	0.92	3.06
1250.0	38.0	-1.31	-7.43
1250.0	45.0	1.97	-6.53
1250.0	46.0	-1.65	0.9
1250.0	47.0	-1.72	1.28
1250.0	48.0	2.21	0.13
1250.0	49.0	0.04	-5.27
1250.0	51.0	1.01	2.49
1260.0	38.0	-1.31	-7.43
1260.0	45.0	2.08	-7.32
1260.0	46.0	-1.65	0.9
1260.0	47.0	-1.72	1.28
1260.0	48.0	2.14	0.74
1260.0	49.0	0.33	-5.73
1260.0	51.0	1.03	1.91
1270.0	38.0	-1.32	-7.41
1270.0	45.0	2.26	-8.06
1270.0	46.0	-1.65	0.9
1270.0	47.0	-1.72	1.28
1270.0	48.0	2.09	1.29
1270.0	49.0	0.52	-6.3
1270.0	51.0	1.02	1.33
1280.0	38.0	-1.34	-7.37
1280.0	46.0	-1.65	0.9
1280.0	47.0	-1.72	1.28
1280.0	48.0	2.03	1.85
1280.0	49.0	0.56	-6.89
1280.0	51.0	1.09	0.7
1290.0	38.0	-1.36	-7.34
1290.0	46.0	-1.65	0.9
1290.0	47.0	-1.72	1.28
1290.0	48.0	1.92	2.38
1290.0	49.0	0.67	-7.48
1290.0	51.0	1.08	0.07
1300.0	38.0	-1.36	-7.3
1300.0	46.0	-1.65	0.9
1300.0	47.0	-1.72	1.28
1300.0	49.0	0.67	-8.05
1300.0	51.0	1.12	-0.52
1310.0	38.0	-1.36	-7.32
1310.0	46.0	-1.65	0.9
1310.0	47.0	-1.72	1.28
1310.0	49.0	0.77	-8.64
1310.0	51.0	1.16	-1.15
1320.0	38.0	-1.33	-7.38
1320.0	46.0	-1.65	0.9
1320.0	47.0	-1.72	1.28
1320.0	51.0	1.18	-1.79
1330.0	38.0	-1.29	-7.44
1330.0	46.0	-1.65	0.9
1330.0	47.0	-1.72	1.28
1330.0	51.0	1.3	-2.42
1340.0	38.0	-1.27	-7.47
1340.0	46.0	-1.65	0.9
1340.0	47.0	-1.72	1.28
1340.0	51.0	1.52	-3.16
1350.0	38.0	-1.27	-7.47
1350.0	46.0	-1.65	0.9
1350.0	47.0	-1.72	1.28
1350.0	51.0	1.52	-3.83
1360.0	38.0	-1.27	-7.47
1360.0	46.0	-1.65	0.9
1360.0	47.0	-1.72	1.28
1360.0	51.0	1.61	-4.39
1370.0	38.0	-1.27	-7.47
1370.0	46.0	-1.65	0.9
1370.0	47.0	-1.72	1.28
1370.0	51.0	1.6	-5.09
1380.0	38.0	-1.31	-7.58
1380.0	46.0	-1.65	0.9
1380.0	47.0	-1.72	1.28
1380.0	51.0	1.63	-5.78
1390.0	38.0	-1.29	-7.52
1400.0	38.0	-1.27	-7.47
1410.0	38.0	-1.27	-7.47
1420.0	38.0	-1.27	-7.47
1430.0	38.0	-1.27	-7.47
1440.0	38.0	-1.27	-7.47
1450.0	38.0	-1.27	-7.47
1460.0	38.0	-1.27	-7.47
1470.0	38.0	-1.27	-7.47
1480.0	38.0	-1.27	-7.47
1480.0	52.0	2.19	-1.87
1480.0	53.0	3.02	-1.86
1480.0	54.0	3.82	-1.39
1490.0	38.0	-1.27	-7.47
1490.0	52.0	2.04	-1.14
1490.0	53.0	2.91	-1.14
1490.0	54.0	3.65	-0.6
1490.0	55.0	-0.6	2.73
1500.0	38.0	-1.29	-7.47
1500.0	52.0	1.95	-0.43
1500.0	53.0	2.74	-0.43
1500.0	54.0	3.61	0.16
1500.0	55.0	-0.35	2.65
1510.0	38.0	-1.38	-7.43
1510.0	52.0	1.97	0.3
1510.0	53.0	2.66	0.29
1510.0	54.0	3.6	0.82
1510.0	55.0	-0.2	2.51
1520.0	38.0	-1.47	-7.34
1520.0	52.0	1.93	0.98
1520.0	53.0	2.59	0.99
1520.0	54.0	3.49	1.44
1520.0	55.0	-0.06	2.27
1530.0	38.0	-1.51	-7.27
1530.0	52.0	2.01	1.66
1530.0	53.0	2.6	1.68
1530.0	54.0	3.39	2.11
1530.0	55.0	0.03	2.07
1540.0	38.0	-1.52	-7.27
1540.0	52.0	1.89	2.35
1540.0	53.0	2.55	2.34
1540.0	54.0	3.24	2.77
1540.0	55.0	0.19	1.9
1550.0	38.0	-1.52	-7.27
1550.0	52.0	1.82	3.04
1550.0	53.0	2.55	2.99
1550.0	54.0	3.21	3.45
1550.0	55.0	0.35	1.75
1560.0	38.0	-1.52	-7.27
1560.0	55.0	0.43	1.57
1570.0	38.0	-1.52	-7.27
1570.0	55.0	0.47	1.29
1580.0	38.0	-1.52	-7.27
1580.0	55.0	0.52	1.09
1590.0	38.0	-1.52	-7.27
1590.0	55.0	0.58	0.92
1600.0	38.0	-1.52	-7.27
1600.0	55.0	0.65	0.8
1610.0	38.0	-1.52	-7.27
1610.0	55.0	0.65	0.7
1620.0	38.0	-1.52	-7.27
1620.0	55.0	0.62	0.55
1630.0	38.0	-1.52	-7.27
1640.0	38.0	-1.52	-7.27
1650.0	38.0	-1.52	-7.27
1660.0	38.0	-1.52	-7.27
1670.0	38.0	-1.52	-7.27
1670.0	56.0	1.48	0.55
1670.0	57.0	3.14	-3.22
1680.0	38.0	-1.52	-7.27
1680.0	56.0	1.75	0.66
1680.0	57.0	3.07	-2.62
1690.0	38.0	-1.52	-7.27
1690.0	56.0	1.98	0.86
1690.0	57.0	2.96	-2.04
1700.0	38.0	-1.52	-7.27
1700.0	56.0	2.29	0.96
1700.0	57.0	2.97	-1.5
1710.0	38.0	-1.52	-7.27
1710.0	56.0	2.64	1.08
1710.0	57.0	2.94	-0.93
1720.0	38.0	-1.52	-7.27
1720.0	56.0	2.93	1.22
1720.0	57.0	2.78	-0.38
1730.0	38.0	-1.52	-7.27
1730.0	56.0	3.19	1.45
1730.0	57.0	2.69	0.13
1740.0	38.0	-1.52	-7.27
1740.0	56.0	3.48	1.57
1740.0	57.0	2.65	0.72
1750.0	38.0	-1.52	-7.27
1750.0	56.0	3.86	1.73
1750.0	57.0	2.57	1.34
1760.0	38.0	-1.52	-7.27
1770.0	38.0	-1.52	-7.27
1780.0	38.0	-1.52	-7.27
1790.0	38.0	-1.52	-7.27
1790.0	58.0	2.43	-4.16
1800.0	38.0	-1.52	-7.27
1800.0	58.0	2.44	-3.27
1810.0	38.0	-1.52	-7.27
1810.0	58.0	2.44	-2.38
1820.0	38.0	-1.52	-7.27
1820.0	58.0	2.47	-1.49
1830.0	38.0	-1.52	-7.27
1830.0	58.0	2.54	-0.61
1840.0	38.0	-1.52	-7.27
1840.0	58.0	2.56	0.27
1840.0	59.0	1.76	3.8
1840.0	60.0	1.04	4.06
1850.0	38.0	-1.52	-7.27
1850.0	58.0	2.64	1.14
1850.0	59.0	1.73	3.27
1850.0	60.0	0.95	3.5
1850.0	61.0	2.86	-5.31
1850.0	62.0	3.24	-3.68
1860.0	38.0	-1.52	-7.27
1860.0	58.0	2.67	1.99
1860.0	59.0	1.69	2.84
1860.0	60.0	1.0	3.04
1860.0	61.0	2.83	-4.61
1860.0	62.0	3.23	-3.08
1870.0	38.0	-1.52	-7.27
1870.0	58.0	2.72	2.94
1870.0	59.0	1.68	2.38
1870.0	60.0	1.04	2.63
1870.0	61.0	2.73	-3.93
1870.0	62.0	3.21	-2.52
1880.0	38.0	-1.52	-7.27
1880.0	59.0	1.65	2.11
1880.0	60.0	1.02	2.21
1880.0	61.0	2.63	-3.27
1880.0	62.0	3.2	-1.95
1890.0	38.0	-1.52	-7.27
1890.0	59.0	1.82	1.81
1890.0	60.0	1.07	1.88
1890.0	61.0	2.67	-2.6
1890.0	62.0	3.28	-1.36
1900.0	38.0	-1.52	-7.27
1900.0	59.0	2.05	1.46
1900.0	60.0	1.08	1.61
1900.0	61.0	2.63	-1.94
1900.0	62.0	3.31	-0.81
1900.0	63.0	1.18	3.75
1910.0	38.0	-1.52	-7.27
1910.0	59.0	1.97	1.12
1910.0	60.0	1.06	1.33
1910.0	61.0	2.67	-1.33
1910.0	62.0	3.34	-0.25
1910.0	63.0	1.2	3.25
1920.0	38.0	-1.52	-7.27
1920.0	59.0	1.81	0.82
1920.0	60.0	0.98	1.12
1920.0	61.0	2.77	-0.74
1920.0	62.0	3.46	0.32
1920.0	63.0	1.33	2.71
1930.0	38.0	-1.52	-7.27
1930.0	59.0	1.81	0.47
1930.0	60.0	0.98	0.9
1930.0	61.0	2.7	-0.05
1930.0	62.0	3.49	0.86
1930.0	63.0	1.45	2.13
1940.0	38.0	-1.52	-7.27
1940.0	59.0	1.73	0.14
1940.0	60.0	0.98	0.59
1940.0	61.0	2.67	0.59
1940.0	62.0	3.52	1.4
1940.0	63.0	1.69	1.61
1950.0	38.0	-1.52	-7.27
1950.0	59.0	1.53	-0.08
1950.0	60.0	1.03	0.28
1950.0	61.0	2.62	1.28
1950.0	62.0	3.63	1.93
1950.0	63.0	1.97	1.07
1960.0	38.0	-1.52	-7.27
1960.0	59.0	1.41	-0.32
1960.0	60.0	0.94	-0.04
1960.0	61.0	2.4	1.94
1960.0	62.0	3.63	2.42
1960.0	63.0	2.2	0.54
1970.0	38.0	-1.52	-7.27
1970.0	59.0	1.37	-0.62
1970.0	60.0	0.88	-0.34
1970.0	61.0	2.35	2.59
1970.0	62.0	3.63	2.93
1970.0	63.0	2.44	-0.08
1980.0	38.0	-1.52	-7.27
1980.0	59.0	1.25	-0.84
1980.0	60.0	0.93	-0.57
1980.0	63.0	2.56	-0.76
1990.0	38.0	-1.52	-7.27
1990.0	59.0	1.11	-1.02
1990.0	60.0	0.83	-0.74
1990.0	63.0	2.61	-1.41
2000.0	64.0	1.02	-1.18
2000.0	65.0	0.7	-0.86
2000.0	66.0	2.63	-2.22
