780.0	1.0	8.46	3.59
790.0	1.0	9.57	3.79
800.0	1.0	10.67	3.99
800.0	2.0	13.64	5.8
810.0	1.0	11.73	4.32
810.0	2.0	12.09	5.75
820.0	1.0	12.81	4.61
820.0	2.0	11.37	5.8
830.0	2.0	10.31	5.97
830.0	3.0	12.49	6.6
840.0	2.0	9.57	6.24
840.0	3.0	11.94	6.77
850.0	2.0	8.73	6.34
850.0	3.0	11.03	6.84
850.0	4.0	-1.32	5.11
850.0	5.0	-1.48	4.43
850.0	6.0	11.84	5.82
860.0	2.0	7.94	6.5
860.0	3.0	10.21	6.81
860.0	4.0	-0.33	5.06
860.0	5.0	-0.49	4.38
860.0	6.0	10.91	5.92
870.0	2.0	7.17	6.62
870.0	3.0	9.36	6.85
870.0	4.0	0.76	5.0
870.0	5.0	0.6	4.23
870.0	6.0	10.0	5.89
880.0	2.0	6.47	6.68
880.0	3.0	8.59	6.85
880.0	4.0	1.76	4.89
880.0	5.0	1.6	4.13
880.0	6.0	9.09	6.02
890.0	2.0	5.86	6.82
890.0	3.0	7.78	6.84
890.0	4.0	2.81	4.83
890.0	5.0	2.67	4.07
890.0	6.0	8.23	6.04
900.0	2.0	5.24	6.98
900.0	3.0	6.96	6.84
900.0	4.0	3.8	4.77
900.0	5.0	3.7	4.02
900.0	6.0	7.4	6.15
910.0	2.0	4.87	7.16
910.0	3.0	6.29	7.0
910.0	4.0	4.97	4.69
910.0	5.0	4.75	4.04
910.0	6.0	6.52	6.15
920.0	2.0	4.51	7.58
920.0	3.0	5.62	7.1
920.0	4.0	5.97	4.7
920.0	5.0	5.76	4.06
920.0	6.0	5.7	6.21
930.0	2.0	4.2	7.3
930.0	3.0	5.06	7.04
930.0	4.0	6.97	4.67
930.0	5.0	6.76	4.04
930.0	6.0	4.96	6.1
930.0	7.0	12.09	5.87
940.0	2.0	3.95	7.71
940.0	3.0	4.69	7.0
940.0	4.0	8.12	4.95
940.0	5.0	7.82	4.17
940.0	6.0	4.08	6.2
940.0	7.0	10.75	6.0
950.0	2.0	3.47	7.86
950.0	3.0	4.35	7.01
950.0	4.0	9.11	5.01
950.0	5.0	8.85	4.21
950.0	6.0	3.31	6.2
950.0	7.0	9.48	6.07
950.0	8.0	-2.48	-0.22
960.0	2.0	2.82	8.0
960.0	3.0	3.76	6.99
960.0	4.0	10.12	5.13
960.0	5.0	9.93	4.29
960.0	6.0	2.71	6.39
960.0	7.0	8.15	5.86
960.0	8.0	-1.67	0.53
970.0	2.0	2.01	8.0
970.0	3.0	3.19	6.89
970.0	4.0	11.01	5.32
970.0	5.0	10.82	4.49
970.0	6.0	2.13	6.29
970.0	7.0	6.86	5.83
970.0	8.0	-0.93	0.96
980.0	2.0	1.28	7.82
980.0	3.0	2.62	7.13
980.0	4.0	11.93	5.47
980.0	5.0	11.75	4.36
980.0	6.0	1.52	6.17
980.0	7.0	5.62	5.66
980.0	8.0	-0.14	1.5
990.0	2.0	0.54	7.4
990.0	3.0	1.78	7.15
990.0	6.0	0.9	6.12
990.0	7.0	4.31	5.44
990.0	8.0	0.82	1.83
1000.0	2.0	-0.18	7.06
1000.0	3.0	1.01	6.96
1000.0	6.0	0.48	6.01
1000.0	7.0	3.06	5.26
1000.0	8.0	1.59	2.13
1010.0	2.0	-0.83	6.43
1010.0	3.0	0.07	6.91
1010.0	6.0	-0.29	5.95
1010.0	7.0	1.84	5.07
1010.0	8.0	2.63	2.49
1020.0	2.0	-1.52	6.05
1020.0	3.0	-0.72	6.66
1020.0	6.0	-0.75	5.65
1020.0	7.0	0.7	4.91
1020.0	8.0	3.67	2.83
1030.0	8.0	4.46	2.72
1040.0	8.0	5.47	3.02
1050.0	8.0	6.5	3.24
1050.0	9.0	12.83	4.68
1050.0	10.0	12.78	5.29
1050.0	11.0	12.51	6.19
1050.0	12.0	12.09	6.95
1060.0	8.0	7.35	3.65
1060.0	9.0	12.83	4.68
1060.0	10.0	12.78	5.29
1060.0	11.0	11.54	6.03
1060.0	12.0	11.4	6.93
1070.0	8.0	8.29	3.92
1070.0	9.0	12.83	4.68
1070.0	10.0	12.78	5.29
1070.0	11.0	10.96	5.97
1070.0	12.0	10.7	6.87
1070.0	13.0	11.87	6.09
1070.0	14.0	13.2	6.51
1080.0	8.0	9.23	4.15
1080.0	9.0	12.83	4.64
1080.0	10.0	12.78	5.29
1080.0	11.0	10.29	6.12
1080.0	12.0	10.07	6.73
1080.0	13.0	11.34	6.14
1080.0	14.0	12.54	7.0
1090.0	8.0	10.08	4.34
1090.0	9.0	12.83	4.57
1090.0	10.0	12.8	5.26
1090.0	11.0	9.88	6.21
1090.0	12.0	9.45	6.51
1090.0	13.0	10.43	5.53
1090.0	14.0	11.94	7.22
1090.0	15.0	12.61	6.38
1100.0	8.0	10.89	4.53
1100.0	9.0	12.88	4.55
1100.0	10.0	12.91	5.25
1100.0	11.0	9.54	6.09
1100.0	12.0	8.9	6.33
1100.0	13.0	9.72	5.35
1100.0	14.0	11.29	7.42
1100.0	15.0	11.91	6.65
1100.0	16.0	12.1	5.49
1100.0	17.0	13.05	6.62
1110.0	8.0	11.59	4.68
1110.0	11.0	8.87	5.99
1110.0	12.0	8.21	6.23
1110.0	13.0	8.99	5.21
1110.0	14.0	10.58	7.56
1110.0	15.0	11.25	6.81
1110.0	16.0	11.21	5.8
1110.0	17.0	12.14	7.06
1110.0	18.0	12.81	6.25
1120.0	8.0	12.28	4.93
1120.0	11.0	8.04	5.66
1120.0	12.0	7.49	6.06
1120.0	13.0	8.27	5.01
1120.0	14.0	9.92	7.42
1120.0	15.0	10.43	6.82
1120.0	16.0	10.41	5.86
1120.0	17.0	11.25	7.24
1120.0	18.0	12.08	6.36
1120.0	20.0	12.81	6.52
1130.0	8.0	12.93	5.1
1130.0	11.0	7.17	5.45
1130.0	12.0	6.73	5.97
1130.0	13.0	7.58	4.9
1130.0	14.0	9.11	7.34
1130.0	15.0	9.6	6.69
1130.0	16.0	9.57	5.82
1130.0	17.0	10.38	7.44
1130.0	18.0	11.2	6.55
1130.0	20.0	12.07	6.94
1140.0	11.0	6.43	5.23
1140.0	12.0	5.98	5.8
1140.0	13.0	6.84	4.67
1140.0	14.0	8.35	7.32
1140.0	15.0	8.86	6.64
1140.0	16.0	8.85	5.63
1140.0	17.0	9.59	7.47
1140.0	18.0	10.31	6.71
1140.0	20.0	11.12	7.33
1150.0	11.0	5.67	5.16
1150.0	12.0	5.21	5.74
1150.0	13.0	6.09	4.44
1150.0	14.0	7.75	7.43
1150.0	15.0	8.09	6.55
1150.0	16.0	8.01	5.6
1150.0	17.0	8.68	7.67
1150.0	18.0	9.53	6.83
1150.0	20.0	10.12	7.5
1150.0	21.0	11.33	5.2
1160.0	11.0	4.94	4.95
1160.0	12.0	4.45	5.61
1160.0	13.0	5.38	4.17
1160.0	14.0	6.92	7.36
1160.0	15.0	7.32	6.51
1160.0	16.0	7.24	5.38
1160.0	17.0	7.57	7.95
1160.0	18.0	8.56	6.74
1160.0	20.0	8.99	7.48
1160.0	21.0	10.52	4.69
1170.0	11.0	4.26	4.71
1170.0	12.0	3.76	5.6
1170.0	13.0	4.68	3.91
1170.0	14.0	6.02	7.19
1170.0	15.0	6.55	6.4
1170.0	16.0	6.62	5.39
1170.0	17.0	6.77	7.97
1170.0	18.0	7.82	6.82
1170.0	20.0	7.98	7.51
1170.0	21.0	9.65	4.34
1180.0	11.0	3.54	4.54
1180.0	12.0	3.03	5.39
1180.0	13.0	4.01	3.71
1180.0	14.0	5.23	7.1
1180.0	15.0	5.77	6.26
1180.0	16.0	5.77	5.36
1180.0	17.0	5.91	8.16
1180.0	18.0	6.88	6.9
1180.0	20.0	7.05	7.62
1180.0	21.0	8.73	4.0
1190.0	11.0	2.82	4.35
1190.0	12.0	2.28	5.24
1190.0	13.0	3.3	3.57
1190.0	14.0	4.43	7.0
1190.0	15.0	5.0	6.07
1190.0	16.0	4.99	5.22
1190.0	17.0	4.93	8.13
1190.0	18.0	5.81	6.96
1190.0	20.0	5.9	7.71
1190.0	21.0	7.79	3.79
1200.0	11.0	2.16	4.19
1200.0	12.0	1.57	5.06
1200.0	13.0	2.59	3.42
1200.0	14.0	3.66	6.99
1200.0	15.0	4.16	6.01
1200.0	16.0	4.16	5.19
1200.0	17.0	3.5	8.04
1200.0	18.0	4.87	6.92
1200.0	20.0	4.87	7.68
1200.0	21.0	6.83	3.62
1210.0	11.0	1.39	3.97
1210.0	12.0	0.83	4.87
1210.0	13.0	1.89	3.28
1210.0	14.0	2.87	6.86
1210.0	15.0	3.39	5.83
1210.0	16.0	3.41	5.0
1210.0	17.0	2.44	7.9
1210.0	18.0	4.06	6.82
1210.0	20.0	3.91	7.71
1210.0	21.0	5.85	3.4
1220.0	11.0	0.71	3.72
1220.0	12.0	0.11	4.68
1220.0	13.0	1.22	3.06
1220.0	14.0	2.0	6.75
1220.0	15.0	2.37	5.98
1220.0	16.0	2.54	5.01
1220.0	17.0	1.48	7.63
1220.0	18.0	3.01	6.78
1220.0	20.0	2.95	7.8
1220.0	21.0	4.91	3.24
1220.0	22.0	11.86	5.17
1230.0	11.0	0.01	3.41
1230.0	12.0	-0.65	4.3
1230.0	13.0	0.53	2.76
1230.0	14.0	1.19	6.6
1230.0	15.0	1.53	5.83
1230.0	16.0	1.66	4.83
1230.0	17.0	0.53	7.31
1230.0	18.0	2.19	6.64
1230.0	20.0	1.93	7.8
1230.0	21.0	3.92	3.09
1230.0	22.0	10.95	4.94
1240.0	11.0	-0.63	3.08
1240.0	12.0	-1.48	3.9
1240.0	13.0	-0.07	2.47
1240.0	14.0	0.33	6.47
1240.0	15.0	0.68	5.71
1240.0	16.0	0.85	4.84
1240.0	17.0	-0.36	6.97
1240.0	18.0	1.26	6.73
1240.0	20.0	0.95	7.68
1240.0	21.0	3.05	2.8
1240.0	22.0	9.91	4.75
1250.0	22.0	8.85	4.57
1260.0	22.0	7.86	4.39
1270.0	22.0	6.83	4.22
1280.0	22.0	5.63	3.98
1280.0	23.0	9.46	5.4
1280.0	24.0	11.07	4.94
1280.0	25.0	12.57	6.2
1290.0	22.0	4.67	3.78
1290.0	23.0	8.41	5.24
1290.0	24.0	10.07	4.77
1290.0	25.0	10.86	6.56
1300.0	22.0	3.67	3.55
1300.0	23.0	7.35	5.18
1300.0	24.0	9.03	4.52
1300.0	25.0	9.26	6.87
1310.0	22.0	2.7	3.31
1310.0	23.0	6.37	5.23
1310.0	24.0	8.03	4.27
1310.0	25.0	7.85	7.19
1320.0	22.0	1.81	2.84
1320.0	23.0	5.45	5.18
1320.0	24.0	6.82	4.33
1320.0	25.0	6.48	7.57
1330.0	22.0	0.82	2.5
1330.0	23.0	4.58	5.26
1330.0	24.0	5.74	4.36
1330.0	25.0	5.16	7.93
1340.0	22.0	-0.05	2.23
1340.0	23.0	3.55	5.29
1340.0	24.0	4.66	4.32
1340.0	25.0	3.92	8.25
1340.0	26.0	-3.51	-1.63
1340.0	27.0	10.17	4.86
1350.0	22.0	-0.91	1.87
1350.0	23.0	2.59	5.42
1350.0	24.0	3.53	4.38
1350.0	25.0	2.68	8.71
1350.0	26.0	-2.97	-0.87
1350.0	27.0	9.21	4.56
1360.0	22.0	-2.02	1.55
1360.0	23.0	1.52	5.42
1360.0	24.0	2.45	4.36
1360.0	25.0	1.38	9.14
1360.0	26.0	-2.36	-0.36
1360.0	27.0	8.09	4.38
1370.0	23.0	0.48	5.34
1370.0	24.0	1.35	4.33
1370.0	25.0	0.37	9.73
1370.0	27.0	6.97	4.29
1380.0	27.0	5.8	4.23
1390.0	27.0	4.65	4.2
1450.0	28.0	10.02	4.29
1450.0	29.0	9.75	5.33
1450.0	30.0	3.08	2.76
1460.0	28.0	8.88	4.1
1460.0	29.0	8.8	5.32
1460.0	30.0	3.84	3.11
1470.0	28.0	7.93	4.1
1470.0	29.0	7.83	5.34
1470.0	30.0	4.4	3.13
1480.0	28.0	7.01	4.1
1480.0	29.0	6.81	5.19
1480.0	30.0	5.15	3.33
1490.0	28.0	5.86	4.08
1490.0	29.0	5.85	5.23
1490.0	30.0	5.91	3.45
1490.0	31.0	11.2	5.57
1500.0	28.0	4.87	4.04
1500.0	29.0	4.94	5.16
1500.0	30.0	6.78	3.53
1500.0	31.0	9.98	5.5
1510.0	28.0	3.96	3.87
1510.0	29.0	4.0	5.04
1510.0	30.0	7.64	3.7
1510.0	31.0	8.73	5.18
1520.0	28.0	2.96	3.82
1520.0	29.0	3.06	4.94
1520.0	30.0	8.42	3.89
1520.0	31.0	7.63	5.05
1530.0	28.0	2.03	3.74
1530.0	29.0	2.16	4.86
1530.0	30.0	9.18	4.03
1530.0	31.0	6.46	4.94
1530.0	33.0	13.1	6.2
1540.0	28.0	1.13	3.62
1540.0	29.0	1.15	4.86
1540.0	30.0	9.92	4.16
1540.0	31.0	5.4	4.97
1540.0	33.0	12.12	6.46
1540.0	34.0	12.56	5.64
1550.0	28.0	0.2	3.61
1550.0	29.0	0.2	4.89
1550.0	30.0	10.67	4.32
1550.0	31.0	4.36	5.18
1550.0	33.0	11.31	6.59
1550.0	34.0	11.53	5.82
1560.0	28.0	-0.72	3.51
1560.0	29.0	-0.81	4.91
1560.0	30.0	11.47	4.53
1560.0	31.0	3.3	5.22
1560.0	33.0	10.51	6.7
1560.0	34.0	10.55	5.83
1570.0	28.0	-1.79	3.53
1570.0	29.0	-1.7	5.02
1570.0	30.0	12.22	4.83
1570.0	31.0	2.26	5.33
1570.0	33.0	9.66	6.78
1570.0	34.0	9.71	5.86
1580.0	33.0	8.81	6.95
1580.0	34.0	8.85	6.02
1590.0	33.0	7.96	7.14
1590.0	34.0	7.96	6.2
1600.0	33.0	7.11	7.21
1600.0	34.0	7.14	6.22
1610.0	33.0	6.29	7.28
1610.0	34.0	6.26	6.26
1620.0	33.0	5.36	7.44
1620.0	34.0	5.2	6.39
1630.0	33.0	4.48	7.73
1630.0	34.0	4.34	6.66
1640.0	33.0	3.57	8.01
1640.0	34.0	3.47	6.93
1650.0	33.0	2.85	8.3
1650.0	34.0	2.72	7.22
1660.0	33.0	2.02	8.57
1660.0	34.0	1.65	7.59
1670.0	33.0	0.96	9.03
1670.0	34.0	0.67	8.02
1680.0	33.0	0.19	9.45
1680.0	34.0	0.01	8.48
1750.0	35.0	3.03	2.72
1760.0	35.0	3.84	3.05
1770.0	35.0	4.73	3.26
1780.0	35.0	5.6	3.49
1790.0	35.0	6.57	3.75
1800.0	35.0	7.45	3.94
1800.0	36.0	12.14	6.1
1810.0	35.0	8.38	4.13
1810.0	36.0	10.99	6.46
1810.0	37.0	13.06	5.51
1820.0	35.0	9.28	4.35
1820.0	36.0	9.86	6.71
1820.0	37.0	11.87	5.44
1830.0	35.0	10.14	4.49
1830.0	36.0	8.79	6.97
1830.0	37.0	10.66	5.55
1840.0	35.0	11.03	4.71
1840.0	36.0	7.73	7.23
1840.0	37.0	9.48	5.73
1850.0	35.0	11.88	4.87
1850.0	36.0	6.65	7.42
1850.0	37.0	8.3	5.82
1860.0	36.0	5.55	7.68
1860.0	37.0	7.17	5.95
1870.0	36.0	4.46	7.96
1870.0	37.0	6.03	5.92
1880.0	36.0	3.4	8.25
1880.0	37.0	4.96	5.9
1890.0	36.0	2.9	8.43
1890.0	37.0	3.83	5.9
1900.0	36.0	1.65	8.92
1900.0	37.0	2.75	5.89
1910.0	36.0	0.55	9.49
1910.0	37.0	1.68	6.0
1920.0	36.0	-0.28	9.98
1920.0	37.0	0.54	6.14
1930.0	36.0	-1.31	10.3
1930.0	37.0	-0.55	6.21
1930.0	38.0	10.9	4.26
1940.0	38.0	9.56	3.88
1950.0	38.0	8.21	3.63
1960.0	38.0	6.86	3.4
1970.0	38.0	5.58	3.13
1970.0	39.0	11.13	5.34
1980.0	38.0	4.39	3.0
1980.0	39.0	9.81	5.26
1980.0	40.0	-2.42	-0.46
1990.0	38.0	2.93	2.94
1990.0	39.0	8.47	5.21
1990.0	40.0	-1.9	0.3
2000.0	38.0	1.61	2.86
2000.0	39.0	7.17	5.13
2000.0	40.0	-1.01	0.95
