0.0	1.0	13.4487205051	3.93788669527
0.0	2.0	13.3434879503	4.43907227467
0.0	3.0	11.9123252048	4.43907227467
0.0	4.0	11.828139161	5.15505167381
0.0	5.0	8.7132555385	4.4152062947
0.0	6.0	8.12395323155	3.46056709585
0.0	7.0	6.31395328877	3.84242277539
0.0	8.0	4.33558125829	7.35072183117
10.0	1.0	12.9351856376	3.93788669527
10.0	2.0	12.8253228504	4.43000320228
10.0	3.0	11.5046542875	4.51353413218
10.0	4.0	11.3823740588	5.21113672674
10.0	5.0	8.36051601476	4.36365577796
10.0	6.0	8.61075903011	3.4156990535
10.0	7.0	6.78539513433	3.68968050357
10.0	8.0	4.5544649723	7.27435069527
20.0	1.0	12.4216507701	3.93788669527
20.0	2.0	12.3073682156	4.42069547009
20.0	3.0	11.096772905	4.58823464949
20.0	4.0	10.9368194217	5.26746043948
20.0	5.0	8.00798695614	4.31210526122
20.0	6.0	9.09735436356	3.37106967095
20.0	7.0	7.25683697989	3.53693823175
20.0	8.0	4.77334868631	7.19797955936
20.0	9.0	15.2423041693	3.6682011216
30.0	1.0	11.9192705534	3.95769545865
30.0	2.0	11.8144589288	4.43358309928
30.0	3.0	10.6891019877	4.662696507
30.0	4.0	10.4910543195	5.32354549241
30.0	5.0	7.65524743241	4.26031608468
30.0	6.0	9.58416016213	3.32620162861
30.0	7.0	7.7467997551	3.4173696721
30.0	8.0	4.95540100613	7.17124966179
30.0	9.0	14.665840234	3.53311967496
40.0	1.0	11.4282554527	3.9975516452
40.0	2.0	11.3596438269	4.47988310042
40.0	3.0	10.2799578145	4.70947382775
40.0	4.0	10.0709659607	5.34597951358
40.0	5.0	7.30061372269	4.18633154677
40.0	6.0	9.99014735859	3.32524698941
40.0	7.0	8.25549392506	3.3312134844
40.0	8.0	5.10083239688	7.19392234276
40.0	9.0	14.0891658337	3.39827688812
50.0	1.0	10.9372403519	4.03740783175
50.0	2.0	10.904828725	4.52618310157
50.0	3.0	9.87081364144	4.7493300143
50.0	4.0	9.66792527576	5.34597951358
50.0	5.0	6.94156024567	4.06008051273
50.0	6.0	10.3759299045	3.335270701
50.0	7.0	8.76418809503	3.2450572967
50.0	8.0	5.24605332253	7.21659502374
50.0	9.0	13.5446925951	3.30973410243
60.0	1.0	10.4674822272	3.99182381001
60.0	2.0	10.4384380421	4.52642176137
60.0	3.0	9.46166946833	4.78918620085
60.0	4.0	9.26488459083	5.34597951358
60.0	5.0	6.58250676865	3.93359081888
60.0	6.0	10.7290903585	3.39947018712
60.0	7.0	9.27267179988	3.15890110901
60.0	8.0	5.39148471328	7.23926770471
60.0	9.0	13.0479949363	3.29064131845
70.0	1.0	10.0194020088	3.86079957996
70.0	2.0	9.94489736003	4.41926351129
70.0	3.0	9.05084157434	4.8297583668
70.0	4.0	8.86184390589	5.34597951358
70.0	5.0	6.22366375674	3.80733978483
70.0	6.0	11.0330019768	3.54552998454
70.0	7.0	9.7782089932	3.04291244635
70.0	8.0	5.54217773177	7.25931512788
70.0	9.0	12.5512972776	3.27154853447
80.0	1.0	9.57132179044	3.73001400972
80.0	2.0	9.45135667795	4.31234392102
80.0	3.0	8.63433112239	4.87462640915
80.0	4.0	8.45880322096	5.34597951358
80.0	5.0	5.83914400145	3.73025266952
80.0	6.0	11.3792170821	3.79469081544
80.0	7.0	10.2833252563	2.92358254649
80.0	8.0	5.70591958706	7.27244141687
80.0	9.0	12.0992182222	3.31426863862
90.0	1.0	9.09356599159	3.59493256308
90.0	2.0	8.94624041485	4.18800216537
90.0	3.0	8.21782067044	4.91925579169
90.0	4.0	8.03176951353	5.39633673132
90.0	5.0	5.45188819974	3.65865472961
90.0	6.0	11.7532135819	4.11282432846
90.0	7.0	10.8339019831	2.86009903977
90.0	8.0	5.86966144235	7.28580636565
90.0	9.0	11.6519798642	3.36414853676
100.0	1.0	8.57140205461	3.45340730185
100.0	2.0	8.42407647787	4.03788515135
100.0	3.0	7.80131021849	4.96412383404
100.0	4.0	7.60178929456	5.45218312445
100.0	5.0	5.06463239803	3.58705678969
100.0	6.0	12.1274205468	4.43119650128
100.0	7.0	11.3895298725	2.80282068783
100.0	8.0	6.03340329764	7.29893265464
100.0	9.0	11.2217891801	3.3314521442
110.0	1.0	8.04902765252	3.31212070042
110.0	2.0	7.90170207578	3.88752947753
110.0	3.0	7.38458930143	5.00875321659
110.0	4.0	7.17201954071	5.50802951759
110.0	5.0	4.67737659632	3.51545884978
110.0	6.0	12.4490112343	4.77916248926
110.0	7.0	11.9192705534	2.76845367668
110.0	8.0	6.13505794558	7.3328223462
110.0	9.0	10.8086461699	3.21665678054
120.0	1.0	7.51928697159	3.23622688411
120.0	2.0	7.38353697588	3.80710112503
120.0	3.0	6.97207768656	5.03786971215
120.0	4.0	6.74203932174	5.56387591072
120.0	5.0	4.29012079461	3.44386090987
120.0	6.0	12.7647088988	5.13046971444
120.0	7.0	12.4104961193	2.76845367668
120.0	8.0	6.21019398972	7.37554245034
120.0	9.0	10.3955031597	3.10162275708
120.0	10.0	0.344741849567	6.98294707982
130.0	1.0	6.9859683838	3.18849492417
130.0	2.0	6.86684513175	3.75626658769
130.0	3.0	6.56503816455	5.04312022774
130.0	4.0	6.32089863738	5.61638106666
130.0	5.0	3.91886034123	3.38849183633
130.0	6.0	13.0804065632	5.48177693962
130.0	7.0	12.90151122	2.76845367668
130.0	8.0	6.28533003386	7.41802389469
130.0	9.0	9.87502294363	3.01761450758
130.0	10.0	0.63497323574	6.88414192273
140.0	1.0	6.45286026112	3.14076296423
140.0	2.0	6.35036375273	3.70567071015
140.0	3.0	6.15820910764	5.04837074334
140.0	4.0	5.93511609144	5.65623725321
140.0	5.0	3.54949407383	3.3347933814
140.0	6.0	13.3329646948	5.87508828955
140.0	7.0	13.4188344595	2.83933563719
140.0	8.0	6.27943701079	7.46838111243
140.0	9.0	9.3278136586	2.94124337167
140.0	10.0	0.925415087023	6.78533676565
150.0	1.0	5.90986027828	3.10973719027
150.0	2.0	5.84209051299	3.67536091559
150.0	3.0	5.75138005074	5.05385991873
150.0	4.0	5.5493335455	5.69609343976
150.0	5.0	3.18012780644	3.28133358626
150.0	6.0	13.4381972496	6.36553417796
150.0	7.0	13.9755146745	3.01642120858
150.0	8.0	6.26428352289	7.51945430957
150.0	9.0	8.81070088425	2.90114852532
150.0	10.0	1.25542437892	6.68939552617
160.0	1.0	5.36265099326	3.08587121029
160.0	2.0	5.34644517982	3.67536091559
160.0	3.0	5.34434052872	5.05911043433
160.0	4.0	5.16334053444	5.73571096651
160.0	5.0	2.81076153905	3.22763513132
160.0	6.0	13.5415356184	6.8318754266
160.0	7.0	14.5321948894	3.19350677997
160.0	8.0	6.22703119849	7.56360637252
160.0	9.0	8.3634625263	2.94601656766
160.0	10.0	1.74433482858	6.60514861687
170.0	1.0	4.81544170823	3.06200523032
170.0	2.0	4.85079984665	3.67536091559
170.0	3.0	4.96276728497	5.07390734191
170.0	4.0	4.7775579885	5.77556715307
170.0	5.0	2.44139527166	3.17417533619
170.0	6.0	13.6427693361	7.27387337567
170.0	7.0	15.0890855695	3.37059235135
170.0	8.0	5.98962655483	7.54522956794
170.0	9.0	7.91622416834	2.99064595021
170.0	10.0	2.23345574335	6.52114036737
180.0	1.0	4.30338009651	2.98515677482
180.0	2.0	4.34610451377	3.65483617281
180.0	3.0	4.58393008764	5.08989754849
180.0	4.0	4.40293009337	5.82091251501
180.0	5.0	2.10086272428	3.17417533619
180.0	6.0	13.744213519	7.71587132474
180.0	8.0	5.75222191118	7.52685276336
180.0	9.0	7.46603929886	3.02835419856
180.0	10.0	2.72236619301	6.43689345807
190.0	1.0	3.80647197269	2.88587429814
190.0	2.0	3.8199417397	3.58681812989
190.0	3.0	4.20509289032	5.10564909527
190.0	4.0	4.045139407	5.87461096995
190.0	5.0	1.76054064202	3.17417533619
190.0	6.0	13.7553681698	8.13949246923
190.0	8.0	5.51481726752	7.50871461858
190.0	9.0	6.99101954643	3.0009083216
190.0	10.0	3.20706734047	6.37340995135
200.0	1.0	3.30956384886	2.78635316165
200.0	2.0	3.29377896564	3.51856142718
200.0	3.0	3.82625569299	5.12163930185
200.0	4.0	3.68734872064	5.92830942488
200.0	5.0	1.42000809464	3.17417533619
200.0	6.0	13.7440030539	8.55881773732
200.0	8.0	5.28625215846	7.50060018539
200.0	9.0	6.51599979401	2.97370110443
200.0	10.0	3.69050569728	6.31541562002
200.0	11.0	0.473546496657	7.30298987123
210.0	1.0	2.81644409701	2.69041192217
210.0	2.0	2.79308246984	3.46128307524
210.0	3.0	3.44405105391	5.1636434266
210.0	4.0	3.32955803428	5.98200787982
210.0	5.0	1.07947554727	3.17417533619
210.0	6.0	13.732637938	8.97814300542
210.0	8.0	5.09325565294	7.53377389755
210.0	9.0	6.04098004158	2.94649388726
210.0	10.0	4.17394405409	6.25742128869
210.0	11.0	0.999709270721	7.06433007152
220.0	1.0	2.35805108824	2.62645109585
220.0	2.0	2.31785225231	3.4152217339
220.0	3.0	3.05658478709	5.2450264183
220.0	4.0	2.99618130063	6.03809293275
220.0	5.0	0.739153465005	3.17417533619
220.0	6.0	13.7208518918	9.39460435592
220.0	8.0	4.90025914741	7.56694760971
220.0	9.0	5.57101145179	2.95866553705
220.0	10.0	4.65654055046	6.19727901916
220.0	11.0	1.56249297386	6.88294862374
230.0	1.0	1.89944761437	2.56249026952
230.0	2.0	1.84262203477	3.36892173276
230.0	3.0	2.66911852027	5.32640941
230.0	4.0	2.69963596117	6.09775788268
230.0	5.0	0.398620917631	3.17417533619
230.0	6.0	13.7065402644	9.78505178825
230.0	8.0	4.70747310699	7.59988266208
230.0	9.0	5.10462076886	2.9973284246
230.0	10.0	5.13008704712	6.11756664605
230.0	11.0	2.21072551151	6.83521666379
240.0	1.0	1.4408441405	2.498768103
240.0	2.0	1.37160111943	3.30830214363
240.0	3.0	2.28165225345	5.40779240171
240.0	4.0	2.4030906217	6.15742283261
240.0	5.0	0.0580883702566	3.17417533619
240.0	6.0	13.6922286369	10.1754992206
240.0	8.0	4.50942543884	7.59773472388
240.0	9.0	4.63823008593	3.03622997195
240.0	10.0	5.60363354378	6.03809293275
240.0	11.0	2.85895804915	6.78748470385
250.0	1.0	0.982451131732	2.43480727668
250.0	2.0	0.907104622486	3.22596451273
250.0	3.0	1.89418598663	5.48917539341
250.0	4.0	2.10654528224	6.21708778254
250.0	6.0	13.6779170095	10.5661853127
250.0	8.0	4.30822079403	7.57172080571
250.0	9.0	4.171839403	3.07489285951
250.0	10.0	6.07718004044	5.95861921945
250.0	11.0	3.53897081835	6.63116253504
260.0	1.0	0.523847657858	2.37084645035
260.0	2.0	0.442608125542	3.14362688183
260.0	3.0	1.55133832305	5.6664996246
260.0	4.0	1.80999994278	6.27675273246
260.0	6.0	13.6633949169	10.956632745
260.0	8.0	4.10680568412	7.54570688754
260.0	9.0	3.71976034752	3.09875883948
260.0	10.0	6.54188700249	5.9120805585
260.0	11.0	4.22719172683	6.44739448926
270.0	1.0	0.0654546490935	2.30688562403
270.0	2.0	-0.0216779062914	3.06152791072
270.0	3.0	1.20870112458	5.84382385578
270.0	4.0	1.57385808978	6.4163687153
270.0	8.0	3.90560103932	7.51993162917
270.0	9.0	3.26957547803	3.12095420085
270.0	10.0	6.99796489505	5.89895426952
270.0	11.0	4.91520217019	6.25479603089
280.0	3.0	0.865853460999	6.02114808697
280.0	4.0	1.33771623678	6.55622335793
280.0	8.0	3.70418592941	7.493917711
280.0	9.0	2.81918014343	3.14314956223
280.0	10.0	7.45404278761	5.88558932073
280.0	11.0	5.60321261356	6.02520530357
290.0	3.0	0.552470912767	6.19918829756
290.0	4.0	1.10157438378	6.69583934076
290.0	8.0	3.52529058623	7.48795121601
290.0	9.0	2.36899527394	3.1653449236
290.0	10.0	7.90991021506	5.87246303175
290.0	11.0	6.29122305693	5.79585323604
300.0	3.0	0.268343014773	6.37818314734
300.0	4.0	0.86543253078	6.83545532359
300.0	8.0	3.34639524305	7.48198472102
300.0	9.0	2.03098830789	3.18754028497
300.0	10.0	8.40324043202	5.83690272159
300.0	11.0	6.97902303518	5.55600013733
310.0	3.0	-0.0157848832219	6.55717799713
310.0	4.0	0.580252307238	7.01325687438
310.0	8.0	3.16749989986	7.47601822602
310.0	9.0	1.76790692085	3.20997430615
310.0	10.0	8.90077995117	5.79895581344
310.0	11.0	7.66661254833	5.30946456423
320.0	4.0	0.289599990845	7.19511564176
320.0	8.0	2.98860455668	7.47005173103
320.0	9.0	1.50482553382	3.23240832732
320.0	10.0	9.39831947033	5.76100890528
320.0	11.0	8.35399159637	5.06269033132
330.0	8.0	2.95282548805	7.41921719369
330.0	9.0	1.34087321342	3.2483985339
330.0	10.0	9.89564852437	5.72306199713
330.0	11.0	9.06915203887	4.92951816308
330.0	12.0	15.0366797572	3.79898669184
330.0	13.0	14.8948262733	3.2448186369
340.0	8.0	2.91704641941	7.36838265635
340.0	9.0	1.32571972553	3.25484234849
340.0	10.0	10.3818229276	5.72067539913
340.0	11.0	9.80262294592	4.87152383175
340.0	12.0	14.5010460532	3.84242277539
340.0	13.0	14.3236239658	3.25341038969
350.0	8.0	2.88105688566	7.31778677881
350.0	9.0	1.31056623764	3.26128616308
350.0	10.0	10.8566322149	5.75384911129
350.0	11.0	10.536093853	4.81376816022
350.0	12.0	13.9654123492	3.88585885893
350.0	13.0	13.7524216583	3.26200214248
360.0	8.0	2.84527781703	7.26695224147
360.0	9.0	1.29541274975	3.26772997768
360.0	10.0	11.3314415022	5.78726148325
360.0	11.0	11.2626194114	4.7462274369
360.0	12.0	13.4295681801	3.92929494248
360.0	13.0	13.1833240018	3.27130987467
370.0	8.0	2.79308246984	7.22733471472
370.0	9.0	1.28025926185	3.27417379227
370.0	10.0	11.8060403244	5.82043519541
370.0	11.0	11.9729391564	4.65673001201
370.0	12.0	12.8695205234	3.97082174763
370.0	13.0	12.634641461	3.28849338025
380.0	8.0	2.70300340292	7.21373110614
380.0	9.0	1.26510577396	3.28061760686
380.0	10.0	12.2915833324	5.84477849498
380.0	11.0	12.6832589014	4.56723258712
380.0	12.0	12.3035798436	4.01187123318
380.0	13.0	12.0859589202	3.30543822603
390.0	8.0	2.61271387089	7.20012749756
390.0	9.0	1.24995228607	3.28706142145
390.0	10.0	12.8204821528	5.8330841648
390.0	11.0	13.3921053906	4.48036042002
390.0	12.0	11.7374286987	4.05315937853
390.0	13.0	11.5398019608	3.36032997997
400.0	8.0	2.52263480397	7.18628522917
400.0	9.0	1.23479879817	3.29350523605
400.0	10.0	13.3491705082	5.82162849441
400.0	11.0	14.0881135081	4.4161609339
400.0	12.0	11.2072670876	4.15745371101
400.0	13.0	10.9995380244	3.50352585979
410.0	8.0	2.40582666813	7.13759863003
410.0	9.0	1.21964531028	3.29994905064
410.0	10.0	13.8778588636	5.80993416422
410.0	11.0	14.7843320908	4.35196144777
410.0	12.0	10.6811043135	4.26890783747
410.0	13.0	10.4594845531	3.64672173962
420.0	8.0	2.28249411389	7.0800816183
420.0	9.0	1.20449182239	3.30639286523
420.0	10.0	14.3922355915	5.82186715421
420.0	11.0	15.4805506734	4.28752330185
420.0	12.0	10.1549415394	4.38012330414
420.0	13.0	9.92090433753	3.77798462946
430.0	8.0	2.15916155965	7.02232594677
430.0	9.0	1.18912786938	3.31283667982
430.0	10.0	14.7782286026	6.04740066494
430.0	12.0	9.66034853181	4.46890474963
430.0	13.0	9.38611249397	3.88108566294
440.0	8.0	2.08360458529	7.02304192617
440.0	9.0	1.17397438149	3.31928049441
440.0	10.0	15.1640111485	6.27269551587
440.0	12.0	9.16933343106	4.55506093733
440.0	13.0	8.85153111552	3.98442535622
450.0	8.0	2.01351970379	7.03044037996
450.0	9.0	1.1588208936	3.32572430901
450.0	12.0	8.67810786519	4.64121712503
450.0	13.0	8.31673927196	4.08752638969
460.0	8.0	1.94322435717	7.03760017395
460.0	9.0	1.14366740571	3.3321681236
460.0	12.0	8.18604043888	4.72832795192
460.0	13.0	7.82761835719	4.18394494878
460.0	14.0	14.6904646519	3.2479212143
460.0	15.0	15.0693018492	4.00948463519
470.0	8.0	1.85040924383	7.02566718396
470.0	9.0	1.12851391781	3.33861193819
470.0	12.0	7.69144743126	4.81782537682
470.0	13.0	7.36901488332	4.27559031187
470.0	14.0	14.059069323	3.31307533962
470.0	15.0	14.4547437291	4.04767020314
480.0	8.0	1.74244064259	7.00132388439
480.0	9.0	1.11336042992	3.34505575278
480.0	12.0	7.19685442364	4.90732280171
480.0	13.0	6.91020094433	4.36747433476
480.0	14.0	13.4276739941	3.37822946494
480.0	15.0	13.840185609	4.08585577109
490.0	8.0	1.63468250646	6.97674192502
490.0	9.0	1.09820694203	3.35149956738
490.0	12.0	6.70226141602	4.9968202266
490.0	13.0	6.45159747046	4.45935835765
490.0	14.0	12.7988042465	3.44505420886
490.0	15.0	13.2172088845	4.1627042266
490.0	16.0	0.261397666155	7.2440409007
500.0	8.0	1.52671390522	6.95239862545
500.0	9.0	1.08305345413	3.35794338197
500.0	12.0	6.22976724492	5.09538672388
500.0	13.0	5.99678236856	4.54861712274
500.0	14.0	12.1920333355	3.52930111816
500.0	15.0	12.5858135556	4.27821556966
500.0	16.0	0.350003477307	7.13091615564
510.0	8.0	1.48419995308	7.03712285435
510.0	9.0	1.06789996624	3.36438719656
510.0	12.0	5.80883702566	5.21471662374
510.0	13.0	5.54386145265	4.63668258883
510.0	14.0	11.5854728896	3.61354802746
510.0	15.0	11.9544182267	4.39372691272
510.0	16.0	0.43860928846	7.01779141057
520.0	8.0	1.46967786052	7.16886306379
520.0	9.0	1.05274647835	3.37083101115
520.0	12.0	5.38790680641	5.3340465236
520.0	13.0	5.09094053673	4.72498671473
520.0	14.0	10.9789124436	3.69779493676
520.0	15.0	11.3562763852	4.500646503
520.0	16.0	0.527215099612	6.90490532531
520.0	17.0	0.218041853572	6.45622490185
530.0	8.0	1.45515576795	7.30060327323
530.0	9.0	1.03759299045	3.37727482575
530.0	12.0	4.96697658716	5.45337642345
530.0	13.0	4.63801962082	4.81305218082
530.0	14.0	10.3877159507	3.84385473418
530.0	15.0	10.8078043095	4.59467846408
530.0	16.0	0.611822073681	6.8256702718
530.0	17.0	0.504274402663	6.34166819799
540.0	8.0	1.45263018664	7.33353832559
540.0	9.0	1.02243950256	3.38371864034
540.0	12.0	4.53952194951	5.56315993132
540.0	13.0	4.17878475161	4.89634445092
540.0	14.0	9.80304387614	4.01616710958
540.0	15.0	10.2591217687	4.68847176537
540.0	16.0	0.686958117818	6.8256702718
540.0	17.0	0.790506951753	6.22711149412
550.0	8.0	1.45305111685	7.34189141858
550.0	9.0	0.996131363858	3.39421967152
550.0	12.0	4.05397894161	5.58774189069
550.0	13.0	3.66377662836	4.93405269928
550.0	14.0	9.2183718016	4.18847948497
550.0	15.0	9.70896597214	4.77987846866
550.0	16.0	0.762094161954	6.8256702718
550.0	17.0	1.02201857234	6.22377025693
560.0	8.0	1.45368251218	7.35000585178
560.0	9.0	0.926046482352	3.42071090929
560.0	12.0	3.56822546859	5.61208519026
560.0	13.0	3.14876850511	4.97176094763
560.0	14.0	8.63664623859	4.34981350958
560.0	15.0	9.14344622257	4.84694187238
560.0	16.0	0.84880578712	6.81445326122
560.0	17.0	1.21669879875	6.29441355764
570.0	8.0	1.4541034424	7.35835894477
570.0	9.0	0.855961600847	3.44720214706
570.0	12.0	3.08247199558	5.63666714963
570.0	13.0	2.63354991674	5.00923053619
570.0	14.0	8.08080788407	4.4109104183
570.0	15.0	8.5777160079	4.9142439359
570.0	16.0	0.946672063096	6.79225789984
570.0	17.0	1.41158949026	6.36505685836
580.0	8.0	1.45473483773	7.36671203776
580.0	9.0	0.785666254232	3.47393204463
580.0	12.0	2.61103015001	5.67175014019
580.0	13.0	2.13201156051	5.0810671359
580.0	14.0	7.52496952955	4.47200732703
580.0	15.0	8.01219625833	4.98130733962
580.0	16.0	1.04453833907	6.77006253847
580.0	17.0	1.55954646233	6.44834912846
580.0	18.0	0.352108128404	6.93736305807
590.0	8.0	1.45515576795	7.37482647095
590.0	9.0	0.694534861764	3.48729699341
590.0	12.0	2.19704527938	5.7485985957
590.0	13.0	1.66204297071	5.23213878912
590.0	14.0	6.96913117503	4.53334289556
590.0	15.0	7.48498115872	5.08560167209
590.0	16.0	1.14240461505	6.7478671771
590.0	17.0	1.70203134154	6.53307335736
590.0	18.0	0.409354638222	6.77459707467
600.0	8.0	1.45578716328	7.38317956394
600.0	9.0	0.589302306951	3.49207018941
600.0	12.0	1.78284994364	5.82568571101
600.0	13.0	1.19186391581	5.38344910214
600.0	14.0	6.41245096007	4.60231557767
600.0	15.0	6.9619753613	5.19419188096
600.0	16.0	1.25184647205	6.73474088811
600.0	17.0	1.84472668587	6.61779758625
600.0	18.0	0.466811613149	6.61206975106
610.0	8.0	1.4562080935	7.39153265693
610.0	9.0	0.484069752139	3.4968433854
610.0	12.0	1.37854646805	5.89083983633
610.0	13.0	0.729261604852	5.53977127095
610.0	14.0	5.8532451638	4.70279135335
610.0	15.0	6.43896956388	5.30254343003
610.0	16.0	1.40716972296	6.75741356909
610.0	17.0	1.96384993792	6.63975428783
610.0	18.0	0.660860444224	6.41827799369
610.0	19.0	0.270868596088	8.29939453504
620.0	8.0	1.45683948883	7.39988574992
620.0	9.0	0.378837197326	3.5016165814
620.0	12.0	1.06284880361	5.85122230957
620.0	13.0	0.283496502666	5.70826508955
620.0	14.0	5.29382890241	4.80326712903
620.0	15.0	5.91406958048	5.36244703976
620.0	16.0	1.56249297386	6.78032490986
620.0	17.0	2.07708016689	6.64572078282
620.0	18.0	0.941831365574	6.22902077252
620.0	19.0	0.349793012198	8.09653370528
630.0	8.0	1.45726041905	7.40800018311
630.0	9.0	0.273604642513	3.50638977739
630.0	12.0	0.747151139171	5.81136612302
630.0	14.0	4.73441264103	4.90374290471
630.0	15.0	5.38790680641	5.39013157653
630.0	16.0	1.71781622476	6.80299759083
630.0	17.0	2.19052086098	6.65192593761
630.0	18.0	1.33645344612	6.10969087266
630.0	19.0	0.428717428307	7.89367287552
630.0	20.0	0.163531390179	6.4144594369
640.0	8.0	1.45789181438	7.4163532761
640.0	12.0	0.347898826211	5.92186561029
640.0	14.0	4.20530335543	4.97963672102
640.0	15.0	4.86174403235	5.4175774535
640.0	16.0	1.87313947567	6.8256702718
640.0	17.0	2.30375108996	6.65789243261
640.0	18.0	1.65909645918	6.03713829355
640.0	19.0	0.507641844417	7.69081204577
640.0	20.0	0.438819753569	6.2493068555
650.0	8.0	1.4583127446	7.42470636909
650.0	12.0	-0.0869220902753	6.09704190328
650.0	14.0	3.72186499862	5.01829960857
650.0	15.0	4.45323125457	5.43165838168
650.0	16.0	2.1318010954	6.92113419169
650.0	17.0	2.50453480454	6.68462233017
650.0	18.0	1.93354296213	5.9956114884
650.0	19.0	0.681065094748	7.48818987581
650.0	20.0	0.71389765185	6.0839156143
660.0	8.0	1.45894413992	7.43305946208
660.0	14.0	3.2382161767	5.05696249613
660.0	15.0	4.02514522159	5.46387745464
660.0	16.0	2.39025225002	7.01659811158
660.0	17.0	2.71499991417	6.71350016594
660.0	18.0	2.21682899969	5.96649499284
660.0	19.0	0.948987179302	7.28556770585
660.0	20.0	0.98918601524	5.91876303289
670.0	8.0	1.45936507014	7.44117389527
670.0	14.0	2.75477781989	5.09562538368
670.0	15.0	3.55159872493	5.53833931215
670.0	16.0	2.64891386975	7.11206203146
670.0	17.0	2.92546502379	6.7426166615
670.0	18.0	2.52095108309	5.96649499284
670.0	19.0	1.21690926385	7.0831841957
670.0	20.0	1.11546508102	5.64430426322
680.0	8.0	1.45999646547	7.44952698826
680.0	14.0	2.28838713696	5.09968260028
680.0	15.0	3.163921993	5.54693106494
680.0	16.0	2.92483362847	7.18151203318
680.0	17.0	3.12603827327	6.77292645607
680.0	18.0	2.78866270254	5.91876303289
680.0	19.0	1.51345460332	6.9087238821
680.0	20.0	1.24174414679	5.36984549355
690.0	8.0	1.46041739569	7.45788008125
690.0	14.0	1.82915226776	5.08894290929
690.0	15.0	2.82191618986	5.53690735335
690.0	16.0	3.21822199128	7.22494811673
690.0	17.0	3.31987663923	6.80442954963
690.0	18.0	3.02017432313	5.82329911301
690.0	19.0	1.92533482285	6.84643367438
690.0	20.0	1.28320577339	5.38941559713
700.0	8.0	1.46104879102	7.46623317424
700.0	14.0	1.38212437491	5.12330992045
700.0	15.0	2.49401154906	5.50898415679
700.0	16.0	3.5116103541	7.26838420027
700.0	17.0	3.5137150052	6.83569398339
700.0	18.0	3.12688013371	5.76530478168
700.0	19.0	2.33700457728	6.78414346665
700.0	20.0	1.32445693487	5.40898570071
710.0	8.0	1.46146972124	7.47434760743
710.0	14.0	0.947092993315	5.20278363375
710.0	15.0	2.17831388462	5.4161454947
710.0	16.0	3.8045777867	7.30155791243
710.0	17.0	3.70755337116	6.86719707695
710.0	18.0	3.10856966917	5.7445413791
710.0	19.0	2.6697499156	6.79440583804
710.0	20.0	1.36591856147	5.42855580428
720.0	8.0	1.46210111657	7.48270070042
720.0	14.0	0.59014416739	5.48297023862
720.0	15.0	1.85903831332	5.30612332703
720.0	16.0	4.09670335886	7.29368213904
720.0	17.0	3.99610103646	6.80562284863
720.0	18.0	3.09025920463	5.72377797653
720.0	19.0	2.9934452542	6.81278264262
720.0	20.0	1.40738018807	5.44812590786
730.0	8.0	1.46252204679	7.49105379341
730.0	14.0	0.233405806575	5.76315684348
730.0	15.0	1.53639530027	5.17891765378
730.0	16.0	4.38861846591	7.28604502545
730.0	17.0	4.30843125914	6.72089861973
730.0	18.0	3.07194874009	5.70301457395
730.0	19.0	3.30430222112	6.81182800342
730.0	20.0	1.44884181466	5.46769601144
740.0	8.0	1.46315344212	7.4994068864
740.0	15.0	1.09925926757	5.10541043547
740.0	16.0	4.6834800845	7.27578265406
740.0	17.0	4.62076148183	6.63617439083
740.0	18.0	3.05363827556	5.68225117138
740.0	19.0	3.58485221225	6.76528934248
740.0	20.0	1.49009297615	5.48726611501
750.0	8.0	1.46357437234	7.50752131959
750.0	15.0	0.673488350802	5.27271095507
750.0	16.0	5.005070772	7.2426089419
750.0	17.0	4.92677775122	6.61588830786
750.0	18.0	2.84590921236	5.28798518225
750.0	19.0	3.86561266849	6.71898934133
750.0	20.0	1.49430227834	5.27438157367
760.0	8.0	1.46420576766	7.51587441258
760.0	15.0	0.291494176831	5.56268261172
760.0	16.0	5.3264509944	7.20943522974
760.0	17.0	5.23005797419	6.62280944205
760.0	18.0	2.61713363819	4.85195372817
760.0	19.0	4.14616265962	6.67245068039
760.0	20.0	1.45978600036	4.94455373046
770.0	8.0	1.46462669788	7.52422750557
770.0	15.0	0.0648232537647	5.92974138368
770.0	16.0	5.64804168191	7.17626151758
770.0	17.0	5.53333819716	6.62973057624
770.0	18.0	2.38583248271	4.42713928468
770.0	19.0	4.46606962625	6.663381608
770.0	20.0	1.40253949054	4.55410629813
780.0	8.0	1.46525809321	7.53258059856
780.0	16.0	5.94921725378	7.14332646522
780.0	17.0	5.83851260612	6.62567335964
780.0	18.0	2.15284760636	4.00948463519
780.0	19.0	4.80281380165	6.67030274219
780.0	20.0	1.28720461047	4.17081865979
790.0	8.0	1.46567902343	7.54069503175
790.0	16.0	6.22976724492	7.11015275306
790.0	17.0	6.14747538705	6.59584088468
790.0	18.0	1.91965226489	3.59182998569
790.0	19.0	5.13955797706	6.67698521658
790.0	20.0	1.08515810523	3.79850937224
800.0	8.0	1.46631041876	7.54904812474
800.0	16.0	6.51031723605	7.0769790409
800.0	17.0	6.45664863309	6.56600840972
800.0	18.0	1.70476738797	3.1617650266
800.0	19.0	5.46262192033	6.68915686637
800.0	20.0	0.883111599989	3.42620008469
810.0	8.0	1.46673134898	7.55740121773
810.0	16.0	6.79107769229	7.04380532874
810.0	17.0	6.76350676293	6.52806150156
810.0	18.0	1.49430227834	2.72859749012
810.0	19.0	5.73117540021	6.72209191873
810.0	20.0	0.64086625881	3.06295986952
820.0	8.0	1.4671522792	7.56551565092
820.0	16.0	7.13097884433	6.89512027352
820.0	17.0	7.04994977713	6.4154140761
820.0	18.0	1.28973019179	2.30044180944
820.0	19.0	5.99972888009	6.75478831129
820.0	20.0	0.393990685219	2.70091295336
830.0	8.0	1.46778367453	7.57386874391
830.0	16.0	7.47761487989	6.73378624891
830.0	17.0	7.33639279133	6.30252799083
830.0	18.0	1.13777438264	1.9159608721
830.0	19.0	6.2600742207	6.76457336308
830.0	20.0	0.147325576738	2.33886603719
840.0	8.0	1.46820460475	7.5822218369
840.0	16.0	7.82425091544	6.57221356451
840.0	17.0	7.62283580553	6.18988056537
840.0	18.0	0.985608108376	1.53147993476
840.0	19.0	6.50189863166	6.72042130013
850.0	8.0	1.46883600008	7.59057492989
850.0	16.0	8.18098927625	6.39942386952
850.0	17.0	7.93221951668	6.06458417052
850.0	18.0	0.833652299227	1.14699899742
850.0	19.0	6.74351257751	6.67626923718
850.0	22.0	0.358632546802	8.73709660771
860.0	8.0	1.4692569303	7.59868936308
860.0	16.0	8.54782996233	6.21541716394
860.0	17.0	8.26454392478	5.92640014648
860.0	18.0	0.700638349943	0.879700021744
860.0	19.0	7.01206605739	6.61875222545
860.0	21.0	13.9965611854	10.9373013013
860.0	22.0	0.468495334026	8.50869917938
870.0	8.0	1.46988832562	7.60704245607
870.0	16.0	8.91467064841	6.03117179856
870.0	17.0	8.59686833287	5.78821612245
870.0	18.0	0.586355795417	0.729583007724
870.0	19.0	7.29850907159	6.55264346093
870.0	21.0	13.945839094	10.476449228
870.0	22.0	0.578358121251	8.28054041086
880.0	8.0	1.47030925584	7.61539554906
880.0	16.0	9.28151133449	5.84716509298
880.0	17.0	8.92919274097	5.65003209842
880.0	18.0	0.47207324089	0.579704653504
880.0	19.0	7.58495208579	6.48629603661
880.0	21.0	13.8951170026	10.0155971548
880.0	22.0	0.688220908475	8.05214298253
890.0	8.0	1.47094065117	7.62374864205
890.0	16.0	9.61930783543	5.73404034792
890.0	17.0	9.25983342819	5.5001537442
890.0	18.0	0.357790686363	0.429587639484
890.0	19.0	7.87139509999	6.41994861229
890.0	21.0	13.7949356104	9.60032910327
890.0	22.0	0.79787323059	7.82398421401
900.0	8.0	1.47136158139	7.63186307524
900.0	16.0	9.95731480149	5.62115426265
900.0	17.0	9.58984272009	5.34526353418
900.0	18.0	0.278866270254	0.322190729613
900.0	19.0	8.2300276468	6.40228778711
900.0	21.0	13.6455053826	9.23064507352
900.0	22.0	1.00097206138	7.53114863976
910.0	8.0	1.47199297672	7.64021616823
910.0	16.0	10.2951113024	5.50802951759
910.0	17.0	9.91964154687	5.19061198397
910.0	18.0	0.199941854144	0.214793819742
910.0	19.0	8.58844972849	6.38462696193
910.0	21.0	13.4962856198	8.86119970356
910.0	22.0	1.2659476344	7.19511564176
920.0	8.0	1.47241390694	7.64856926122
920.0	16.0	10.6427996635	5.39108621573
920.0	17.0	10.2496508388	5.03572177395
920.0	18.0	0.121017438035	0.107396909871
920.0	19.0	8.92708808988	6.34906665178
920.0	21.0	13.3224414393	8.50655124119
920.0	22.0	1.53092320742	6.85932130356
930.0	8.0	1.47304530227	7.65692235421
930.0	16.0	11.0306868606	5.25934600629
930.0	17.0	10.5701892007	4.9109026987
930.0	18.0	0.0420930219251	0.0
930.0	19.0	9.21900319693	6.27221819627
930.0	21.0	13.1119763297	8.17409814019
930.0	22.0	1.8956592424	6.75669758969
940.0	8.0	1.45999646547	7.63114709584
940.0	16.0	11.4183635925	5.12736713704
940.0	17.0	10.8905170976	4.78632228325
940.0	19.0	9.51091830398	6.19513108096
940.0	21.0	12.90151122	7.84164503918
940.0	22.0	2.27154992819	6.67984913418
950.0	8.0	1.43368832677	7.57148214591
950.0	16.0	11.8060403244	4.9956269276
950.0	17.0	11.2110554595	4.661503208
950.0	19.0	9.81651364315	6.10730427467
950.0	21.0	12.6834693665	7.48747389641
950.0	22.0	2.64744061398	6.61159243146
960.0	8.0	1.40738018807	7.51181719598
960.0	16.0	12.1705658943	4.88536610013
960.0	17.0	11.5315938215	4.53668413275
960.0	19.0	10.1764089806	5.97651870442
960.0	21.0	12.4601658852	7.11850584605
960.0	22.0	3.02522548576	6.61851356565
970.0	8.0	1.37644181695	7.45573214305
970.0	16.0	12.5005751862	4.80804032503
970.0	17.0	11.9058007864	4.40971711931
970.0	19.0	10.536093853	5.84573313418
970.0	21.0	12.2368624038	6.7497764555
970.0	22.0	3.40279989243	6.62567335964
980.0	8.0	1.33434879503	7.40800018311
980.0	16.0	12.830374013	4.73071454992
980.0	17.0	12.3159972851	4.28107948726
980.0	19.0	10.8991461671	5.70635581115
980.0	21.0	11.9514717152	6.4166073751
980.0	22.0	3.78037429909	6.63259449384
990.0	8.0	1.2922557731	7.36026822316
990.0	16.0	13.1603833049	4.65315011501
990.0	17.0	12.7261937837	4.15268051501
990.0	19.0	11.2910322012	5.49251663061
990.0	21.0	11.5204391707	6.166491905
990.0	22.0	4.23582079632	6.62400274105
1000.0	8.0	1.25121507672	7.30800172703
1000.0	16.0	13.4874460852	4.60040629928
1000.0	17.0	13.1361798173	4.02428154277
1000.0	19.0	11.6829182353	5.27843879026
1000.0	21.0	11.0567845342	5.93952643547
1000.0	22.0	4.72452078087	6.60848985407
1010.0	8.0	1.21248949655	7.2452341997
1010.0	16.0	13.8134565401	4.55840217453
1010.0	17.0	13.4844995737	3.96676453104
1010.0	19.0	12.0834333389	5.0820217751
1010.0	21.0	10.4620101344	5.80468364863
1010.0	22.0	5.21343123053	6.59321562688
1020.0	8.0	1.17355345127	7.18246667238
1020.0	16.0	14.1394669949	4.51639804978
1020.0	17.0	13.8060902612	3.93979597367
1020.0	19.0	12.517412395	4.95505476165
1020.0	21.0	9.86723573457	5.66984086179
1020.0	22.0	5.68003237857	6.54500634734
1030.0	8.0	1.1348278711	7.11969914505
1030.0	16.0	14.4654774497	4.47415526523
1030.0	17.0	14.1276809487	3.9125887565
1030.0	19.0	12.9516019161	4.828326408
1030.0	21.0	9.27730203229	5.58463931329
1030.0	22.0	6.13190096894	6.47460170643
1040.0	8.0	1.1259883365	7.0796042987
1040.0	16.0	14.7914879045	4.43215114048
1040.0	17.0	14.4494821013	3.88562019913
1040.0	19.0	13.3855809722	4.70159805435
1040.0	21.0	8.68799972534	5.50516559999
1040.0	22.0	6.58376955931	6.40443572531
1050.0	8.0	1.14724531257	7.06265945292
1050.0	17.0	14.7710727888	3.85865164177
1050.0	19.0	13.8576542131	4.68226661058
1050.0	21.0	8.09869741839	5.42545322689
1050.0	22.0	7.0383741961	6.32376871301
1060.0	8.0	1.16829182353	7.04571460714
1060.0	17.0	15.0926634764	3.8316830844
1060.0	19.0	14.329727454	4.6629351668
1060.0	21.0	7.5129730183	5.3302279668
1060.0	22.0	7.5041334837	6.20085891615
1070.0	8.0	1.1895487996	7.02876976136
1070.0	19.0	14.80201116	4.64360372302
1070.0	21.0	6.92766954843	5.23333208812
1070.0	22.0	7.96968230619	6.0779491193
1080.0	8.0	1.21080577568	7.01182491558
1080.0	19.0	15.2740844009	4.62427227925
1080.0	21.0	6.34215561346	5.13643620943
1080.0	22.0	8.43523112868	5.95503932245
1080.0	23.0	14.8630460418	6.60514861687
1090.0	8.0	1.23185228664	6.9948800698
1090.0	21.0	5.74106726037	5.07486198111
1090.0	22.0	8.9188799506	5.86816715535
1090.0	23.0	14.4000228006	6.47149912903
1090.0	24.0	15.3130204461	2.90854697911
1100.0	8.0	1.25310926271	6.97793522402
1100.0	21.0	5.13303355866	5.02832332016
1100.0	22.0	9.40463342362	5.78559086465
1100.0	23.0	13.9369995594	6.33784964119
1100.0	24.0	14.7563402312	2.9161840927
1100.0	25.0	15.0482553382	3.43670111587
1110.0	8.0	1.27415577367	6.96099037824
1110.0	21.0	4.52499985695	4.98202331902
1110.0	22.0	9.89606945459	5.69680941916
1110.0	23.0	13.4104158551	6.30921046522
1110.0	24.0	14.1996600162	2.92405986609
1110.0	25.0	14.4379065203	3.46056709585
1120.0	8.0	1.29541274975	6.94404553246
1120.0	21.0	3.91738708546	4.94097383347
1120.0	22.0	10.4011857177	5.59346972588
1120.0	23.0	12.8766763371	6.29202695965
1120.0	24.0	13.6429798013	2.93169697968
1120.0	25.0	13.8275577024	3.48443307582
1130.0	8.0	1.31666972582	6.92710068668
1130.0	21.0	3.31314175573	4.94861094706
1130.0	22.0	10.9063019808	5.48989137281
1130.0	23.0	12.3517763537	6.26338778368
1130.0	24.0	13.0987170278	2.89780728812
1130.0	25.0	13.2172088845	3.50829905579
1140.0	8.0	1.33771623678	6.9101558409
1140.0	21.0	2.70889642599	4.95648672045
1140.0	22.0	11.4046833604	5.38798363833
1140.0	23.0	11.9045379957	6.12902231644
1140.0	24.0	12.5670821608	2.82239079141
1140.0	25.0	12.6540042511	3.55984957253
1150.0	8.0	1.35897321285	6.89321099512
1150.0	21.0	2.10465109626	4.96412383404
1150.0	22.0	11.8874903219	5.28989446065
1150.0	23.0	11.4572996378	5.994895509
1150.0	24.0	12.0352368288	2.7472129545
1150.0	25.0	12.0910100829	3.61140008926
1160.0	8.0	1.38001972381	6.87626614934
1160.0	21.0	1.57238483401	5.04144960915
1160.0	22.0	12.3928170501	5.17486043719
1160.0	23.0	11.0100612798	5.86053004176
1160.0	24.0	11.5036019619	2.67179645779
1160.0	25.0	11.5278054495	3.6631892658
1160.0	26.0	0.411248824208	3.28992533905
1170.0	8.0	1.40127669989	6.85932130356
1170.0	21.0	1.03990810666	5.11853672445
1170.0	22.0	12.9130868011	5.04884806294
1170.0	23.0	10.54956362	5.78153364806
1170.0	24.0	10.9801752343	2.68349078798
1170.0	25.0	10.9799647692	3.70901194735
1170.0	26.0	1.0102325262	3.43670111587
1180.0	8.0	1.42253367596	6.84237645778
1180.0	21.0	0.507641844417	5.19586249956
1180.0	22.0	13.433146087	4.92259702889
1180.0	23.0	10.0878031695	5.70850374935
1180.0	24.0	10.4601159484	2.73265470672
1180.0	25.0	10.4683240877	3.74146968011
1180.0	26.0	1.6092162282	3.5834768927
1190.0	8.0	1.44358018692	6.825431612
1190.0	22.0	13.953415838	4.79658465464
1190.0	23.0	9.62583225383	5.63571251043
1190.0	24.0	9.9400566625	2.78181862546
1190.0	25.0	9.95647294105	3.77416607267
1190.0	26.0	2.17073714068	3.78705370185
1200.0	8.0	1.46483716299	6.80848676623
1200.0	22.0	14.4736855889	4.67057228039
1200.0	23.0	9.15523226871	5.54120322975
1200.0	24.0	9.42294388815	2.82692532761
1200.0	25.0	9.44462179445	3.80662380543
1200.0	26.0	2.71605223972	4.01497381058
1210.0	8.0	1.59953483315	6.83903522059
1210.0	22.0	14.9939553399	4.54455990614
1210.0	23.0	8.66421716795	5.39657539112
1210.0	24.0	8.91256599731	2.86248563776
1210.0	25.0	8.93277064784	3.83908153819
1210.0	26.0	3.29377896564	4.20637896995
1220.0	8.0	1.80999994278	6.90084810871
1220.0	23.0	8.17299160209	5.25194755249
1220.0	24.0	8.40197764136	2.89804594792
1220.0	25.0	8.43670438445	3.86247019856
1220.0	26.0	3.90412778355	4.36150783976
1230.0	8.0	2.02046505241	6.96266099684
1230.0	23.0	7.68197650133	5.10731971387
1230.0	24.0	7.89159975052	2.93336759828
1230.0	25.0	7.94232184194	3.88466555994
1230.0	26.0	4.48038125371	4.54002536995
1240.0	8.0	2.26881388176	6.98103780142
1240.0	23.0	7.22989744586	4.92164238969
1240.0	24.0	7.38101139457	2.96892790844
1240.0	25.0	7.44793929943	3.90686092131
1240.0	26.0	5.02274984121	4.74193156051
1250.0	8.0	2.52137201331	6.9948800698
1250.0	23.0	6.77781839038	4.73596506551
1250.0	24.0	6.89041722403	2.99016863061
1250.0	25.0	6.95376722203	3.92905628268
1250.0	26.0	5.56511842872	4.94383775106
1260.0	8.0	2.77393014486	7.00848367839
1260.0	23.0	6.32805445111	4.59611042288
1260.0	24.0	6.4130823554	3.0018629608
1260.0	25.0	6.47243351631	3.92189648869
1260.0	26.0	6.10643469068	5.02545940257
1270.0	8.0	3.01933246269	7.02757646236
1270.0	23.0	5.88376260469	4.56293671072
1270.0	24.0	5.93553702166	3.01355729098
1270.0	25.0	6.00014981031	3.89540525092
1270.0	26.0	6.64775095263	5.09371610528
1280.0	8.0	3.25379059481	7.05478367953
1280.0	23.0	5.43926029316	4.53000165836
1280.0	24.0	5.45820215303	3.02525162117
1280.0	25.0	5.5276556392	3.86891401315
1280.0	26.0	7.18001721487	5.10731971387
1290.0	8.0	3.48824872693	7.0819908967
1290.0	23.0	4.99496844674	4.4968279462
1290.0	24.0	4.97560565666	3.02835419856
1290.0	25.0	5.05537193321	3.84242277539
1290.0	26.0	7.70996836091	5.10731971387
1300.0	8.0	3.72291732417	7.10943677366
1300.0	23.0	4.5218428803	4.46962072903
1300.0	24.0	4.48774753255	3.02286502317
1300.0	25.0	4.58371962253	3.81760215622
1300.0	26.0	8.23823578607	5.09371610528
1300.0	27.0	15.2267297512	6.94738676966
1310.0	8.0	3.88034522617	7.12113110385
1310.0	23.0	4.03608940729	4.44527742946
1310.0	24.0	3.99988940843	3.01737584778
1310.0	25.0	4.11901266048	3.80757844463
1310.0	26.0	8.7505078629	4.95863465865
1310.0	27.0	14.6755216291	6.82232903461
1320.0	8.0	4.02956498889	7.13091615564
1320.0	23.0	3.55033593427	4.42069547009
1320.0	24.0	3.51182081921	3.01188667238
1320.0	25.0	3.65409523332	3.79755473304
1320.0	26.0	9.26256947462	4.82331455221
1320.0	27.0	14.124313507	6.69727129956
1330.0	8.0	4.17857428651	7.14093986723
1330.0	23.0	3.06479292637	4.39635217052
1330.0	24.0	3.01975339291	3.00305625979
1330.0	25.0	3.18938827127	3.78776968125
1330.0	26.0	9.77757759787	4.67940269298
1330.0	27.0	13.5602670132	6.56218985292
1340.0	8.0	4.32758358412	7.15096357881
1340.0	23.0	2.61629177775	4.34766557138
1340.0	24.0	2.48980224687	2.96343873304
1340.0	25.0	2.72468130921	3.77774596966
1340.0	26.0	10.3176310692	4.45649444005
1340.0	27.0	12.9838030779	6.4168460349
1350.0	8.0	4.47091032378	7.163851208
1350.0	23.0	2.17747202419	4.29325113705
1350.0	24.0	1.95964063572	2.92358254649
1350.0	25.0	2.24797783591	3.7491067937
1350.0	26.0	10.8578950056	4.23382484692
1350.0	27.0	12.3919751896	6.27293417567
1360.0	8.0	4.56035799537	7.20442337395
1360.0	23.0	1.73844180551	4.23859804291
1360.0	24.0	1.42968948969	2.88372635994
1360.0	25.0	1.74391389836	3.67703153419
1360.0	26.0	11.4046833604	4.01616710958
1360.0	27.0	11.7384810243	6.13475015163
1370.0	8.0	4.65001613207	7.2449955399
1370.0	23.0	1.27057786681	4.17941041258
1370.0	24.0	0.89952787854	2.84410883319
1370.0	25.0	1.2398499608	3.60495627467
1370.0	26.0	12.0108228761	3.84433205378
1370.0	27.0	11.0915112773	6.02186406637
1380.0	8.0	4.73946380366	7.28580636565
1380.0	23.0	0.735786023251	4.10996041087
1380.0	24.0	0.369576732502	2.80425264663
1380.0	25.0	0.735575558141	3.53264235536
1380.0	26.0	12.6169623918	3.67249699799
1380.0	27.0	10.4601159484	5.96768829183
1390.0	8.0	4.82912194036	7.3263785316
1390.0	23.0	0.200783714583	4.04027174935
1390.0	25.0	0.231511620588	3.46056709585
1390.0	26.0	13.2420437674	3.56462276852
1390.0	27.0	9.83208806127	5.92425220829
1400.0	8.0	4.86048124169	7.34236873818
1400.0	26.0	13.8797530496	3.499707303
1400.0	27.0	9.23457761504	5.97795066322
1410.0	8.0	4.80470798764	7.32112801601
1410.0	26.0	14.5176727969	3.43455317768
1410.0	27.0	8.63727763392	6.03188777796
1420.0	8.0	4.7491451987	7.30012595363
1420.0	26.0	15.155382079	3.36939905235
1420.0	27.0	8.0397671877	6.08582489269
1430.0	8.0	4.69337194465	7.27912389126
1430.0	27.0	7.37553930172	6.12305582145
1440.0	8.0	4.53552311243	7.2466661585
1440.0	27.0	6.71110095063	6.1602867502
1450.0	8.0	4.37767428021	7.21396976594
1450.0	27.0	6.04687306465	6.19775633876
1460.0	8.0	4.21982544799	7.18151203318
1460.0	27.0	5.42999982834	6.25288675249
1470.0	8.0	4.06197661577	7.14905430042
1470.0	27.0	4.82491263817	6.31255170242
1480.0	8.0	3.90496964399	7.12113110385
1480.0	27.0	4.21982544799	6.37221665235
1490.0	8.0	3.74838360243	7.09678780428
1490.0	27.0	3.63052314104	6.48104552102
1500.0	8.0	3.59200802598	7.07220584491
1500.0	27.0	3.05174408957	6.62280944205
1510.0	8.0	3.43542198442	7.04786254534
1510.0	27.0	2.4729650381	6.76457336308
1520.0	8.0	3.27631036154	7.04762388554
1520.0	27.0	1.94406621761	6.96504759484
1530.0	8.0	3.11635687823	7.05812491673
1530.0	27.0	1.48988251104	7.25406461229
1540.0	8.0	2.9561929298	7.06838728811
1540.0	27.0	1.12493601095	7.56312905292
1550.0	8.0	2.79602898138	7.0788883193
1550.0	27.0	0.849016252229	7.89224091672
1550.0	28.0	0.117018600952	4.89348053332
1550.0	29.0	0.119123252048	5.75575838969
1560.0	8.0	2.64175805602	7.08915069069
1560.0	27.0	0.57330695862	8.22135278053
1560.0	28.0	0.630553468438	4.88393414134
1560.0	29.0	0.612243003901	5.71494756394
1560.0	30.0	15.0097402232	4.55935681373
1570.0	8.0	2.54115573362	7.09965172188
1570.0	27.0	0.372733709147	8.53709969555
1570.0	28.0	1.14408833592	4.87438774935
1570.0	29.0	1.10515229064	5.67389807839
1570.0	30.0	14.343197221	4.54933310214
1570.0	31.0	14.6123820962	3.77774596966
1580.0	8.0	2.44055341122	7.10991409326
1580.0	27.0	0.222461620874	8.84401619798
1580.0	28.0	1.65046738968	4.85624960457
1580.0	29.0	1.5982720425	5.63308725264
1580.0	30.0	13.6766542188	4.53954805035
1580.0	31.0	13.9433135127	3.85435576537
1590.0	8.0	2.34647550722	7.11206203146
1590.0	27.0	0.0721895326016	9.15093270041
1590.0	28.0	2.14611272285	4.82546249041
1590.0	29.0	2.09749528253	5.60611869527
1590.0	30.0	13.0362088902	4.56794856652
1590.0	31.0	13.2742449292	3.93096556108
1600.0	8.0	2.25408132409	7.11206203146
1600.0	28.0	2.64175805602	4.79467537624
1600.0	29.0	2.60555805716	5.60039086008
1600.0	30.0	12.4216507701	4.63477331044
1600.0	31.0	12.6232763451	3.96175267524
1610.0	8.0	2.16168714096	7.11206203146
1610.0	28.0	3.14476966802	4.77725321086
1610.0	29.0	3.11383129691	5.59442436508
1610.0	30.0	11.80709265	4.70159805435
1610.0	31.0	11.9840938072	3.96175267524
1620.0	8.0	2.06929295784	7.11206203146
1620.0	28.0	3.66503941902	4.79037949985
1620.0	29.0	3.62210453666	5.58869652989
1620.0	30.0	11.1931659252	4.71162176594
1620.0	31.0	11.3449112693	3.96175267524
1630.0	8.0	1.97605691427	7.0824682163
1630.0	28.0	4.18530917001	4.80374444863
1630.0	29.0	4.13395568326	5.5789114781
1630.0	30.0	10.5794496655	4.72140681773
1630.0	31.0	10.7196194286	3.93788669527
1640.0	8.0	1.88239994049	7.03998677195
1640.0	28.0	4.70557892101	4.81687073762
1640.0	29.0	4.65464636448	5.56005735392
1640.0	30.0	9.96510201055	4.67964135278
1640.0	31.0	10.0960113087	3.9113954575
1650.0	8.0	1.78895343182	6.9975053276
1650.0	28.0	5.22248123025	4.80947228383
1650.0	29.0	5.17512658058	5.54120322975
1650.0	30.0	9.35054389044	4.60327021687
1650.0	31.0	9.48187411885	3.88800679713
1660.0	8.0	1.69550692314	6.95502388325
1660.0	28.0	5.73769981861	4.79300475765
1660.0	29.0	5.6958172618	5.52234910557
1660.0	30.0	8.73766949121	4.52689908096
1660.0	31.0	8.90541018358	3.87774442574
1660.0	32.0	0.0391465103903	4.02595216137
1660.0	33.0	-0.0164162785508	4.84216867639
1670.0	8.0	1.62500111142	6.91994089269
1670.0	28.0	6.25291840697	4.77653723146
1670.0	29.0	6.2162974779	5.51972384777
1670.0	30.0	8.13952764966	4.45172124405
1670.0	31.0	8.32894624832	3.86724339456
1670.0	32.0	0.540053471299	4.05053412074
1670.0	33.0	0.459024404093	4.85099908898
1680.0	8.0	1.64709994793	6.9134970781
1680.0	28.0	6.74898467036	4.78584496365
1680.0	29.0	6.73656722889	5.53285013676
1680.0	30.0	7.55296138913	4.39134031473
1680.0	31.0	7.76321603365	3.78824700085
1680.0	32.0	1.0407499671	4.07535473991
1680.0	33.0	0.934675551847	4.85982950156
1690.0	8.0	1.66940924955	6.90729192331
1690.0	28.0	7.23999977112	4.80183517023
1690.0	29.0	7.257047445	5.54621508554
1690.0	30.0	7.01374977827	4.39134031473
1690.0	31.0	7.19895907474	3.70137483376
1690.0	32.0	1.5414464629	4.09993669928
1690.0	33.0	1.41011623449	4.86865991415
1700.0	8.0	1.69150808606	6.90108676851
1700.0	28.0	7.73101487187	4.81782537682
1700.0	29.0	7.77731719599	5.55934137453
1700.0	30.0	6.44212654053	4.40446660371
1700.0	31.0	6.65069746417	3.5798969957
1700.0	32.0	2.02888365679	4.13048515364
1700.0	33.0	1.89860575393	4.90278826551
1710.0	8.0	1.71360692257	6.89464295392
1710.0	28.0	8.24812764622	4.80135785064
1710.0	29.0	8.28495904041	5.52592900257
1710.0	30.0	5.8490358616	4.42594598569
1710.0	31.0	6.10959166732	3.44362225007
1710.0	32.0	2.51295340893	4.162226907
1710.0	33.0	2.38730573848	4.93691661687
1720.0	8.0	1.73570575908	6.88843779913
1720.0	28.0	8.77155437386	4.77677589126
1720.0	29.0	8.79112762906	5.48726611501
1720.0	30.0	5.29109285599	4.38943103633
1720.0	31.0	5.56827540536	3.30710884463
1720.0	32.0	2.99702316107	4.19396866036
1720.0	33.0	2.86590339777	4.9972975462
1730.0	8.0	1.7580150607	6.88223264434
1730.0	28.0	9.2949811015	4.75243259169
1730.0	29.0	9.29750668282	5.44860322746
1730.0	30.0	4.78597659288	4.26532794048
1730.0	31.0	4.99896728383	3.2505464721
1730.0	32.0	3.37438710263	4.37320216995
1730.0	33.0	3.30514408156	5.1634047668
1740.0	8.0	1.78011389721	6.87602748954
1740.0	28.0	9.81840782914	4.72785063232
1740.0	29.0	9.81693457337	5.40039394792
1740.0	30.0	4.28086032978	4.14122484463
1740.0	31.0	4.42650218564	3.20281451215
1740.0	32.0	3.72523244037	4.58918928869
1740.0	33.0	3.74438476535	5.3292733276
1750.0	8.0	1.84830459273	6.87053831415
1750.0	28.0	10.3832961834	4.61186196966
1750.0	29.0	10.3889787413	5.31471507982
1750.0	30.0	3.74691034666	4.09182226609
1750.0	31.0	3.83677894847	3.18825626437
1750.0	32.0	4.09228359156	4.7467047565
1750.0	33.0	4.19877893703	5.4175774535
1760.0	8.0	1.94743365937	6.86600377796
1760.0	28.0	10.95281477	4.48537227581
1760.0	29.0	10.9608124442	5.22903621172
1760.0	30.0	3.21001385201	4.05053412074
1760.0	31.0	3.22095803771	3.22357791473
1760.0	32.0	4.46649055647	4.87916094534
1760.0	33.0	4.65485682959	5.4970511668
1770.0	8.0	2.046562726	6.86123058196
1770.0	28.0	11.5223333567	4.35912124177
1770.0	29.0	11.5328566122	5.14335734362
1770.0	30.0	2.67290689224	4.00948463519
1770.0	31.0	2.60513712694	3.25913822489
1770.0	32.0	4.79165915084	4.89252589413
1770.0	33.0	4.97055449403	5.57175168411
1780.0	8.0	2.14548132752	6.85645738597
1780.0	28.0	12.0876426411	4.25602020829
1780.0	29.0	12.1049007801	5.06054239312
1780.0	30.0	2.0989685383	4.04194236795
1780.0	31.0	2.01120458758	3.26510471988
1780.0	32.0	5.11114518726	4.89252589413
1780.0	33.0	5.14587193034	5.64120168583
1790.0	8.0	2.24461039416	6.85192284977
1790.0	28.0	12.6489530885	4.17654649499
1790.0	29.0	12.676734483	4.98393259742
1790.0	30.0	1.52481971924	4.07463876051
1790.0	31.0	1.42653251304	3.25842224549
1790.0	32.0	5.37359517896	4.89538981172
1790.0	33.0	5.30477308811	5.70444653275
1800.0	8.0	2.26797202132	6.85812800457
1800.0	28.0	13.2102635359	4.09707278168
1800.0	29.0	13.2485681858	4.90732280171
1800.0	30.0	0.950881365288	4.10709649327
1800.0	31.0	0.841860438502	3.2517397711
1800.0	32.0	5.4072695965	4.90970939971
1800.0	33.0	5.31592773892	5.71017436794
1810.0	8.0	2.21598713925	6.87531151015
1810.0	28.0	13.7679960764	4.01354185178
1810.0	29.0	13.8204018887	4.8309516658
1810.0	30.0	0.376943011339	4.13955422603
1810.0	31.0	0.257188363962	3.2450572967
1810.0	32.0	5.44094401404	4.92402898769
1810.0	33.0	5.32687192462	5.71566354334
1820.0	8.0	2.16379179206	6.89249501572
1820.0	28.0	14.3116274545	3.9140207153
1820.0	29.0	14.3922355915	4.75434187009
1820.0	32.0	5.47461843158	4.93834857567
1820.0	33.0	5.33781611032	5.72115271873
1820.0	34.0	0.20814999342	7.03067903976
1830.0	8.0	2.11180690998	6.9099171811
1830.0	28.0	14.8552588327	3.81449957882
1830.0	29.0	14.9640692944	4.67773207438
1830.0	32.0	5.50829284912	4.95266816365
1830.0	33.0	5.34897076113	5.72664189412
1830.0	34.0	0.395253475877	6.93354450128
1840.0	8.0	2.05982202791	6.92710068668
1840.0	32.0	5.54196726666	4.96698775164
1840.0	33.0	5.35991494683	5.73236972932
1840.0	34.0	0.582356958334	6.83617130299
1850.0	8.0	2.00762668072	6.94428419226
1850.0	32.0	5.5756416842	4.98130733962
1850.0	33.0	5.37085913253	5.73785890471
1850.0	34.0	0.774090673203	6.71421614534
1850.0	35.0	0.1683720877	5.76745271988
1860.0	8.0	1.95564179864	6.96146769784
1860.0	32.0	5.60931610174	4.9956269276
1860.0	33.0	5.38201378334	5.7433480801
1860.0	34.0	0.972769736689	6.55526871873
1860.0	35.0	0.378837197326	5.66840890299
1870.0	8.0	1.90344645145	6.97865120342
1870.0	32.0	5.64299051928	5.00994651558
1870.0	33.0	5.39295796904	5.7488372555
1870.0	34.0	1.17165926529	6.39608263232
1870.0	35.0	0.589302306951	5.56960374591
1880.0	8.0	1.85146156938	6.995834709
1880.0	32.0	5.67666493682	5.02426610357
1880.0	33.0	5.40390215475	5.75456509069
1880.0	34.0	1.37033832877	6.23689654591
1880.0	35.0	0.799767416577	5.47055992903
1890.0	8.0	1.79926622219	7.01325687438
1890.0	32.0	5.73159633043	5.04359754734
1890.0	33.0	5.41484634045	5.76005426608
1890.0	34.0	1.53534297472	6.1660145854
1890.0	35.0	1.0102325262	5.37151611215
1900.0	8.0	1.63026273916	6.96743419283
1900.0	32.0	5.87197655855	5.0834537339
1900.0	33.0	5.42600099126	5.76554344148
1900.0	34.0	1.69171855117	6.11708932646
1900.0	35.0	1.23122089131	5.32617075021
1910.0	8.0	1.43179414078	6.90609862431
1910.0	32.0	6.01235678667	5.12330992045
1910.0	33.0	5.43694517696	5.77103261687
1910.0	34.0	1.84830459273	6.06816406751
1910.0	35.0	1.4627325119	5.3340465236
1920.0	8.0	1.23332554241	6.84476305578
1920.0	32.0	6.07907422642	5.14359600342
1920.0	33.0	5.44788936266	5.77676045206
1920.0	34.0	2.00489063429	6.01923880857
1920.0	35.0	1.69424413249	5.34192229699
1930.0	8.0	1.01254764241	6.81158934362
1930.0	32.0	6.12727073653	5.15934755021
1930.0	33.0	5.45904401347	5.78224962746
1930.0	34.0	2.21451388348	5.9982367462
1930.0	35.0	1.88555691714	5.34979807038
1940.0	8.0	0.739574395224	6.84380841658
1940.0	32.0	6.17567771174	5.17509909699
1940.0	33.0	5.46998819917	5.78773880285
1940.0	34.0	2.43024062085	5.98033726122
1940.0	35.0	2.03688133096	5.35719652417
1950.0	8.0	0.46639068293	6.87602748954
1950.0	32.0	6.22387422185	5.19061198397
1950.0	33.0	5.48093238487	5.79322797824
1950.0	34.0	2.64596735821	5.96243777624
1950.0	35.0	2.18820574478	5.36459497796
1960.0	8.0	0.193417435746	6.90824656251
1960.0	32.0	6.27228119706	5.20636353075
1960.0	33.0	5.49208703568	5.79895581344
1960.0	34.0	2.86169409558	5.94453829126
1960.0	35.0	2.35720922781	5.38297178254
1970.0	32.0	6.32047770716	5.22187641773
1970.0	33.0	5.72191493539	5.79036406065
1970.0	34.0	3.04037897365	6.00539654019
1970.0	35.0	2.56767433743	5.42616920628
1980.0	32.0	6.48758700421	5.14908517882
1980.0	33.0	5.97636725293	5.78057900886
1980.0	34.0	3.21506501464	6.07532386151
1980.0	35.0	2.77813944706	5.46960528983
1990.0	32.0	6.70562885778	5.03834703175
1990.0	33.0	6.30974398657	5.71828880113
1990.0	34.0	3.38954059052	6.14525118282
1990.0	35.0	2.98860455668	5.51304137338
2000.0	32.0	6.92346024624	4.92737022488
2000.0	33.0	6.72225560144	5.60373209727
2000.0	34.0	3.5640161664	6.21493984434
2000.0	35.0	3.15697664438	5.56673982832
