0.0	1.0	12.7752321543	7.27912389126
0.0	2.0	12.375348446	7.92350535049
0.0	3.0	9.3867438893	7.06433007152
0.0	4.0	7.89244161096	6.53927851215
0.0	5.0	5.76674400374	7.18365997137
0.0	6.0	6.58755793128	6.41994861229
0.0	7.0	7.32418581497	5.91876303289
0.0	8.0	7.02953466149	4.5822681545
0.0	9.0	7.02953466149	5.17891765378
10.0	1.0	12.419546119	7.19678626036
10.0	2.0	12.2187624044	7.78890122345
10.0	3.0	9.80767410855	6.8256702718
10.0	4.0	7.36227999981	6.76910789927
10.0	5.0	5.30245797191	7.23282389012
10.0	6.0	5.99699283367	6.45073572645
10.0	7.0	7.93642881887	5.96935891043
10.0	8.0	7.53465092459	4.52761506036
10.0	9.0	7.45572650848	5.17891765378
20.0	1.0	12.0640705488	7.11444862946
20.0	2.0	12.062386828	7.65429709641
20.0	3.0	10.2286043278	6.58701047209
20.0	4.0	6.83232885377	6.9989372864
20.0	5.0	4.83817194007	7.28198780886
20.0	6.0	5.40621727095	6.48152284062
20.0	7.0	8.54867182277	6.01995478797
20.0	8.0	8.0397671877	4.47320062603
20.0	9.0	7.88191835548	5.17891765378
30.0	1.0	11.7031228858	7.03640687495
30.0	2.0	11.9058007864	7.51969296937
30.0	3.0	10.653322919	6.35694242517
30.0	4.0	6.28322538276	7.22375481773
30.0	5.0	4.37388590824	7.3311517276
30.0	6.0	4.81565217334	6.51230995478
30.0	7.0	9.16091482667	6.07055066551
30.0	8.0	8.5448834508	4.41854753189
30.0	9.0	8.30811020247	5.17891765378
40.0	1.0	11.2937682476	6.9967893482
40.0	2.0	11.7277473037	7.38938471873
40.0	3.0	11.0818298822	6.13522747123
40.0	4.0	5.6892928434	7.43687801887
40.0	5.0	3.90412778355	7.28938626265
40.0	6.0	4.26402312101	6.47245376823
40.0	7.0	9.76705434239	6.15264963661
40.0	8.0	9.01842994745	4.39730680972
40.0	9.0	8.73430204946	5.17891765378
50.0	1.0	10.8846240745	6.95693316165
50.0	2.0	11.3554345247	7.29750069584
50.0	3.0	11.5101263803	5.9137511771
50.0	4.0	5.09557076914	7.65000122001
50.0	5.0	3.4305812869	7.18700120857
50.0	6.0	3.71681383599	6.42472180829
50.0	7.0	10.3702473466	6.2481135565
50.0	8.0	9.46040667767	4.40923979971
50.0	9.0	9.20658575546	5.17891765378
60.0	1.0	10.4752694363	6.91707697509
60.0	2.0	10.9831217458	7.20561667295
60.0	3.0	11.9786217143	5.73785890471
60.0	4.0	4.48985218364	7.83997442059
60.0	5.0	2.95703479024	7.08485481429
60.0	6.0	3.16960455096	6.37698984834
60.0	7.0	10.9736508159	6.34357747638
60.0	8.0	9.90238340788	4.42117278969
60.0	9.0	9.67886946146	5.17891765378
70.0	1.0	10.0602322401	6.88366460314
70.0	2.0	10.5443019922	7.1645671874
70.0	3.0	12.4643751874	5.5817753957
70.0	4.0	3.87255801711	8.00703628039
70.0	5.0	2.46496736393	6.98795893561
70.0	6.0	2.67101270626	6.30515324863
70.0	7.0	11.6195682373	6.42973366408
70.0	8.0	10.3443601381	4.43310577968
70.0	9.0	10.1511531675	5.17891765378
80.0	1.0	9.63930202085	6.85645738597
80.0	2.0	10.0391857291	7.17411357939
80.0	3.0	12.9427623815	5.42115735049
80.0	4.0	3.25526385058	8.17409814019
80.0	5.0	1.96826970522	6.89249501572
80.0	6.0	2.1776824893	6.23045273132
80.0	7.0	12.2840065884	6.51159397538
80.0	8.0	10.762764776	4.43907227467
80.0	9.0	10.6234368735	5.17891765378
90.0	1.0	9.2183718016	6.829011509
90.0	2.0	9.53406946604	7.18365997137
90.0	3.0	13.3559053917	5.21781920114
90.0	4.0	2.65249177661	8.3275563914
90.0	5.0	1.4780964649	6.81540790042
90.0	6.0	1.68435227233	6.15599087381
90.0	7.0	12.9482344744	6.59369294648
90.0	8.0	11.1573868566	4.43907227467
90.0	9.0	11.0576263946	5.17891765378
100.0	1.0	8.79744158235	6.80180429183
100.0	2.0	9.06767878311	7.20943522974
100.0	3.0	13.7690484019	5.01448105178
100.0	4.0	2.06466272543	8.46741103403
100.0	5.0	1.00307671248	6.78127954906
100.0	6.0	1.2156464732	6.09417798568
100.0	7.0	13.6065693373	6.62686665864
100.0	8.0	11.5520089371	4.43907227467
100.0	9.0	11.4878170787	5.17891765378
110.0	1.0	8.34788810819	6.80180429183
110.0	2.0	8.60128810018	7.23521048811
110.0	3.0	14.2021855975	4.84288465579
110.0	4.0	1.47683367424	8.60750433647
110.0	5.0	0.52805696005	6.7471511977
110.0	6.0	0.757674394652	6.03809293275
110.0	7.0	14.2590111771	6.61087645206
110.0	8.0	11.9466310177	4.43907227467
110.0	9.0	11.9177972977	5.17891765378
110.0	10.0	14.9884832471	6.01494293218
110.0	11.0	15.063198361	5.37485734935
120.0	1.0	7.89812416892	6.80180429183
120.0	2.0	8.13468695214	7.26098574648
120.0	3.0	14.6652088387	4.71878155993
120.0	4.0	1.04032903688	8.82205949641
120.0	5.0	0.052826742516	6.71326150614
120.0	6.0	0.299702316107	5.98200787982
120.0	7.0	14.911453017	6.59488624548
120.0	8.0	12.3496717026	4.43907227467
120.0	9.0	12.3479879817	5.17891765378
120.0	10.0	14.5082018669	6.09704190328
120.0	11.0	14.5801809344	5.42378260829
130.0	1.0	7.44857069476	6.80180429183
130.0	2.0	7.66534975767	7.28413574705
130.0	3.0	15.1282320799	4.59467846408
130.0	4.0	0.704847652136	9.08649455449
130.0	6.0	-0.158480227548	5.92568416709
130.0	7.0	15.5638948568	6.5791346987
130.0	8.0	12.7611309919	4.43907227467
130.0	9.0	12.763235643	5.19156662317
130.0	10.0	14.0281309519	6.17914087438
130.0	11.0	14.0973739729	5.47294652703
140.0	1.0	6.9990172206	6.80180429183
140.0	2.0	7.18948814481	7.30131925263
140.0	4.0	0.369155802283	9.35092961257
140.0	8.0	13.1728007464	4.43907227467
140.0	9.0	13.1437565612	5.23357074792
140.0	10.0	13.54448213	6.25789860829
140.0	11.0	13.6145670115	5.52211044577
150.0	1.0	6.53746723519	6.79440583804
150.0	2.0	6.71341606684	7.31826409841
150.0	4.0	0.0334639524305	9.61536467066
150.0	8.0	13.5842600357	4.43907227467
150.0	9.0	13.5244879445	5.27581353247
150.0	10.0	13.0294740067	6.30825582603
150.0	11.0	13.0921926094	5.4951418884
160.0	1.0	6.06791957561	6.78223418826
160.0	2.0	6.23734398886	7.33544760399
160.0	8.0	13.9959297901	4.43907227467
160.0	9.0	13.9052193278	5.31781765722
160.0	10.0	12.5144658834	6.35837438397
160.0	11.0	12.5529809985	5.43547693847
170.0	1.0	5.59837191604	6.77006253847
170.0	2.0	5.76085098067	7.34952853218
170.0	8.0	14.4673716357	4.45816505865
170.0	9.0	14.2859507112	5.36006044176
170.0	10.0	11.9992472951	6.40873160171
170.0	11.0	12.0135589225	5.37581198855
170.0	13.0	-0.126279065775	4.50852227639
180.0	1.0	5.12882425646	6.75765222889
180.0	2.0	5.2805696005	7.33735688239
180.0	8.0	14.9388134812	4.47725784262
180.0	9.0	14.6666820945	5.40206456651
180.0	10.0	11.488448474	6.46935119083
180.0	11.0	11.4949728924	5.38392642174
180.0	12.0	0.332324408099	4.94670166866
180.0	13.0	0.435031381596	4.51568207038
190.0	1.0	4.64812194608	6.71135222774
190.0	2.0	4.80028822034	7.32494657281
190.0	8.0	15.4102553268	4.4963506266
190.0	9.0	15.0474134778	5.44430735106
190.0	10.0	10.987331048	6.55455273933
190.0	11.0	10.997012443	5.45958157824
190.0	12.0	0.912576715336	5.05529187753
190.0	13.0	0.996131363858	4.52308052417
200.0	1.0	4.16236847306	6.65001665922
200.0	2.0	4.32000684017	7.31277492302
200.0	9.0	15.427934396	5.48631147581
200.0	10.0	10.486213622	6.63975428783
200.0	11.0	10.4990519937	5.53523673475
200.0	12.0	1.49303948768	5.1636434266
200.0	13.0	1.55744181123	4.53024031816
210.0	1.0	3.67661500005	6.58891975049
210.0	2.0	3.83909406468	7.29392079884
210.0	10.0	9.98509619596	6.72519449613
210.0	11.0	10.0013020094	5.61089189126
210.0	12.0	2.0749755158	5.2505155937
210.0	13.0	2.12380342123	4.56484598912
220.0	1.0	3.19107199214	6.52758418196
220.0	2.0	3.35544524276	7.2488140967
220.0	10.0	9.4894508628	6.81660119942
220.0	11.0	9.51407528062	5.72664189412
220.0	12.0	2.6632254972	5.2505155937
220.0	13.0	2.69774177518	4.64073980543
230.0	1.0	2.70531851913	6.4958424286
230.0	2.0	2.87200688595	7.20370739455
230.0	10.0	9.0434752955	6.96433161544
230.0	11.0	9.04305436528	5.90277282631
230.0	12.0	3.2514754786	5.2505155937
230.0	13.0	3.27168012913	4.71687228154
240.0	1.0	2.21956504611	6.47126046923
240.0	2.0	2.38856852914	7.1586006924
240.0	10.0	8.5974997282	7.11206203146
240.0	11.0	8.57203344994	6.0789037585
240.0	12.0	3.83972546001	5.2505155937
240.0	13.0	3.84582894819	4.79276609785
250.0	1.0	1.7338115731	6.44691716966
250.0	2.0	1.9089185443	7.10991409326
250.0	10.0	8.15152416091	7.25979244748
250.0	11.0	8.10080206949	6.25527335049
250.0	12.0	4.4342893947	5.25409549069
250.0	13.0	4.41976730214	4.86865991415
260.0	1.0	1.24826856519	6.42233521029
260.0	2.0	1.43305693144	7.05812491673
260.0	10.0	7.70554859361	7.40752286351
260.0	11.0	7.63988347941	6.4115955193
260.0	12.0	5.0442172824	5.26650580028
260.0	13.0	4.9918114701	4.93596197767
270.0	1.0	0.78692904489	6.37388727095
270.0	2.0	0.957195318577	7.00633574019
270.0	10.0	7.25368000324	7.497497608
270.0	11.0	7.21895326016	6.48939861401
270.0	12.0	5.65393470498	5.27867745006
270.0	13.0	5.56385563806	5.00326404119
280.0	1.0	0.328536036125	6.32281407381
280.0	2.0	0.481333705714	6.95430790385
280.0	10.0	6.80118001755	7.5810285379
280.0	11.0	6.7980230409	6.56696304892
280.0	12.0	6.26386259267	5.29084909985
280.0	13.0	6.13589980602	5.07056610471
290.0	1.0	-0.130067437749	6.27174087667
290.0	2.0	0.00547209285026	6.90251872731
290.0	10.0	6.34868003185	7.6645594678
290.0	11.0	6.37709282165	6.64476614362
290.0	12.0	6.86495094577	5.32068157481
290.0	13.0	6.71383699705	5.13357229184
300.0	10.0	5.89618004616	7.7480903977
300.0	11.0	5.9561626024	6.72233057853
300.0	12.0	7.45299046206	5.37676662774
300.0	13.0	7.34523232593	5.15672229241
310.0	10.0	5.44620564178	7.76121668668
310.0	11.0	5.49734866342	6.75693624949
310.0	12.0	8.04102997835	5.43309034048
310.0	13.0	7.97662765481	5.18011095278
320.0	10.0	4.99665216762	7.76670586207
320.0	11.0	5.03432542224	6.78676872445
320.0	12.0	8.62906949465	5.48917539341
320.0	13.0	8.60802298368	5.20326095335
320.0	14.0	0.242455806289	4.79658465464
320.0	15.0	0.151113948711	4.30375216823
320.0	16.0	15.0158437113	4.40565990271
330.0	10.0	4.54709869346	7.77219503747
330.0	11.0	4.57130218107	6.81660119942
330.0	12.0	9.20784854612	5.58607127209
330.0	13.0	9.23941831256	5.22664961372
330.0	14.0	0.6012988182	4.7476593957
330.0	15.0	0.514166262815	4.2500537133
330.0	16.0	14.4324344275	4.35792794277
330.0	17.0	-0.141222088559	5.55552281773
340.0	10.0	4.09733475419	7.77768421286
340.0	11.0	4.10827893989	6.84643367438
340.0	12.0	9.78662759759	5.68296715078
340.0	13.0	9.87081364144	5.27294961487
340.0	14.0	0.959931365002	4.69897279656
340.0	15.0	0.877218576919	4.19635525836
340.0	16.0	13.8492356087	4.31019598282
340.0	17.0	0.259293015059	5.57294498311
340.0	18.0	0.0774511603422	4.77438929327
350.0	10.0	3.64462430339	7.81730173961
350.0	11.0	3.65472662865	6.9139743977
350.0	12.0	10.3654066491	5.78010168926
350.0	13.0	10.5022089703	5.31948827581
350.0	14.0	1.31877437691	4.65004753762
350.0	15.0	1.24027089102	4.14265680343
350.0	16.0	13.2658263248	4.26246402288
350.0	17.0	0.659597653566	5.59036714849
350.0	18.0	0.431453474732	4.78512898425
360.0	10.0	3.18854641083	7.89104761773
360.0	11.0	3.20222664295	6.98557233761
360.0	12.0	10.9568136071	5.80420632903
360.0	13.0	11.1336042992	5.36578827696
360.0	14.0	1.67740692372	4.60541815507
360.0	15.0	1.6026918098	4.10017535908
360.0	16.0	12.6689472739	4.30685474563
360.0	17.0	1.06011275718	5.60802797367
360.0	18.0	0.785455789122	4.79586867524
370.0	10.0	2.73246851827	7.96503215564
370.0	11.0	2.74972665726	7.05717027753
370.0	12.0	11.5513775418	5.81017282402
370.0	13.0	11.7490042797	5.37557332875
370.0	14.0	2.03624993563	4.59754238168
370.0	15.0	1.96427086814	4.0846624721
370.0	16.0	12.0659647348	4.39062433533
370.0	17.0	1.46041739569	5.62545013905
370.0	18.0	1.13945810351	4.80684702603
380.0	10.0	2.27660109082	8.03877803375
380.0	11.0	2.29722667156	7.12876821744
380.0	12.0	12.1459414765	5.81613931902
380.0	13.0	12.3402007727	5.329989307
380.0	14.0	2.39509294754	4.58966660829
380.0	15.0	2.32563946136	4.06914958511
380.0	16.0	11.4629821958	4.47463258483
380.0	17.0	1.85672319712	5.62712075764
380.0	18.0	1.49324995279	4.81758671702
390.0	10.0	1.85314529025	8.14235638682
390.0	11.0	1.84241156966	7.25191667409
390.0	12.0	12.7405054112	5.82210581401
390.0	13.0	12.9316077307	5.28464394505
390.0	14.0	2.75393595945	4.5817908349
390.0	15.0	2.68700805459	4.05363669813
390.0	16.0	10.8599996567	4.55840217453
390.0	17.0	2.25050341723	5.61829034505
390.0	18.0	1.90071040503	4.82092795421
400.0	10.0	1.50587785937	8.31538474162
400.0	11.0	1.38738600265	7.38103162574
400.0	12.0	13.3043414399	5.80969550442
400.0	13.0	13.5228042237	5.23905992331
400.0	14.0	3.11277897136	4.57415372131
400.0	15.0	3.04858711293	4.03812381115
400.0	16.0	10.2917438607	4.77319599427
400.0	17.0	2.64407317223	5.60945993246
400.0	18.0	2.33111155421	4.82092795421
410.0	10.0	1.15861042849	8.48841309641
410.0	11.0	0.932360435641	7.51014657738
410.0	12.0	13.8606007246	5.79251199885
410.0	13.0	14.1038983913	5.20493157195
410.0	14.0	3.47162198327	4.56627794792
410.0	15.0	3.42342547317	4.02619082117
410.0	16.0	9.7234880647	4.98798981401
410.0	17.0	3.03764292723	5.60062951988
410.0	18.0	2.76130223829	4.82092795421
420.0	10.0	0.811342997606	8.6614414512
420.0	11.0	0.507852309526	7.6650367874
420.0	12.0	14.4168600093	5.77556715307
420.0	13.0	14.6437413975	5.21519394334
420.0	14.0	3.83046499518	4.55840217453
420.0	15.0	3.80394639137	4.01616710958
420.0	16.0	9.15523226871	5.20278363375
420.0	17.0	3.43142314733	5.59179910729
420.0	18.0	3.19149292236	4.82092795421
430.0	10.0	0.52847789027	8.85260795077
430.0	11.0	0.205834877214	7.92445998969
430.0	12.0	14.9731192941	5.75862230729
430.0	13.0	15.1835844037	5.22569497453
430.0	14.0	4.1282731253	4.55840217453
430.0	15.0	4.18467777468	4.00590473819
430.0	16.0	8.58697647272	5.4175774535
430.0	17.0	3.82793941387	5.58559395249
430.0	18.0	3.61558011826	4.82498517081
440.0	10.0	0.395674406096	9.08625589469
440.0	11.0	-0.0961825550989	8.18388319197
440.0	14.0	4.42587079032	4.55840217453
440.0	15.0	4.56519869289	3.9958810266
440.0	16.0	8.07512532611	5.63690580943
440.0	17.0	4.23687312187	5.59012848869
440.0	18.0	4.01399057078	4.84527125378
450.0	10.0	0.263081387032	9.31966517881
450.0	14.0	4.72367892044	4.55840217453
450.0	15.0	4.9459300762	3.98561865521
450.0	16.0	7.56306371439	5.85623416537
450.0	17.0	4.64559636476	5.59466302488
450.0	18.0	4.41261148841	4.86555733676
450.0	19.0	15.4100448617	4.22618773333
460.0	10.0	0.130488367968	9.55307446293
460.0	14.0	5.02148705056	4.55840217453
460.0	15.0	5.29530215818	3.98561865521
460.0	16.0	7.05121256778	6.07556252131
460.0	17.0	5.05431960766	5.59943622088
460.0	18.0	4.81123240604	4.88584341973
460.0	19.0	14.7161413952	4.1617495874
470.0	10.0	-0.00231511620588	9.78672240685
470.0	14.0	5.38790680641	4.54050268955
470.0	15.0	5.64446377505	3.98561865521
470.0	16.0	6.55114746731	6.29536819684
470.0	17.0	5.46325331566	5.60397075707
470.0	18.0	5.20964285856	4.90612950271
470.0	19.0	14.0220274637	4.09731144148
480.0	14.0	5.76211377133	4.52069392617
480.0	15.0	5.99383585703	3.98561865521
480.0	16.0	6.07886376131	6.51660583118
480.0	17.0	5.87197655855	5.60850529327
480.0	18.0	5.63478238	4.95362280285
480.0	19.0	13.3281239973	4.03263463576
490.0	14.0	6.13632073624	4.500646503
490.0	15.0	6.34299747389	3.98561865521
490.0	16.0	5.60658005531	6.73784346551
490.0	17.0	6.29732654511	5.68797900657
490.0	18.0	6.08644050526	5.02832332016
490.0	19.0	12.6342205308	3.96819648984
500.0	14.0	6.53010095635	4.50589701859
500.0	15.0	6.69889397427	4.00447277939
500.0	16.0	5.13429634931	6.95908109984
500.0	17.0	6.72267653166	5.76769137967
500.0	18.0	6.53809863052	5.10278517767
500.0	19.0	11.9775693888	3.90447432331
510.0	14.0	6.96976257036	4.56985784491
510.0	15.0	7.06952303232	4.06676298712
510.0	16.0	4.66053938755	7.16695378539
510.0	17.0	7.14802651821	5.84716509298
510.0	18.0	6.98954629066	5.17748569498
510.0	19.0	11.3251275489	3.84075215679
520.0	14.0	7.40942418437	4.63381867124
520.0	15.0	7.44036255548	4.12929185464
520.0	16.0	4.18088940271	7.32232131501
520.0	17.0	7.57316603966	5.92663880628
520.0	18.0	7.44120441592	5.25194755249
520.0	19.0	10.6726857091	3.77726865006
530.0	14.0	7.84929626348	4.69777949756
530.0	15.0	7.81120207864	4.19182072217
530.0	16.0	3.70123941787	7.47792750442
530.0	17.0	7.99599044489	5.9970434472
530.0	18.0	7.87497300686	5.29419033704
530.0	19.0	10.0556020077	3.69612431816
540.0	14.0	8.28895787749	4.76174032388
540.0	15.0	8.18877648531	4.2476671153
540.0	16.0	3.22158943304	7.63329503403
540.0	17.0	8.40850205976	6.03045581916
540.0	18.0	8.30074392363	5.32259085321
540.0	19.0	9.44251714335	3.61307070786
550.0	14.0	8.7286194915	4.82570115021
550.0	15.0	8.62738577377	4.24265525951
550.0	16.0	2.7419394482	7.78866256365
550.0	17.0	8.82101367463	6.06386819112
550.0	18.0	8.72672530551	5.35099136938
550.0	19.0	8.80796483783	3.62762895564
560.0	14.0	9.17122761704	4.83763414019
560.0	15.0	9.06578459712	4.23764340371
560.0	16.0	2.33763597261	7.98818215621
560.0	17.0	9.23352528949	6.09728056308
560.0	18.0	9.15270668739	5.37939188554
560.0	19.0	8.15910090485	3.70710266895
570.0	14.0	9.61509853324	4.827133109
570.0	15.0	9.50418342047	4.23263154792
570.0	16.0	1.94175110141	8.19295226436
570.0	17.0	9.64603690436	6.13069293504
570.0	18.0	9.59636713849	5.4113722987
570.0	19.0	7.51234162297	3.79755473304
580.0	14.0	10.0587589843	4.81687073762
580.0	15.0	9.94279270893	4.22785835192
580.0	16.0	1.5458662302	8.39748371272
580.0	17.0	10.0659147981	6.17126510099
580.0	18.0	10.0574961937	5.44693260886
580.0	19.0	6.87421141059	3.93192020028
590.0	14.0	10.5026299005	4.80636970643
590.0	15.0	10.3801392067	4.22594907353
590.0	16.0	1.14998135899	8.60201516107
590.0	17.0	10.5152578071	6.23999912331
590.0	18.0	10.518835714	5.48249291902
590.0	19.0	6.23629166331	4.06604700772
600.0	14.0	10.9416601192	4.80517640743
600.0	15.0	10.8147496581	4.23096092932
600.0	16.0	0.866484856328	8.81060382602
600.0	17.0	10.9643903511	6.30897180543
600.0	18.0	10.9799647692	5.51805322917
600.0	19.0	5.59837191604	4.20041247496
600.0	20.0	15.0895064997	4.80756300543
610.0	14.0	11.3373345253	4.88632073933
610.0	15.0	11.2493601095	4.23621144491
610.0	16.0	0.630974398657	9.02086310957
610.0	17.0	11.4137333601	6.37770582774
610.0	18.0	11.4413042895	5.55361353933
610.0	19.0	4.94782426219	4.22929031072
610.0	20.0	14.6601576761	4.67391351759
610.0	21.0	15.2561948665	2.82310677081
620.0	14.0	11.7330089314	4.96746507124
620.0	15.0	11.6839705609	4.24146196051
620.0	16.0	0.395463940986	9.23112239312
620.0	17.0	11.862865904	6.44667850986
620.0	18.0	11.8912786938	5.5805820967
620.0	19.0	4.29727660833	4.25816814649
620.0	20.0	14.2308088524	4.54026402975
620.0	21.0	14.7424495339	2.78802378025
620.0	22.0	14.9034553428	3.83955885779
630.0	14.0	12.1286833375	5.04860940314
630.0	15.0	12.1185810122	4.2464738163
630.0	16.0	0.159953483315	9.44138167666
630.0	17.0	12.3122089131	6.51541253218
630.0	18.0	12.3385170518	5.60540271587
630.0	19.0	3.64672895448	4.28728464205
630.0	20.0	13.774941425	4.3292887668
630.0	21.0	14.2287042013	2.75294078969
630.0	22.0	14.3610867553	3.73860576251
640.0	14.0	12.5243577436	5.12975373504
640.0	15.0	12.5201484414	4.34838155078
640.0	16.0	-0.0757674394652	9.65140230041
640.0	17.0	12.7529228526	6.53784655335
640.0	18.0	12.7857554098	5.63046199484
640.0	19.0	2.9976545564	4.27773825006
640.0	20.0	13.3013949283	4.06676298712
640.0	21.0	13.7149588687	2.71785779914
640.0	22.0	13.8187181678	3.63765266723
650.0	14.0	12.9154019173	5.20946610815
650.0	15.0	12.9074042431	4.49157743061
650.0	17.0	13.1936367922	6.56004191472
650.0	18.0	13.2329937677	5.65528261401
650.0	19.0	2.34921155364	4.25196299169
650.0	20.0	12.8019612232	4.01378051158
650.0	21.0	13.1862705134	2.69112790157
650.0	22.0	13.3032891143	3.52500524177
660.0	14.0	13.2647739993	5.27533621287
660.0	15.0	13.2912926031	4.63071609384
660.0	17.0	13.6341402667	6.5824759359
660.0	18.0	13.6802321257	5.68010323318
660.0	19.0	1.70076855088	4.22618773333
660.0	20.0	12.2854798442	4.10065267868
660.0	21.0	12.6352728564	2.67728563319
660.0	22.0	12.7908065724	3.4106871977
670.0	14.0	13.6139356161	5.34144497739
670.0	15.0	13.6610798007	4.75362589069
670.0	17.0	14.0748542062	6.60490995707
670.0	18.0	14.0695925785	5.72783519312
670.0	19.0	1.05232554813	4.20041247496
670.0	20.0	11.7637368374	4.21258412474
670.0	21.0	12.0844856645	2.663204705
670.0	22.0	12.2490693802	3.40806193991
680.0	14.0	13.9633076981	5.40731508211
680.0	15.0	14.0310774634	4.87653568754
680.0	17.0	14.5155681458	6.62734397824
680.0	18.0	14.4589530313	5.77556715307
680.0	19.0	0.452499985695	4.15268051501
680.0	20.0	11.2346275518	4.36270113876
680.0	21.0	11.5334880075	2.64912377682
680.0	22.0	11.6877589328	3.47965987982
680.0	23.0	15.2692437033	3.75387998969
680.0	24.0	15.2751367264	4.22690371272
690.0	14.0	14.312469315	5.47342384663
690.0	15.0	14.400864661	4.9994454844
690.0	17.0	14.9562820853	6.64953933962
690.0	18.0	14.8483134841	5.82329911301
690.0	19.0	-0.147325576738	4.10494855507
690.0	20.0	10.7055182662	4.51281815278
690.0	21.0	10.9898566293	2.71547120114
690.0	22.0	11.1266589506	3.55125781974
690.0	23.0	14.7430809293	3.81044236222
690.0	24.0	14.729190232	4.29778567324
700.0	14.0	14.6212216308	5.56077333332
700.0	15.0	14.671522792	5.11925270385
700.0	18.0	15.2376739369	5.87103107295
700.0	20.0	10.1761985155	4.662696507
700.0	21.0	10.446014786	2.78181862546
700.0	22.0	10.5920775721	3.64075524463
700.0	23.0	14.2169181552	3.86700473476
700.0	24.0	14.1830332726	4.36866763375
710.0	14.0	14.869359995	5.68010323318
710.0	15.0	14.9310262722	5.23858260371
710.0	20.0	9.64119620684	4.79491403604
710.0	21.0	9.90238340788	2.84792738998
710.0	22.0	10.0755961931	3.74194699971
710.0	23.0	13.6907553811	3.92332844749
710.0	24.0	13.6370867782	4.43978825407
710.0	25.0	14.8697809253	4.68465320858
710.0	26.0	15.3479576543	3.99039185121
720.0	14.0	15.1174983593	5.79943313304
720.0	15.0	15.1907402174	5.35791250357
720.0	20.0	9.10556250284	4.92498362689
720.0	21.0	9.36759156432	2.90735368011
720.0	22.0	9.55890434897	3.84313875479
720.0	23.0	13.1645926071	3.97989082002
720.0	24.0	13.0909298187	4.51067021458
720.0	25.0	14.3185728032	4.82092795421
720.0	26.0	14.6997251167	4.13358773104
730.0	20.0	8.56971833373	5.05529187753
730.0	21.0	8.84626948778	2.95604027925
730.0	22.0	9.03274157491	3.93478411788
730.0	23.0	12.6289589031	4.02857741916
730.0	24.0	12.5887600671	4.57033516451
730.0	25.0	13.721272822	4.98440991702
730.0	26.0	14.051492579	4.27678361087
740.0	20.0	8.04608114098	5.09300012589
740.0	21.0	8.32494741124	3.00496553819
740.0	22.0	8.48447996433	4.00375679999
740.0	23.0	12.0922728735	4.07630937911
740.0	24.0	12.0863798505	4.63000011444
740.0	25.0	13.0162147048	5.21113672674
740.0	26.0	13.3946309719	4.44360681086
740.0	27.0	14.8649402277	4.77773053046
740.0	28.0	14.9851158053	3.70543205035
750.0	20.0	7.5304416224	5.06913414591
750.0	21.0	7.80341486959	3.05365213733
750.0	22.0	7.93621835376	4.07296814191
750.0	23.0	11.555586844	4.12404133905
750.0	24.0	11.5842100989	4.68966506437
750.0	25.0	12.3355705403	5.44406869126
750.0	26.0	12.7030426217	4.70493929155
750.0	27.0	14.3015251293	4.90875476051
750.0	28.0	14.3537204765	3.73621916451
750.0	29.0	0.203730226118	5.05863311473
750.0	30.0	0.0420930219251	5.53690735335
760.0	20.0	7.01480210382	5.04526816594
760.0	21.0	7.28209279304	3.10257739627
760.0	22.0	7.38795674318	4.14194082403
760.0	23.0	11.0189008144	4.17177329899
760.0	24.0	11.0820403473	4.7493300143
760.0	25.0	11.7119624204	5.69155890357
760.0	26.0	12.014400783	4.95958929785
760.0	27.0	13.7378995657	5.03954033075
760.0	28.0	13.7223251476	3.76700627868
760.0	29.0	0.812605788264	5.13548157023
760.0	30.0	0.618977887409	5.63404189184
770.0	20.0	6.49916258524	5.02140218597
770.0	21.0	6.76624280935	3.0791887359
770.0	22.0	6.85063931831	4.17654649499
770.0	23.0	10.4822147849	4.20327639255
770.0	24.0	10.5786078051	4.79992589184
770.0	25.0	11.0883543006	5.93904911587
770.0	26.0	11.3505938272	5.15218775621
770.0	27.0	13.179746095	5.21853518053
770.0	28.0	13.0934554	3.82356865121
770.0	29.0	1.42148135041	5.21209136594
770.0	30.0	1.19565228778	5.73141509012
780.0	20.0	5.97552539249	4.996342907
780.0	21.0	6.25039282566	3.05580007553
780.0	22.0	6.32447654425	4.17654649499
780.0	23.0	9.94552875535	4.23310886752
780.0	24.0	10.0743334024	4.84431661458
780.0	25.0	10.4742171107	6.20778005035
780.0	26.0	10.6867868715	5.34502487438
780.0	27.0	12.6337996006	5.50922281659
780.0	28.0	12.4875263494	4.11282432846
780.0	29.0	2.02656854058	5.31185116222
780.0	30.0	1.77632552524	5.828072309
790.0	20.0	5.44641610689	4.97056764863
790.0	21.0	5.73454284197	3.03241141516
790.0	22.0	5.79831377018	4.17654649499
790.0	23.0	9.40884272581	4.26294134248
790.0	24.0	9.57026946489	4.88870733733
790.0	25.0	9.86618340903	6.49059191301
790.0	26.0	10.025505497	5.5762862203
790.0	27.0	12.0878531062	5.80014911244
790.0	28.0	11.8818077639	4.40208000571
790.0	29.0	2.62786735878	5.43452229927
790.0	30.0	2.36562783219	5.92353622889
800.0	20.0	4.9175172864	4.94479239026
800.0	21.0	5.21869285827	3.00902275479
800.0	22.0	5.27215099612	4.17654649499
800.0	23.0	8.87215669626	4.29277381745
800.0	24.0	9.06620552734	4.93309806008
800.0	25.0	9.25814970732	6.77340377567
800.0	26.0	9.36696016899	5.84573313418
800.0	27.0	11.5423275421	6.08510891329
800.0	28.0	11.2758787133	4.69157434277
800.0	29.0	3.22916617698	5.55743209613
800.0	30.0	2.95493013914	6.01900014877
810.0	20.0	4.3884080008	4.91901713189
810.0	21.0	4.70284287458	2.98563409442
810.0	22.0	4.74598822206	4.17654649499
810.0	23.0	8.36956601448	4.30995732303
810.0	24.0	8.56487763621	4.96078259684
810.0	25.0	8.63601484326	6.97674192502
810.0	26.0	8.70841484098	6.11518004806
810.0	27.0	10.9991170941	6.31613159942
810.0	28.0	10.7364566373	5.03882435135
810.0	29.0	3.83046499518	5.68010323318
810.0	30.0	3.54423244609	6.11446406866
820.0	20.0	3.85445801768	4.93954187467
820.0	21.0	4.19667428593	2.99183924921
820.0	22.0	4.25307893531	4.16007896881
820.0	23.0	7.87097416978	4.32547021001
820.0	24.0	8.07070555881	4.94980424606
820.0	25.0	8.01240672344	7.17124966179
820.0	26.0	8.05534160581	6.34453211558
820.0	27.0	10.4561171113	6.54691562574
820.0	28.0	10.213661305	5.40063260772
820.0	29.0	4.42797544141	5.71852746093
820.0	30.0	4.11901266048	6.16768520399
830.0	20.0	3.31966617412	4.96531713304
830.0	21.0	3.69155802283	3.0013856412
830.0	22.0	3.77427081091	4.13669030843
830.0	23.0	7.37217185996	4.34098309699
830.0	24.0	7.5763230163	4.93858723547
830.0	25.0	7.38585209209	7.35072183117
830.0	26.0	7.41047650991	6.51398057338
830.0	27.0	9.91290666336	6.77793831186
830.0	28.0	9.69086597271	5.76244086408
830.0	29.0	5.02527542253	5.75719034849
830.0	30.0	4.69042543311	6.21016664834
840.0	20.0	2.78487433056	4.99133105121
840.0	21.0	3.18644175973	3.01093203318
840.0	22.0	3.29567315163	4.11330164806
840.0	23.0	6.87358001526	4.35649598397
840.0	24.0	7.08194047379	4.92760888468
840.0	25.0	6.74751141459	7.47005173103
840.0	26.0	6.76540094891	6.68319037138
840.0	27.0	9.36127761103	7.00848367839
840.0	28.0	9.16133575689	6.01351097338
840.0	29.0	5.62278586876	5.79561457624
840.0	30.0	5.26162774064	6.25288675249
850.0	20.0	2.25850109139	5.01376507238
850.0	21.0	2.68132549663	3.02047842517
850.0	22.0	2.81686502723	4.08991298769
850.0	23.0	6.37961840297	4.37200887095
850.0	24.0	6.58755793128	4.9163918741
850.0	25.0	6.1091707371	7.58938163089
850.0	26.0	6.11822073681	6.84953625178
850.0	27.0	8.80985902381	7.23879038511
850.0	28.0	8.62906949465	6.21708778254
850.0	29.0	6.18935794387	5.75122385349
850.0	30.0	5.87555446542	6.21303056594
860.0	20.0	1.7645394791	5.02355012417
860.0	21.0	2.17620923353	3.03002481716
860.0	22.0	2.33826736794	4.06652432732
860.0	23.0	5.89744283682	4.38680577853
860.0	24.0	6.11022306265	4.92211970929
860.0	25.0	5.47083005961	7.70632493275
860.0	26.0	5.46577889697	7.00872233818
860.0	27.0	8.25654625061	7.45549348325
860.0	28.0	8.0968032324	6.42066459169
860.0	29.0	6.75214164701	5.69752539856
860.0	30.0	6.48927072508	6.17341303919
870.0	20.0	1.27057786681	5.03333517596
870.0	21.0	1.66309529626	3.01594388898
870.0	22.0	1.82325924469	4.05029546094
870.0	23.0	5.41505680556	4.40184134591
870.0	24.0	5.63267772891	4.92808620428
870.0	25.0	4.83248938211	7.81419916222
870.0	26.0	4.81333705714	7.16766976479
870.0	27.0	7.68892184995	7.54952544434
870.0	28.0	7.54517418008	6.58891975049
870.0	29.0	7.31513581525	5.64382694362
870.0	30.0	7.07920442736	6.14429654362
880.0	20.0	0.776616254518	5.04312022774
880.0	21.0	1.14913949856	2.999237703
880.0	22.0	1.28425809893	4.03860113075
880.0	23.0	4.93267077429	4.4166382535
880.0	24.0	5.15534286028	4.93381403948
880.0	25.0	4.19435916973	7.92207339169
880.0	26.0	4.16510451949	7.31134296422
880.0	27.0	7.12129744929	7.64355740542
880.0	28.0	6.94892652451	6.67507593819
880.0	29.0	7.8781299835	5.59012848869
880.0	30.0	7.65335324642	6.12281716165
890.0	20.0	0.282654642227	5.05266661973
890.0	21.0	0.635394165959	2.98277017682
890.0	22.0	0.745256953184	4.02690680057
890.0	23.0	4.45049520814	4.43167382088
890.0	24.0	4.67800799165	4.93978053447
890.0	25.0	3.56275337574	8.02875432216
890.0	26.0	3.5269743071	7.41921719369
890.0	27.0	6.55367304863	7.73758936651
890.0	28.0	6.35246840383	6.76147078568
890.0	29.0	8.46785322067	5.55074962174
890.0	30.0	8.22729160037	6.10109911987
900.0	20.0	-0.211306970064	5.06245167152
900.0	21.0	0.121438368254	2.96606399084
900.0	22.0	0.206255807433	4.01521247038
900.0	23.0	3.97421266506	4.43907227467
900.0	24.0	4.20046265791	4.93190476108
900.0	25.0	2.99049874267	8.12565020084
900.0	26.0	2.88884409472	7.52709142316
900.0	27.0	5.97847190402	7.81181256422
900.0	28.0	5.75622074826	6.84762697338
900.0	29.0	9.06052296938	5.51304137338
900.0	30.0	8.80796483783	6.06911870671
910.0	22.0	-0.332534873208	4.00375679999
910.0	23.0	3.50403361016	4.43907227467
910.0	24.0	3.72270685906	4.92283568869
910.0	25.0	2.41845457471	8.22254607953
910.0	26.0	2.27091853286	7.64451204462
910.0	27.0	5.40158703854	7.88126256594
910.0	28.0	5.20669634703	6.96504759484
910.0	29.0	9.65319271808	5.47533312503
910.0	30.0	9.4042124934	6.01351097338
920.0	23.0	3.03385455525	4.43907227467
920.0	24.0	3.24516152532	4.9135279565
920.0	25.0	1.84619994164	8.31944195821
920.0	26.0	1.7338115731	7.80083421343
920.0	27.0	4.82449170795	7.95047390785
920.0	28.0	4.67716613121	7.09583316508
920.0	29.0	10.2235531652	5.44860322746
920.0	30.0	10.0006706141	5.95766458025
930.0	23.0	2.56367550035	4.43907227467
930.0	24.0	2.76761619158	4.90445888411
930.0	25.0	1.38738600265	8.54402082974
930.0	26.0	1.19670461333	7.95715638225
930.0	27.0	4.25202660976	7.98746617681
930.0	28.0	4.14742545028	7.22685739512
930.0	29.0	10.5933403628	5.52091714677
930.0	30.0	10.5626124568	5.92067231129
940.0	23.0	2.09349644545	4.43907227467
940.0	24.0	2.29007085784	4.89538981172
940.0	25.0	0.941199970245	8.78268062945
940.0	26.0	0.737680209237	8.14808422202
940.0	27.0	3.68187662779	8.01061617738
940.0	28.0	3.58485221225	7.25525791129
940.0	29.0	10.9633380255	5.59323106608
940.0	30.0	11.0443670927	5.92687746608
950.0	23.0	1.61174180951	4.4123423771
950.0	24.0	1.8169452914	4.89610579112
950.0	25.0	0.625923236026	9.05308218253
950.0	26.0	0.460076729641	8.41920175449
950.0	27.0	3.1115161807	8.03352751815
950.0	28.0	3.00039060282	7.21540172474
950.0	29.0	11.3331252231	5.6655449854
950.0	30.0	11.5263321938	5.93332128068
960.0	23.0	1.12725112715	4.37916866494
960.0	24.0	1.34550344584	4.90135630672
960.0	25.0	0.507220914198	9.37145435535
960.0	26.0	0.204572086556	8.69389918396
960.0	27.0	2.54157666384	8.00083112559
960.0	28.0	2.41571852828	7.17578419798
960.0	29.0	11.6195682373	5.78797746265
960.0	30.0	12.0080868297	5.93952643547
970.0	23.0	0.642549979687	4.34575629298
970.0	24.0	0.874272065384	4.90660682231
970.0	25.0	0.388518592369	9.68958786837
970.0	26.0	0.145431390751	8.99962238739
970.0	27.0	1.9722685423	7.93042648468
970.0	28.0	1.83104645374	7.13592801143
970.0	29.0	11.8849647406	5.92282024949
970.0	30.0	12.3675612369	5.95265272445
980.0	23.0	0.158059297329	4.31258258082
980.0	24.0	0.403040684933	4.9116186781
980.0	25.0	0.26981627054	10.0077213814
980.0	26.0	0.0860802298368	9.30558425063
980.0	27.0	1.40274995565	7.86026050356
980.0	28.0	1.28004879674	7.01659811158
980.0	29.0	12.0985868268	6.01780684977
980.0	30.0	12.6043344853	5.97246148783
990.0	23.0	-0.326431385029	4.27917020886
990.0	24.0	-0.0681906955187	4.9168691937
990.0	25.0	0.151113948711	10.3260935542
990.0	26.0	0.0269395340321	9.61130745406
990.0	27.0	0.830705787692	7.77887751186
990.0	28.0	0.729261604852	6.89726821172
990.0	29.0	12.2604344961	6.07293726351
990.0	30.0	12.8175356413	5.99036097281
1000.0	27.0	0.248769759577	7.65262647781
1000.0	28.0	0.178263947853	6.77793831186
1000.0	29.0	12.4222821654	6.12806767724
1000.0	30.0	12.818798432	5.99059963261
1010.0	27.0	-0.332955803428	7.52613678396
1010.0	29.0	12.4397507695	6.13403417224
1010.0	30.0	12.8202716877	5.99083829241
1020.0	29.0	12.4412240253	6.13451149183
1020.0	30.0	12.8215344784	5.99107695221
1030.0	29.0	12.4429077462	6.13522747123
1030.0	30.0	12.8230077342	5.99131561201
1040.0	29.0	12.4443810019	6.13570479083
1040.0	30.0	12.8244809899	5.99179293161
1050.0	29.0	12.4458542577	6.13642077023
1050.0	30.0	12.8257437806	5.99203159141
1060.0	29.0	12.4473275135	6.13689808983
1060.0	30.0	12.8272170363	5.99227025121
1070.0	29.0	12.4488007692	6.13737540943
1070.0	30.0	12.828479827	5.99250891101
1080.0	29.0	12.450274025	6.13809138883
1080.0	30.0	12.8299530828	5.9927475708
1090.0	29.0	12.4517472808	6.13856870843
1090.0	30.0	12.8312158734	5.9929862306
1100.0	29.0	12.4532205365	6.13904602803
1100.0	30.0	12.8326891292	5.9932248904
1110.0	29.0	12.4546937923	6.13976200743
1110.0	30.0	12.834162385	5.9934635502
1120.0	29.0	12.4561670481	6.14023932703
1120.0	30.0	12.8354251756	5.99370221
1130.0	29.0	12.4576403038	6.14071664663
1130.0	30.0	12.8368984314	5.9939408698
1140.0	29.0	12.4591135596	6.14143262603
1140.0	30.0	12.838161222	5.9944181894
1150.0	29.0	12.4605868154	6.14190994563
1150.0	30.0	12.8396344778	5.9946568492
1160.0	29.0	12.4622705363	6.14238726523
1160.0	30.0	12.8408972685	5.994895509
1170.0	29.0	12.463743792	6.14310324462
1170.0	30.0	12.8423705242	5.9951341688
1180.0	29.0	12.4652170478	6.14358056422
1180.0	30.0	12.84384378	5.9953728286
1190.0	29.0	12.4666903036	6.14429654362
1190.0	30.0	12.8451065707	5.9956114884
1190.0	31.0	-0.0858697647272	9.72944405492
1200.0	29.0	12.4681635593	6.14477386322
1200.0	30.0	12.8465798264	5.9958501482
1200.0	31.0	0.343689524018	9.29174198224
1210.0	29.0	12.4696368151	6.14525118282
1210.0	30.0	12.8478426171	5.996088808
1210.0	31.0	0.773459277874	8.85427856937
1220.0	29.0	12.4711100709	6.14596716222
1220.0	30.0	12.8493158729	5.9963274678
1220.0	31.0	1.23269414708	8.50321000399
1230.0	29.0	12.4725833266	6.14644448182
1230.0	30.0	12.8505786635	5.9965661276
1230.0	31.0	1.73633715441	8.28149505006
1240.0	29.0	12.4740565824	6.14692180142
1240.0	30.0	12.8520519193	5.9968047874
1240.0	31.0	2.23998016174	8.05978009612
1250.0	29.0	12.4755298382	6.14763778082
1250.0	30.0	12.8535251751	5.997282107
1250.0	31.0	2.81581270168	7.85763524577
1260.0	29.0	12.4770030939	6.14811510042
1260.0	30.0	12.8547879657	5.9975207668
1260.0	31.0	3.44005221683	7.66837802459
1270.0	29.0	12.4784763497	6.14859242002
1270.0	30.0	12.8562612215	5.9977594266
1270.0	31.0	4.06408126687	7.47912080342
1280.0	29.0	12.4799496055	6.14930839942
1280.0	30.0	12.8575240121	5.9979980864
1280.0	31.0	4.66117078288	7.27100945807
1280.0	32.0	-0.0841860438502	4.44599340886
1290.0	29.0	12.4814228612	6.14978571902
1290.0	30.0	12.8589972679	5.9982367462
1290.0	31.0	5.24647425275	7.05454501973
1290.0	32.0	0.547209285026	4.53119495736
1300.0	29.0	12.4831065821	6.15050169842
1300.0	30.0	12.8602600586	5.998475406
1300.0	31.0	5.83177772261	6.83831924119
1300.0	32.0	1.1786046139	4.61639650586
1310.0	29.0	12.4845798379	6.15097901801
1310.0	30.0	12.8617333143	5.9987140658
1310.0	31.0	6.43118235483	6.63474243203
1310.0	32.0	1.80999994278	4.70159805435
1320.0	29.0	12.4860530936	6.15145633761
1320.0	30.0	12.8632065701	5.9989527256
1320.0	31.0	7.04447768428	6.44381459226
1320.0	32.0	2.46938713124	4.7493300143
1330.0	29.0	12.4875263494	6.15217231701
1330.0	30.0	12.8644693608	5.9991913854
1330.0	31.0	7.65798347883	6.25288675249
1330.0	32.0	3.1289847848	4.79706197424
1340.0	29.0	12.4889996052	6.15264963661
1340.0	30.0	12.8659426165	5.9994300452
1340.0	31.0	8.27127880828	6.06195891272
1340.0	32.0	3.78837197326	4.84479393418
1350.0	29.0	12.4904728609	6.15312695621
1350.0	30.0	12.8672054072	5.9999073648
1350.0	31.0	8.92477297367	5.88606664033
1350.0	32.0	4.43386846448	4.85266970757
1360.0	29.0	12.4919461167	6.15384293561
1360.0	30.0	12.8686786629	6.0001460246
1360.0	31.0	9.57847760417	5.71017436794
1360.0	32.0	5.07915449059	4.86078414076
1370.0	29.0	12.4934193725	6.15432025521
1370.0	30.0	12.8699414536	6.0003846844
1370.0	31.0	10.2319717696	5.53428209556
1370.0	32.0	5.72465098181	4.86865991415
1380.0	29.0	12.4948926282	6.15479757481
1380.0	30.0	12.8714147094	6.0006233442
1380.0	31.0	10.8871496558	5.38177848354
1380.0	32.0	6.39203584444	4.88918465693
1390.0	29.0	12.496365884	6.15551355421
1390.0	30.0	12.8728879651	6.00086200399
1390.0	31.0	11.5484310303	5.32211353361
1390.0	32.0	7.05963117217	4.90947073991
1400.0	29.0	12.4978391398	6.15599087381
1400.0	30.0	12.8741507558	6.00110066379
1400.0	31.0	12.2099228698	5.26244858368
1400.0	32.0	7.72701603479	4.92999548268
1410.0	29.0	12.4993123956	6.15646819341
1410.0	30.0	12.8756240116	6.00133932359
1410.0	31.0	12.8659426165	5.27796147066
1410.0	32.0	8.39692647873	4.95362280285
1420.0	29.0	12.5007856513	6.15718417281
1420.0	30.0	12.8768868022	6.00157798339
1420.0	31.0	13.5135437588	5.40659910271
1420.0	32.0	9.06936250398	4.98011404062
1430.0	29.0	12.5024693722	6.15766149241
1430.0	30.0	12.878360058	6.00181664319
1430.0	31.0	14.1611449012	5.53499807495
1430.0	32.0	9.74158806413	5.00660527839
1440.0	29.0	12.503942628	6.15837747181
1440.0	30.0	12.8796228486	6.00205530299
1440.0	31.0	14.8087460435	5.663635707
1440.0	32.0	10.4140240894	5.03309651616
1450.0	29.0	12.5054158837	6.15885479141
1450.0	30.0	12.8810961044	6.00229396279
1450.0	31.0	15.4561367207	5.79203467925
1450.0	32.0	11.0746740685	5.09300012589
1460.0	29.0	12.5068891395	6.159332111
1460.0	30.0	12.8825693602	6.00277128239
1460.0	32.0	11.734061257	5.15672229241
1470.0	29.0	12.5083623953	6.1600480904
1470.0	30.0	12.8838321508	6.00300994219
1470.0	32.0	12.3936589105	5.22020579913
1480.0	29.0	12.509835651	6.16052541
1480.0	30.0	12.8853054066	6.00324860199
1480.0	32.0	13.0025344727	5.31734033762
1490.0	29.0	12.5113089068	6.1610027296
1490.0	30.0	12.8865681973	6.00348726179
1490.0	32.0	13.605937942	5.41805477309
1500.0	29.0	12.5127821626	6.161718709
1500.0	30.0	12.888041453	6.00372592159
1500.0	32.0	14.2091309461	5.51876920857
1510.0	29.0	12.5142554183	6.1621960286
1510.0	30.0	12.8893042437	6.00396458139
1510.0	32.0	14.8125344154	5.61972230385
1520.0	29.0	12.5157286741	6.1626733482
1520.0	30.0	12.8907774995	6.00420324119
1520.0	32.0	15.4159378847	5.72043673933
1530.0	29.0	12.5172019299	6.1633893276
1530.0	30.0	12.8922507552	6.00444190099
1530.0	33.0	0.0833441834117	8.76143990728
1540.0	29.0	12.5186751856	6.1638666472
1540.0	30.0	12.8935135459	6.00468056079
1540.0	33.0	0.496487193607	8.54927134534
1550.0	29.0	12.5201484414	6.1643439668
1550.0	30.0	12.8949868016	6.00491922059
1550.0	33.0	0.909630203802	8.33710278339
1560.0	29.0	12.5218321623	6.1650599462
1560.0	30.0	12.8962495923	6.00539654019
1560.0	33.0	1.33119181838	8.18006463518
1570.0	29.0	12.523305418	6.1655372658
1570.0	30.0	12.8977228481	6.00563519999
1570.0	33.0	1.76517087443	8.10560277767
1580.0	29.0	12.5247786738	6.1662532452
1580.0	30.0	12.8989856387	6.00587385979
1580.0	33.0	2.19936039559	8.03090226036
1580.0	35.0	15.0042681303	4.15697639141
1590.0	29.0	12.5262519296	6.1667305648
1590.0	30.0	12.9004588945	6.00611251959
1590.0	33.0	2.62660456813	7.96813473303
1590.0	34.0	14.7887518581	4.80111919084
1590.0	35.0	14.4684239612	4.17869443318
1600.0	29.0	12.5277251853	6.1672078844
1600.0	30.0	12.9019321503	6.00635117939
1600.0	33.0	3.02648827642	7.95214452645
1600.0	34.0	14.2274414107	4.80899496423
1600.0	35.0	13.9327902572	4.20041247496
1610.0	29.0	12.5291984411	6.16792386379
1610.0	30.0	12.9031949409	6.00658983919
1610.0	33.0	3.4263719847	7.93615431987
1610.0	34.0	13.6661309633	4.81687073762
1610.0	35.0	13.3971565532	4.22213051673
1620.0	29.0	12.5306716969	6.16840118339
1620.0	30.0	12.9046681967	6.00682849899
1620.0	33.0	3.82899173942	7.90703782431
1620.0	34.0	13.1142914459	4.82092795421
1620.0	35.0	12.8613123841	4.19182072217
1630.0	29.0	12.5321449527	6.16887850299
1630.0	30.0	12.9059309873	6.00706715879
1630.0	33.0	4.24276614494	7.82470019341
1630.0	34.0	12.5715019282	4.82092795421
1630.0	35.0	12.3256786801	4.15554443261
1640.0	29.0	12.5336182084	6.16959448239
1640.0	30.0	12.9074042431	6.00730581859
1640.0	33.0	4.65633008536	7.7423625625
1640.0	34.0	12.0287124104	4.82092795421
1640.0	35.0	11.789834511	4.11950680285
1640.0	37.0	0.139538367682	5.51566663118
1650.0	29.0	12.5350914642	6.17007180199
1650.0	30.0	12.9086670338	6.00754447839
1650.0	33.0	5.09704402491	7.67171926179
1650.0	34.0	11.4859228927	4.82092795421
1650.0	35.0	11.2449403422	4.10065267868
1650.0	36.0	0.190681389321	6.60037542088
1650.0	37.0	0.41608952173	5.76816869927
1660.0	29.0	12.53656472	6.17054912159
1660.0	30.0	12.9101402895	6.00778313819
1660.0	33.0	5.60089749735	7.62852183804
1660.0	34.0	10.9685996532	4.79992589184
1660.0	35.0	10.6941531503	4.09373154448
1660.0	36.0	0.487858124112	6.81803315821
1660.0	37.0	0.692640675778	6.02043210757
1670.0	29.0	12.5380379757	6.17126510099
1670.0	30.0	12.9116135453	6.00826045779
1670.0	33.0	6.1047509698	7.58508575449
1670.0	34.0	10.4620101344	4.77009341687
1670.0	35.0	10.1431554933	4.08681041029
1670.0	36.0	0.784824393794	7.03545223575
1670.0	37.0	0.969402294935	6.27269551587
1680.0	29.0	12.5395112315	6.17174242059
1680.0	30.0	12.912876336	6.00849911759
1680.0	33.0	6.60860444224	7.54164967095
1680.0	34.0	9.95563108062	4.74026094191
1680.0	35.0	9.6098369055	4.0834691731
1680.0	36.0	1.08389531457	7.25048471529
1680.0	37.0	1.13524880132	6.48939861401
1680.0	38.0	0.158269762438	5.75623570929
1680.0	39.0	0.136381391037	4.95600940085
1690.0	29.0	12.5411949524	6.17221974019
1690.0	30.0	12.9143495917	6.00873777739
1690.0	33.0	7.11372070534	7.39845379112
1690.0	34.0	9.45914388701	4.73548774591
1690.0	35.0	9.14681366433	4.09540216308
1690.0	36.0	1.39959297901	7.44141255507
1690.0	37.0	1.25353019293	6.69058882517
1690.0	38.0	0.634341840411	5.77890839026
1690.0	39.0	0.608244166818	4.9147212555
1700.0	29.0	12.5426682081	6.17293571959
1700.0	30.0	12.9156123824	6.00897643719
1700.0	33.0	7.61883696844	7.25525791129
1700.0	34.0	8.97233808845	4.75529650929
1700.0	35.0	8.68379042315	4.10733515307
1700.0	36.0	1.71529064345	7.63234039484
1700.0	37.0	1.37202204965	6.89201769612
1700.0	38.0	1.11041391838	5.80181973103
1700.0	39.0	1.07989647749	4.87367176995
1710.0	29.0	12.5441414639	6.17341303919
1710.0	30.0	12.9170856382	6.00921509698
1710.0	33.0	8.12395323155	7.11206203146
1710.0	34.0	8.48574275499	4.77510527267
1710.0	35.0	8.22076718197	4.11926814305
1710.0	36.0	2.03098830789	7.82326823461
1710.0	37.0	1.51177088244	7.02065532817
1710.0	38.0	1.58648599636	5.82449241201
1710.0	39.0	1.55260111371	4.83667950099
1720.0	29.0	12.5456147197	6.17412901859
1720.0	30.0	12.9183484288	6.00945375678
1720.0	33.0	8.59560554222	6.94738676966
1720.0	34.0	7.99893695643	4.79515269584
1720.0	35.0	7.76700440562	4.13287175164
1720.0	36.0	2.33553132151	8.01109349698
1720.0	37.0	1.67319762152	7.0762630615
1720.0	38.0	2.06255807433	5.84716509298
1720.0	39.0	2.02762086613	4.80923362403
1730.0	29.0	12.5470879754	6.17460633819
1730.0	30.0	12.9198216846	6.00969241658
1730.0	33.0	9.067468318	6.78295016766
1730.0	34.0	7.51234162297	4.81496145922
1730.0	35.0	7.35070441878	4.15315783461
1730.0	36.0	2.5407348034	8.17004092359
1730.0	37.0	1.83462436061	7.13187079484
1730.0	38.0	2.52663364105	5.90229550671
1730.0	39.0	2.50264061856	4.78202640686
1740.0	29.0	12.5485612312	6.17508365779
1740.0	30.0	12.9212949403	6.00993107638
1740.0	33.0	9.53575318691	6.60634191587
1740.0	34.0	7.06341954414	4.82092795421
1740.0	35.0	6.93419396683	4.17344391759
1740.0	36.0	2.74572782017	8.32922701
1740.0	37.0	1.96911156566	7.23330120972
1740.0	38.0	2.99070920778	5.95742592045
1740.0	39.0	2.97787083609	4.75481918969
1750.0	29.0	12.550034487	6.17579963718
1750.0	30.0	12.922557731	6.01016973618
1750.0	33.0	9.97373108004	6.32257541401
1750.0	34.0	6.63091374386	4.82092795421
1750.0	35.0	6.51768351488	4.19373000056
1750.0	36.0	2.95093130206	8.48841309641
1750.0	37.0	2.07708016689	7.38007698654
1750.0	38.0	3.4547847745	6.01231767438
1750.0	39.0	3.44110454238	4.8268944492
1760.0	29.0	12.5515077427	6.17627695678
1760.0	30.0	12.9240309868	6.01040839598
1760.0	33.0	10.4117089732	6.03880891215
1760.0	34.0	6.19819747847	4.82092795421
1760.0	35.0	6.10117306293	4.21401608354
1760.0	36.0	3.13782431941	8.62373320285
1760.0	37.0	2.18504876813	7.52685276336
1760.0	38.0	3.91759755057	6.06458417052
1760.0	39.0	3.90139173713	4.92379032789
1770.0	29.0	12.5529809985	6.17675427638
1770.0	30.0	12.9252937774	6.01088571558
1770.0	33.0	10.8496868663	5.75504241029
1770.0	34.0	5.76548121308	4.82092795421
1770.0	35.0	5.64972540279	4.21926659913
1770.0	36.0	3.25189640882	8.6647826884
1770.0	37.0	2.29301736937	7.67386719999
1770.0	38.0	4.36715102473	6.09179138769
1770.0	39.0	4.36188939699	5.02068620657
1780.0	29.0	12.5544542543	6.17747025578
1780.0	30.0	12.9267670332	6.01112437538
1780.0	33.0	11.2950310383	5.47962900142
1780.0	34.0	5.3329754128	4.82092795421
1780.0	35.0	5.16291960422	4.20924288755
1780.0	36.0	3.36617896335	8.70559351415
1780.0	37.0	2.37993945965	7.80417545063
1780.0	38.0	4.81670449889	6.11899860485
1780.0	39.0	4.81607310356	5.10397847667
1790.0	29.0	12.55592751	6.17794757538
1790.0	30.0	12.9280298239	6.01136303518
1790.0	33.0	11.7508984657	5.21710322174
1790.0	34.0	4.89457658945	4.81782537682
1790.0	35.0	4.67632427077	4.19945783576
1790.0	36.0	3.48046151788	8.7466429997
1790.0	37.0	2.45276038758	7.92350535049
1790.0	38.0	5.26646843816	6.14596716222
1790.0	39.0	5.26604750794	5.17820167438
1800.0	29.0	12.5574007658	6.17842489498
1800.0	30.0	12.9295030796	6.01160169498
1800.0	33.0	12.2069763583	4.95457744205
1800.0	34.0	4.44291846419	4.80804032503
1800.0	35.0	4.18951847221	4.18943412417
1800.0	36.0	3.51981849338	8.7416311439
1800.0	37.0	2.52558131551	8.04283525034
1800.0	38.0	5.71602191232	6.17317437939
1800.0	39.0	5.71602191232	5.25218621229
1810.0	29.0	12.5588740216	6.17914087438
1810.0	30.0	12.9309763354	6.01184035478
1810.0	33.0	12.6272751822	4.661503208
1810.0	34.0	3.99147080405	4.79801661344
1810.0	35.0	3.70292313875	4.17941041258
1810.0	36.0	3.52718477221	8.71681052473
1810.0	37.0	2.59840224344	8.1621651502
1810.0	38.0	6.15989282852	6.17723159598
1810.0	39.0	6.15484166589	5.2431171399
1820.0	29.0	12.5603472773	6.17961819398
1820.0	30.0	12.9322391261	6.01207901458
1820.0	33.0	12.9939054032	4.32284495221
1820.0	34.0	3.53981267879	4.78799290185
1820.0	35.0	3.20959292179	4.1605562884
1820.0	36.0	3.53434058594	8.69222856536
1820.0	37.0	2.67122317137	8.28149505006
1820.0	38.0	6.60144862851	6.17150376079
1820.0	39.0	6.58882072194	5.19824909756
1830.0	29.0	12.5620309982	6.18033417338
1830.0	30.0	12.9337123818	6.01231767438
1830.0	33.0	13.3605356241	3.98418669642
1830.0	34.0	3.08815455354	4.77820785006
1830.0	35.0	2.7135266584	4.13788360743
1830.0	36.0	3.54170686478	8.66740794619
1830.0	37.0	2.73057433228	8.35476360857
1830.0	38.0	7.0427939634	6.1655372658
1830.0	39.0	7.02301024309	5.15361971501
1840.0	29.0	12.563504254	6.18081149298
1840.0	30.0	12.9349751725	6.01255633418
1840.0	33.0	13.694333288	3.69516967896
1840.0	34.0	2.63523363762	4.76364960228
1840.0	35.0	2.21746039501	4.11521092646
1840.0	36.0	3.54886267851	8.64282598682
1840.0	37.0	2.76951037756	8.35929814476
1840.0	38.0	7.48434976339	6.1598094306
1840.0	39.0	7.47824627521	5.12068466265
1850.0	29.0	12.5498240219	6.16052541
1850.0	30.0	12.9364484282	6.01279499398
1850.0	33.0	13.951521652	3.52285730357
1850.0	34.0	2.18083946594	4.7447954781
1850.0	35.0	1.72139413163	4.09253824549
1850.0	36.0	3.55622895734	8.61800536765
1850.0	37.0	2.80844642284	8.36359402116
1850.0	38.0	7.92548463317	6.11995324405
1850.0	39.0	7.95494974852	5.09968260028
1860.0	29.0	12.400393794	5.95265272445
1860.0	30.0	12.9377112189	6.01303365378
1860.0	33.0	14.172299552	3.28753874105
1860.0	34.0	1.72644529426	4.72594135393
1860.0	35.0	1.23732437949	4.0775026781
1860.0	36.0	3.56338477107	8.59342340828
1860.0	37.0	2.84759293323	8.36812855735
1860.0	38.0	8.36640903783	6.05742437653
1860.0	39.0	8.43165322182	5.0784418781
1870.0	29.0	12.2511740313	5.7447800389
1870.0	30.0	12.9391844747	6.01327231358
1870.0	33.0	14.3564565229	2.98921399141
1870.0	34.0	1.27205112258	4.70684856995
1870.0	35.0	0.765251138598	4.07034288411
1870.0	36.0	3.57075104991	8.56860278911
1870.0	37.0	2.88652897851	8.37242443375
1870.0	38.0	8.80754390761	5.994895509
1870.0	39.0	8.90435785804	5.05362125893
1870.0	40.0	0.0991290666336	7.23019863232
1880.0	29.0	12.1017438035	5.53690735335
1880.0	30.0	12.9406577304	6.01374963318
1880.0	33.0	14.6008065152	2.59900521888
1880.0	34.0	0.817867416005	4.68799444577
1880.0	35.0	0.293388362818	4.06294443032
1880.0	36.0	3.57790686363	8.54402082974
1880.0	37.0	2.92546502379	8.37695896994
1880.0	38.0	9.24846831227	5.93236664148
1880.0	39.0	9.3429671465	4.993956309
1880.0	40.0	0.459234869203	7.21754966293
1890.0	29.0	12.0813286878	4.88250218254
1890.0	30.0	12.9419205211	6.01398829298
1890.0	33.0	14.8521018561	2.19877273476
1890.0	34.0	0.363473244323	4.66890166179
1890.0	35.0	-0.178474412962	4.05578463633
1890.0	36.0	3.69703011568	8.53041722116
1890.0	37.0	3.01217664896	8.34879711358
1890.0	38.0	9.70412527461	5.88463468153
1890.0	39.0	9.78136596985	4.93429135908
1890.0	40.0	0.819130206663	7.20490069355
1890.0	41.0	0.0170476738797	7.6597862718
1890.0	42.0	-0.1683720877	5.45337642345
1900.0	29.0	12.0609135722	4.22809701172
1900.0	30.0	12.9433937769	6.01422695278
1900.0	33.0	15.1031867318	1.79830159084
1900.0	34.0	-0.0909209273582	4.65004753762
1900.0	36.0	3.81615336773	8.51705227237
1900.0	37.0	3.09888827413	8.32087391701
1900.0	38.0	10.1818810735	5.85885942317
1900.0	39.0	10.2197647932	4.87462640915
1900.0	40.0	1.17923600923	7.19249038396
1900.0	41.0	0.352739523732	7.6662300864
1900.0	42.0	0.41040696377	5.42354394849
1900.0	43.0	0.248559294468	5.81208210242
1900.0	44.0	0.00378837197326	6.48390943861
1910.0	29.0	12.0407089217	3.57369184091
1910.0	30.0	12.8326891292	6.10730427467
1910.0	36.0	3.93527661978	8.50344866379
1910.0	37.0	3.18538943418	8.29271206064
1910.0	38.0	10.6598473374	5.8330841648
1910.0	39.0	10.6495345471	4.82092795421
1910.0	40.0	1.55133832305	7.18723986837
1910.0	41.0	0.688220908475	7.67267390099
1910.0	42.0	0.98918601524	5.39371147352
1910.0	43.0	0.866905786548	5.77485117367
1910.0	44.0	0.341795338032	6.50920737738
1910.0	45.0	-0.034305812869	7.14953162002
1910.0	46.0	0.757674394652	0.119329899857
1920.0	29.0	12.058598456	2.68301346838
1920.0	30.0	12.6942030871	6.22377025693
1920.0	36.0	4.05439987183	8.49008371501
1920.0	37.0	3.27210105935	8.26455020428
1920.0	38.0	11.1376031363	5.80707024663
1920.0	39.0	11.0704647663	4.77319599427
1920.0	40.0	1.95164296156	7.19869553876
1920.0	41.0	1.02391275833	7.67911771558
1920.0	42.0	1.57448948511	5.34216095679
1920.0	43.0	1.48504181352	5.73762024491
1920.0	44.0	0.679591838981	6.53426665635
1920.0	45.0	0.314434873781	7.11540326866
1920.0	46.0	0.734312767483	0.640801562231
1920.0	49.0	2.29091271827	0.123864436051
1930.0	29.0	12.0806972925	1.76608251788
1930.0	30.0	12.5555065798	6.34023623919
1930.0	36.0	4.17352312387	8.47648010642
1930.0	37.0	3.35881268451	8.23662700771
1930.0	38.0	11.5717926574	5.81232076222
1930.0	39.0	11.4913949856	4.72546403433
1930.0	40.0	2.35215806517	7.21038986894
1930.0	41.0	1.35960460818	7.68269761258
1930.0	42.0	2.18546969835	5.20349961315
1930.0	43.0	2.10233598005	5.69108158397
1930.0	44.0	1.01738833993	6.55932593532
1930.0	45.0	0.66317556043	7.0812749173
1930.0	46.0	0.710951140315	1.1622732246
1930.0	48.0	1.55407436947	0.273981450071
1930.0	49.0	2.25850109139	0.647245376823
1940.0	29.0	12.102796129	0.84915156738
1940.0	30.0	12.4170205377	6.45670222145
1940.0	36.0	4.36925567583	8.40559814591
1940.0	37.0	3.57327663122	8.19175896536
1940.0	38.0	11.9872507838	5.8306975668
1940.0	39.0	11.9123252048	4.67773207438
1940.0	40.0	2.75246270368	7.22208419913
1940.0	41.0	1.69634878358	7.6624115296
1940.0	42.0	2.79644991159	5.06507692932
1940.0	43.0	2.7112115422	5.56339859112
1940.0	44.0	1.35518484088	6.58438521429
1940.0	45.0	1.01212671219	7.04738522574
1940.0	46.0	0.656651142032	1.65391241201
1940.0	48.0	1.5372371607	0.808579401429
1940.0	49.0	2.22608946451	1.17038765779
1950.0	29.0	12.1251054306	-0.0677793831186
1950.0	30.0	12.1996100794	6.53020943976
1950.0	36.0	4.59782078488	8.31013422602
1950.0	37.0	3.80205220539	8.14498164462
1950.0	38.0	12.4029193753	5.84907437138
1950.0	39.0	12.2806391466	4.76388826208
1950.0	40.0	3.14624292379	7.19965017796
1950.0	41.0	2.03309295898	7.64188678682
1950.0	42.0	3.40427314819	4.93118878168
1950.0	43.0	3.32008710434	5.43547693847
1950.0	44.0	1.71150227147	6.51732181057
1950.0	45.0	1.36360344526	7.01874604977
1950.0	46.0	0.530372076256	2.07562427811
1950.0	47.0	0.0616662771203	5.66769292359
1950.0	48.0	1.52039995193	1.34317735279
1950.0	49.0	2.16084528053	1.69042736137
1960.0	30.0	11.9487356688	6.58510119369
1960.0	36.0	4.82617542882	8.21467030614
1960.0	37.0	4.03082777955	8.09844298368
1960.0	38.0	12.8183775017	5.86745117596
1960.0	39.0	12.6489530885	4.85004444978
1960.0	40.0	3.51308360987	7.04046409155
1960.0	41.0	2.36983713438	7.62136204405
1960.0	42.0	3.98305219966	4.84169135679
1960.0	43.0	3.92306964342	5.31018054362
1960.0	44.0	2.06992435317	6.43999603547
1960.0	45.0	1.74138831704	7.03974811215
1960.0	46.0	0.404093010481	2.4970974844
1960.0	47.0	0.498170914484	5.79155735965
1960.0	48.0	1.44884181466	1.76226396108
1960.0	49.0	2.06255807433	2.20760314735
1970.0	30.0	11.6989135836	6.63999294763
1970.0	36.0	5.06652658402	8.11443319026
1970.0	37.0	4.25960335371	8.05166566293
1970.0	38.0	13.1972146991	5.96386973504
1970.0	39.0	13.0172670303	4.93620063747
1970.0	40.0	3.88013476106	6.88127800514
1970.0	41.0	2.69900456584	7.61324761086
1970.0	42.0	4.56183125113	4.75219393189
1970.0	43.0	4.51237195037	5.19085064377
1970.0	44.0	2.42834643486	6.36243160056
1970.0	45.0	2.11896272371	7.06075017452
1970.0	46.0	0.270658130978	2.90472842231
1970.0	47.0	0.934675551847	5.9151831359
1970.0	48.0	1.35371158511	2.13170933104
1970.0	49.0	1.96427086814	2.72477893333
1970.0	50.0	-0.186893017347	5.18655476737
1980.0	30.0	11.4600356842	6.69154346437
1980.0	36.0	5.35339052843	7.9951032904
1980.0	37.0	4.48964171853	8.00226308439
1980.0	38.0	13.5670018967	6.0800970575
1980.0	39.0	13.3750577167	5.05553053733
1980.0	40.0	4.24697544713	6.72233057853
1980.0	41.0	3.02333129977	7.61324761086
1980.0	42.0	5.1406103026	4.662696507
1980.0	43.0	5.10167425732	5.07152074391
1980.0	44.0	2.78108595859	6.28009396966
1980.0	45.0	2.49653713038	7.0819908967
1980.0	46.0	0.120175577596	3.27990162746
1980.0	47.0	1.36297204993	6.01231767438
1980.0	48.0	1.25879182067	2.5013933608
1980.0	49.0	1.79042668758	3.18205110958
1980.0	50.0	0.385572080834	5.1674619834
1980.0	51.0	15.0693018492	5.54549910614
1980.0	52.0	15.1250751032	4.98703517481
1990.0	30.0	11.2211577848	6.7430939811
1990.0	36.0	5.64046493796	7.87577339054
1990.0	37.0	4.72241612978	7.94641669126
1990.0	38.0	13.9367890943	6.19608572016
1990.0	39.0	13.7170635198	5.22474033533
1990.0	40.0	4.61023822635	6.55240480113
1990.0	41.0	3.34744756859	7.61324761086
1990.0	42.0	5.72086260984	4.56914186551
1990.0	43.0	5.69413354092	4.96627177224
1990.0	44.0	3.11193711092	6.17794757538
1990.0	45.0	2.88105688566	7.04428264834
1990.0	46.0	-0.0300965106765	3.65483617281
1990.0	47.0	1.75864645603	6.00277128239
1990.0	48.0	1.10957205795	2.9183320309
1990.0	49.0	1.54102553268	3.5798969957
1990.0	50.0	0.958037179015	5.14836919942
1990.0	51.0	14.6483716299	5.45958157824
1990.0	52.0	14.5669216325	4.9972975462
2000.0	30.0	10.9822798854	6.79464449784
2000.0	36.0	5.92753934749	7.75644349069
2000.0	37.0	4.95540100613	7.89057029813
2000.0	38.0	14.3097332685	6.29083366065
2000.0	39.0	14.059069323	5.39371147352
2000.0	40.0	4.96466147096	6.35765840457
2000.0	41.0	3.67177430253	7.61324761086
2000.0	42.0	6.30111491708	4.47534856423
2000.0	43.0	6.29353817313	4.89395785292
2000.0	44.0	3.44257779814	6.07556252131
2000.0	45.0	3.2689440827	6.98151512102
2000.0	46.0	-0.180368598949	4.03000937796
2000.0	47.0	2.15432086213	5.9932248904
2000.0	48.0	0.924362761475	3.36701245436
2000.0	49.0	1.29162437777	3.97774288182
2000.0	50.0	1.53134413764	5.11877538425
2000.0	51.0	14.2274414107	5.37366405035
2000.0	52.0	14.0087681618	5.00779857739
2010.0	30.0	10.7486636137	6.87220893275
2010.0	36.0	6.21440329191	7.63711359083
2010.0	37.0	5.18817541738	7.83472390499
2010.0	38.0	14.7115111628	6.19322180256
2010.0	39.0	14.425699544	5.27820013046
2010.0	40.0	5.31929518068	6.1631506678
2010.0	41.0	4.00409871063	7.50585070099
2010.0	42.0	6.88157768943	4.38131660314
2010.0	43.0	6.89315327046	4.82164393361
2010.0	44.0	3.77700685734	6.00921509698
2010.0	45.0	3.65662081463	6.91850893389
2010.0	47.0	2.53357898967	5.9968047874
2010.0	48.0	0.738942999895	3.80352122803
2010.0	49.0	1.11925345299	4.34647227238
2010.0	50.0	2.1122278402	4.9946722884
2010.0	51.0	13.7515797978	5.3345238432
2010.0	52.0	13.4520879468	5.07486198111
2020.0	30.0	10.5228345511	6.98867491501
2020.0	36.0	6.52799630526	7.57339142431
2020.0	37.0	5.42094982862	7.77887751186
2020.0	38.0	15.1132890571	6.09560994448
2020.0	39.0	14.7923297649	5.1626887874
2020.0	40.0	5.67371842528	5.96840427123
2020.0	41.0	4.33726497916	7.38652080113
2020.0	42.0	7.48897999581	4.26580526008
2020.0	43.0	7.49255790267	4.7493300143
2020.0	44.0	4.11711847449	5.9970434472
2020.0	45.0	4.04429754656	6.85574140657
2020.0	47.0	2.90610223371	6.00587385979
2020.0	48.0	0.552681377877	4.13096247324
2020.0	49.0	0.966245318291	4.70804186895
2020.0	50.0	2.69311154277	4.87056919255
2020.0	51.0	13.1934263271	5.36578827696
2020.0	52.0	12.8964600574	5.17987229298
2020.0	53.0	14.8142181363	6.96982079083
2030.0	30.0	10.2967950233	7.10514089727
2030.0	36.0	6.84790327189	7.52375018597
2030.0	37.0	5.68339982033	7.75357957309
2030.0	39.0	15.1589599859	5.04717744434
2030.0	40.0	6.06139515722	5.80802488583
2030.0	41.0	4.67064171281	7.26719090127
2030.0	42.0	8.1142718365	4.13621298883
2030.0	43.0	8.08564858159	4.64073980543
2030.0	44.0	4.45701962654	5.98487179741
2030.0	45.0	4.39472195409	6.75264037309
2030.0	47.0	3.27231152446	6.03045581916
2030.0	48.0	0.366209290748	4.45816505865
2030.0	49.0	0.813237183593	5.06961146551
2030.0	50.0	3.26536617584	4.76579754048
2030.0	51.0	12.6392716935	5.4106563193
2030.0	52.0	12.3456728655	5.28058672846
2030.0	53.0	14.2617472236	7.01970068897
2040.0	30.0	10.0709659607	7.22160687953
2040.0	36.0	7.16802070363	7.47410894763
2040.0	37.0	5.96542306723	7.7488063771
2040.0	40.0	6.48232537647	5.68201251158
2040.0	41.0	5.02127658545	7.14189450642
2040.0	42.0	8.73977414231	4.00685937739
2040.0	43.0	8.67873926052	4.53238825636
2040.0	44.0	4.79692077859	5.97270014763
2040.0	45.0	4.74093705942	6.64476614362
2040.0	47.0	3.5837998867	6.19274448296
2040.0	48.0	0.17973720362	4.78536764405
2040.0	49.0	0.671594164815	5.4154295153
2040.0	50.0	3.83214871606	4.67415217739
2040.0	51.0	12.1204751982	5.5812980761
2040.0	52.0	11.8390833467	5.34239961659
2040.0	53.0	13.7054879388	7.05860223632
2050.0	30.0	9.8306148055	7.36599605836
2050.0	36.0	7.48813813537	7.42422904949
2050.0	37.0	6.24744631412	7.7440331811
2050.0	40.0	6.90325559572	5.55623879713
2050.0	41.0	5.41295215446	7.00275584319
2050.0	42.0	9.37222179673	3.88514287954
2050.0	43.0	9.27204040455	4.42379804749
2050.0	44.0	5.17154867372	5.90683004291
2050.0	45.0	5.08715216476	6.53689191415
2050.0	47.0	3.89528824895	6.35503314677
2050.0	48.0	0.0387255801711	5.13500425063
2050.0	49.0	0.541737192176	5.7454960183
2050.0	50.0	4.39872079117	4.5822681545
2050.0	51.0	11.6018891681	5.75170117309
2050.0	52.0	11.3322833627	5.40421250471
2050.0	53.0	13.1161856319	7.00132388439
2060.0	30.0	9.55637876766	7.5755393625
2060.0	36.0	7.80825556711	7.37458781115
2060.0	37.0	6.52946956102	7.73925998511
2060.0	40.0	7.32418581497	5.43022642288
2060.0	41.0	5.80483818858	6.86337852016
2060.0	42.0	10.0688613096	3.83574030099
2060.0	43.0	9.92869154658	4.36747433476
2060.0	44.0	5.58090331194	5.78750014305
2060.0	45.0	5.47272424559	6.39966252932
2060.0	47.0	4.24950102845	6.53713057395
2060.0	48.0	-0.0719790674919	5.499199105
2060.0	49.0	0.411669754428	6.07532386151
2060.0	50.0	5.00759635332	4.53954805035
2060.0	51.0	11.0915112773	5.90277282631
2060.0	52.0	10.8475822152	5.45910425865
2060.0	53.0	12.5268833249	6.94404553246
2070.0	30.0	9.28214272981	7.78532132645
2070.0	36.0	8.16604625347	7.26313368468
2070.0	37.0	6.81149280792	7.73448678911
2070.0	40.0	7.73880208093	5.33881971959
2070.0	41.0	6.19651375759	6.72423985693
2070.0	42.0	10.7657112876	3.78657638225
2070.0	43.0	10.6127031529	4.3333459834
2070.0	44.0	5.99004748505	5.66817024319
2070.0	45.0	5.86818818658	6.25503469069
2070.0	47.0	4.63212659775	6.73235429012
2070.0	49.0	0.282654642227	6.39870789012
2070.0	50.0	5.61647191547	4.497066606
2070.0	51.0	10.6004961765	6.00897643719
2070.0	52.0	10.3955031597	5.50325632159
2070.0	53.0	11.9365286924	6.94309089326
2080.0	30.0	9.00790669197	7.9951032904
2080.0	36.0	8.52383693983	7.15191821801
2080.0	37.0	7.13266256521	7.71109812874
2080.0	40.0	8.15278695156	5.2512315731
2080.0	41.0	6.56714281565	6.60944449326
2080.0	42.0	11.463403126	3.7517320515
2080.0	43.0	11.2967147592	4.29921763204
2080.0	44.0	6.39940212327	5.54884034334
2080.0	45.0	6.26365212757	6.11040685206
2080.0	47.0	5.03011612005	6.9144517173
2080.0	49.0	0.162268599521	6.6648135668
2080.0	50.0	6.22008584987	4.45744907925
2080.0	51.0	10.1092706106	6.11494138826
2080.0	52.0	9.94321363915	5.54740838454
2080.0	53.0	11.3457531297	6.97984450242
2090.0	30.0	8.71072995718	8.10751205607
