2060.0	30.0	9.56	7.58
2060.0	36.0	7.81	7.37
2060.0	37.0	6.53	7.74
2060.0	40.0	7.32	5.43
2060.0	41.0	5.80	6.86
2060.0	42.0	10.07	3.84
2060.0	43.0	9.93	4.37
2060.0	44.0	5.58	5.79
2060.0	45.0	5.47	6.40
2060.0	47.0	4.25	6.54
2060.0	48.0	-0.07	5.50
2060.0	49.0	0.41	6.08
2060.0	50.0	5.01	4.54
2060.0	51.0	11.09	5.90
2060.0	52.0	10.85	5.46
2060.0	53.0	12.53	6.94
2070.0	30.0	9.28	7.79
2070.0	36.0	8.17	7.26
2070.0	37.0	6.81	7.73
2070.0	40.0	7.74	5.34
2070.0	41.0	6.20	6.72
2070.0	42.0	10.77	3.79
2070.0	43.0	10.61	4.33
2070.0	44.0	5.99	5.67
2070.0	45.0	5.87	6.26
2070.0	47.0	4.63	6.73
2070.0	49.0	0.28	6.40
2070.0	50.0	5.62	4.50
2070.0	51.0	10.60	6.01
2070.0	52.0	10.40	5.50
2070.0	53.0	11.94	6.94
2080.0	30.0	9.01	8.00
2080.0	36.0	8.52	7.15
2080.0	37.0	7.13	7.71
2080.0	40.0	8.15	5.25
2080.0	41.0	6.57	6.61
2080.0	42.0	11.46	3.75
2080.0	43.0	11.30	4.30
2080.0	44.0	6.40	5.55
2080.0	45.0	6.26	6.11
2080.0	47.0	5.03	6.91
2080.0	49.0	0.16	6.66
2080.0	50.0	6.22	4.46
2080.0	51.0	10.11	6.11
2080.0	52.0	9.94	5.55
2080.0	53.0	11.35	6.98
2090.0	30.0	8.71	8.11
2090.0	36.0	8.88	7.04
2090.0	37.0	7.48	7.68
2090.0	40.0	8.57	5.16
2090.0	41.0	6.93	6.50
2090.0	42.0	12.16	3.78
2090.0	43.0	11.95	4.32
2090.0	44.0	6.81	5.39
2090.0	45.0	6.65	5.94
2090.0	47.0	5.45	7.08
2090.0	49.0	0.04	6.93
2090.0	50.0	6.80	4.43
2090.0	51.0	9.64	6.21
2090.0	52.0	9.54	5.66
2090.0	53.0	10.75	7.02
2100.0	30.0	8.41	8.22
2100.0	36.0	9.28	6.97
2100.0	37.0	7.83	7.64
2100.0	40.0	9.00	5.07
2100.0	41.0	7.29	6.40
2100.0	42.0	12.87	3.80
2100.0	43.0	12.61	4.34
2100.0	44.0	7.22	5.23
2100.0	45.0	7.02	5.76
2100.0	47.0	5.87	7.24
2100.0	49.0	-0.08	7.20
2100.0	50.0	7.39	4.40
2100.0	51.0	9.19	6.30
2100.0	52.0	9.15	5.80
2100.0	53.0	10.26	7.23
2110.0	30.0	8.12	8.33
2110.0	36.0	9.67	6.90
2110.0	37.0	8.17	7.60
2110.0	40.0	9.44	4.97
2110.0	41.0	7.57	6.21
2110.0	42.0	13.56	3.83
2110.0	43.0	13.26	4.37
2110.0	44.0	7.62	5.08
2110.0	45.0	7.39	5.57
2110.0	47.0	6.34	7.28
2110.0	50.0	7.99	4.34
2110.0	51.0	8.73	6.40
2110.0	52.0	8.78	5.97
2110.0	53.0	9.77	7.45
2120.0	30.0	7.83	8.36
2120.0	36.0	10.07	6.84
2120.0	37.0	8.55	7.54
2120.0	40.0	9.88	4.87
2120.0	41.0	7.76	5.92
2120.0	42.0	14.19	3.87
2120.0	43.0	13.90	4.43
2120.0	44.0	8.04	4.98
2120.0	45.0	7.74	5.40
2120.0	47.0	6.80	7.32
2120.0	50.0	8.62	4.25
2120.0	51.0	8.25	6.53
2120.0	52.0	8.43	6.23
2120.0	53.0	9.34	7.65
2130.0	30.0	7.54	8.32
2130.0	36.0	10.47	6.77
2130.0	37.0	8.94	7.45
2130.0	40.0	10.30	4.81
2130.0	41.0	7.96	5.71
2130.0	42.0	14.83	3.92
2130.0	43.0	14.54	4.49
2130.0	44.0	8.46	4.92
2130.0	45.0	8.04	5.34
2130.0	47.0	7.23	7.29
2130.0	50.0	9.24	4.16
2130.0	51.0	7.77	6.67
2130.0	52.0	8.09	6.35
2130.0	53.0	8.90	7.81
2140.0	30.0	7.26	8.29
2140.0	36.0	10.88	6.66
2140.0	37.0	9.33	7.37
2140.0	40.0	10.68	4.86
2140.0	41.0	8.18	5.58
2140.0	42.0	15.47	3.96
2140.0	43.0	15.17	4.56
2140.0	44.0	8.88	4.87
2140.0	45.0	8.36	5.27
2140.0	47.0	7.64	7.25
2140.0	50.0	9.86	4.12
2140.0	51.0	7.28	6.80
2140.0	52.0	7.67	6.43
2140.0	53.0	8.45	7.90
2150.0	30.0	6.96	8.26
2150.0	36.0	11.29	6.53
2150.0	37.0	9.72	7.28
2150.0	40.0	11.05	4.91
2150.0	41.0	8.47	5.61
2150.0	44.0	9.30	4.81
2150.0	45.0	8.82	5.26
2150.0	47.0	8.09	7.16
2150.0	50.0	10.48	4.10
2150.0	51.0	6.78	6.81
2150.0	52.0	7.13	6.47
2150.0	53.0	7.99	7.94
2160.0	30.0	6.64	8.29
2160.0	36.0	11.71	6.41
2160.0	37.0	10.14	7.18
2160.0	40.0	11.43	4.96
2160.0	41.0	8.78	5.71
2160.0	44.0	9.72	4.76
2160.0	45.0	9.29	5.25
2160.0	47.0	8.56	7.06
2160.0	50.0	11.10	4.09
2160.0	51.0	6.28	6.82
2160.0	52.0	6.57	6.46
2160.0	53.0	7.53	7.84
2170.0	30.0	6.32	8.32
2170.0	36.0	12.12	6.29
2170.0	37.0	10.59	7.05
2170.0	40.0	11.75	4.98
2170.0	41.0	9.19	5.80
2170.0	44.0	10.14	4.71
2170.0	45.0	9.73	5.27
2170.0	47.0	9.03	6.98
2170.0	50.0	11.72	4.08
2170.0	51.0	5.78	6.82
2170.0	52.0	5.99	6.33
2170.0	53.0	7.08	7.74
2180.0	30.0	6.00	8.35
2180.0	36.0	12.54	6.20
2180.0	37.0	11.05	6.92
2180.0	40.0	12.05	5.01
2180.0	41.0	9.67	5.87
2180.0	44.0	10.57	4.66
2180.0	45.0	10.17	5.29
2180.0	47.0	9.52	6.95
2180.0	50.0	12.33	4.07
2180.0	51.0	5.24	6.74
2180.0	52.0	5.40	6.20
2180.0	53.0	6.53	7.66
2190.0	30.0	5.68	8.38
2190.0	36.0	12.96	6.10
2190.0	37.0	11.50	6.79
2190.0	40.0	12.36	5.03
2190.0	41.0	10.15	5.94
2190.0	44.0	10.96	4.62
2190.0	45.0	10.60	5.31
2190.0	47.0	10.01	6.93
2190.0	50.0	12.95	4.06
2190.0	51.0	4.70	6.66
2190.0	52.0	4.80	6.13
2190.0	53.0	5.97	7.58
2200.0	30.0	5.37	8.41
2200.0	36.0	13.39	6.00
2200.0	37.0	11.95	6.66
2200.0	40.0	12.66	5.05
2200.0	41.0	10.61	5.94
2200.0	44.0	11.36	4.58
2200.0	45.0	11.06	5.32
2200.0	47.0	10.53	7.01
2200.0	50.0	13.58	4.07
2200.0	51.0	4.15	6.57
2200.0	52.0	4.21	6.08
2200.0	53.0	5.39	7.52
2210.0	30.0	5.11	8.46
2210.0	36.0	13.81	5.91
2210.0	37.0	12.42	6.58
2210.0	40.0	13.02	5.00
2210.0	41.0	11.07	5.90
2210.0	44.0	11.75	4.55
2210.0	45.0	11.52	5.32
2210.0	47.0	11.05	7.08
2210.0	50.0	14.25	4.15
2210.0	51.0	3.56	6.44
2210.0	52.0	3.62	6.04
2210.0	53.0	4.77	7.53
2220.0	30.0	4.96	8.55
2220.0	36.0	14.22	5.87
2220.0	37.0	12.89	6.50
2220.0	40.0	13.41	4.91
2220.0	41.0	11.52	5.86
2220.0	44.0	12.14	4.51
2220.0	45.0	11.98	5.32
2220.0	47.0	11.56	7.24
2220.0	50.0	14.91	4.22
2220.0	51.0	2.96	6.30
2220.0	52.0	2.99	5.88
2220.0	53.0	4.14	7.54
2230.0	30.0	4.80	8.65
2230.0	36.0	14.64	5.87
2230.0	37.0	13.36	6.43
2230.0	40.0	13.79	4.82
2230.0	41.0	11.94	5.86
2230.0	44.0	12.55	4.48
2230.0	45.0	12.43	5.32
2230.0	47.0	12.06	7.46
2230.0	51.0	2.38	6.16
2230.0	52.0	2.36	5.73
2230.0	53.0	3.52	7.55
2240.0	30.0	4.70	8.71
2240.0	36.0	15.05	5.87
2240.0	37.0	13.83	6.35
2240.0	40.0	14.18	4.74
2240.0	41.0	12.34	5.88
2240.0	44.0	12.96	4.46
2240.0	45.0	12.88	5.32
2240.0	47.0	12.53	7.66
2240.0	51.0	1.82	6.00
2240.0	52.0	1.74	5.56
2240.0	53.0	2.89	7.58
2250.0	30.0	4.71	8.72
2250.0	37.0	14.20	6.36
2250.0	40.0	14.60	4.71
2250.0	41.0	12.74	5.91
2250.0	44.0	13.37	4.43
2250.0	45.0	13.33	5.32
2250.0	47.0	12.97	7.84
2250.0	51.0	1.26	5.84
2250.0	52.0	1.14	5.40
2250.0	53.0	2.27	7.60
2260.0	30.0	4.73	8.73
2260.0	37.0	14.57	6.36
2260.0	40.0	15.04	4.72
2260.0	41.0	13.16	5.91
2260.0	44.0	13.77	4.42
2260.0	45.0	13.76	5.31
2260.0	47.0	13.41	8.02
2260.0	51.0	0.70	5.71
2260.0	52.0	0.54	5.25
2260.0	53.0	1.68	7.61
2270.0	30.0	4.74	8.75
2270.0	37.0	14.95	6.37
2270.0	41.0	13.58	5.88
2270.0	44.0	14.14	4.42
2270.0	45.0	14.16	5.27
2270.0	47.0	13.91	8.05
2270.0	51.0	0.15	5.59
2270.0	52.0	-0.07	5.12
2270.0	53.0	1.13	7.61
2280.0	30.0	4.76	8.76
2280.0	37.0	15.32	6.38
2280.0	41.0	14.01	5.86
2280.0	44.0	14.52	4.42
2280.0	45.0	14.57	5.23
2280.0	47.0	14.42	8.08
2280.0	53.0	0.58	7.61
2290.0	30.0	4.77	8.77
2290.0	41.0	14.44	5.83
2290.0	44.0	14.89	4.42
2290.0	45.0	14.97	5.19
2290.0	47.0	14.93	8.10
2290.0	53.0	0.03	7.61
2300.0	30.0	4.79	8.78
2300.0	41.0	14.89	5.81
2300.0	44.0	15.26	4.42
2310.0	30.0	4.80	8.79
2310.0	41.0	15.36	5.79
2320.0	30.0	4.81	8.80
2330.0	30.0	4.83	8.81
2340.0	30.0	4.84	8.82
2350.0	30.0	4.86	8.83
2360.0	30.0	4.85	8.83
2370.0	30.0	4.83	8.83
2380.0	30.0	4.81	8.82
2390.0	30.0	4.79	8.82
2400.0	30.0	4.77	8.82
2410.0	30.0	4.75	8.82
2420.0	30.0	4.74	8.81
2430.0	30.0	4.72	8.81
2440.0	30.0	4.70	8.81
2450.0	30.0	4.68	8.81
2460.0	30.0	4.58	8.78
2470.0	30.0	4.44	8.73
2480.0	30.0	4.29	8.69
2490.0	30.0	4.14	8.64
2490.0	54.0	0.35	4.52
2500.0	30.0	4.04	8.58
2500.0	54.0	1.06	4.54
2510.0	30.0	3.94	8.51
2510.0	54.0	1.77	4.56
2520.0	30.0	3.84	8.45
2520.0	54.0	2.44	4.59
2530.0	30.0	3.77	8.40
2530.0	54.0	3.11	4.63
2540.0	30.0	3.77	8.41
2540.0	54.0	3.78	4.66
2550.0	30.0	3.77	8.42
2550.0	54.0	4.45	4.70
2560.0	30.0	3.77	8.42
2560.0	54.0	5.13	4.73
2570.0	30.0	3.77	8.43
2570.0	54.0	5.82	4.75
2580.0	30.0	3.77	8.44
2580.0	54.0	6.51	4.78
2590.0	30.0	3.77	8.44
2590.0	54.0	7.20	4.80
2600.0	30.0	3.77	8.45
2600.0	54.0	7.89	4.83
2610.0	30.0	3.77	8.46
2610.0	54.0	8.58	4.84
2620.0	30.0	3.77	8.46
2620.0	54.0	9.26	4.80
2630.0	30.0	3.77	8.47
2630.0	54.0	9.94	4.77
2640.0	30.0	3.78	8.48
2640.0	54.0	10.62	4.73
2650.0	30.0	3.78	8.48
2650.0	54.0	11.30	4.70
2660.0	30.0	3.78	8.49
2660.0	54.0	11.97	4.66
2670.0	30.0	3.78	8.50
2670.0	54.0	12.64	4.64
2680.0	30.0	3.78	8.50
2680.0	54.0	13.31	4.61
2680.0	55.0	14.99	5.76
2690.0	30.0	3.78	8.51
2690.0	54.0	13.98	4.58
2690.0	55.0	14.43	5.81
2700.0	30.0	3.78	8.52
2700.0	54.0	14.64	4.55
2700.0	55.0	13.86	5.87
2710.0	30.0	3.78	8.52
2710.0	54.0	15.31	4.53
2710.0	55.0	13.30	5.92
2720.0	30.0	3.78	8.53
2720.0	55.0	12.69	5.96
2720.0	56.0	0.15	8.36
2730.0	30.0	3.78	8.54
2730.0	55.0	12.07	5.99
2730.0	56.0	0.40	8.17
2740.0	30.0	3.78	8.54
2740.0	55.0	11.44	6.01
2740.0	56.0	0.66	7.99
2750.0	30.0	3.78	8.55
2750.0	55.0	10.82	6.04
2750.0	56.0	0.91	7.81
2760.0	30.0	3.78	8.56
2760.0	55.0	10.26	6.01
2760.0	56.0	1.12	7.61
2770.0	30.0	3.79	8.56
2770.0	55.0	9.69	5.98
2770.0	56.0	1.30	7.40
2780.0	30.0	3.79	8.57
2780.0	55.0	9.13	5.95
2780.0	56.0	1.48	7.20
2790.0	30.0	3.79	8.58
2790.0	55.0	8.56	5.92
2790.0	56.0	1.66	6.99
2790.0	57.0	0.58	9.29
2800.0	30.0	3.79	8.58
2800.0	55.0	8.00	5.88
2800.0	56.0	1.94	6.81
2800.0	57.0	0.68	8.93
2810.0	30.0	3.79	8.59
2810.0	55.0	7.44	5.84
2810.0	56.0	2.22	6.63
2810.0	57.0	0.79	8.56
2820.0	30.0	3.81	8.59
2820.0	55.0	6.88	5.80
2820.0	56.0	2.50	6.45
2820.0	57.0	0.89	8.20
2830.0	30.0	3.85	8.59
2830.0	55.0	6.33	5.73
2830.0	56.0	2.74	6.31
2830.0	57.0	1.21	7.95
2840.0	30.0	3.89	8.59
2840.0	55.0	5.83	5.57
2840.0	56.0	2.89	6.28
2840.0	57.0	1.61	7.74
2850.0	30.0	3.93	8.59
2850.0	55.0	5.32	5.42
2850.0	56.0	3.05	6.24
2850.0	57.0	2.01	7.53
2860.0	30.0	3.97	8.59
2860.0	55.0	4.82	5.26
2860.0	56.0	3.01	6.25
2860.0	57.0	2.42	7.43
2870.0	30.0	4.01	8.59
2870.0	55.0	4.31	5.11
2870.0	56.0	2.88	6.28
2870.0	57.0	2.83	7.38
2880.0	30.0	4.05	8.59
2880.0	55.0	3.76	4.99
2880.0	56.0	2.76	6.31
2880.0	57.0	3.25	7.33
2890.0	30.0	4.09	8.59
2890.0	55.0	3.20	4.87
2890.0	56.0	2.63	6.34
2890.0	57.0	3.66	7.28
2890.0	58.0	15.03	5.64
2890.0	59.0	15.23	4.81
2900.0	30.0	4.14	8.56
2900.0	55.0	2.63	4.81
2900.0	56.0	2.51	6.37
2900.0	57.0	3.81	7.24
2900.0	58.0	14.42	5.72
2900.0	59.0	14.64	4.88
2910.0	30.0	4.18	8.54
2910.0	55.0	2.06	4.77
2910.0	56.0	2.38	6.40
2910.0	57.0	3.95	7.21
2910.0	58.0	13.81	5.81
2910.0	59.0	14.04	4.95
2920.0	30.0	4.23	8.51
2920.0	55.0	1.48	4.72
2920.0	56.0	2.18	6.50
2920.0	57.0	4.04	7.18
2920.0	58.0	13.20	5.89
2920.0	59.0	13.45	5.02
2930.0	30.0	4.27	8.48
2930.0	55.0	0.90	4.71
2930.0	56.0	1.81	6.78
2930.0	57.0	4.05	7.18
2930.0	58.0	12.60	5.98
2930.0	59.0	12.86	5.11
2940.0	30.0	4.32	8.46
2940.0	55.0	0.32	4.69
2940.0	56.0	1.44	7.06
2940.0	57.0	4.06	7.18
2940.0	58.0	12.00	6.07
2940.0	59.0	12.26	5.22
2950.0	30.0	4.36	8.43
2950.0	55.0	-0.25	4.67
2950.0	56.0	1.12	7.32
2950.0	57.0	4.07	7.18
2950.0	58.0	11.41	6.14
2950.0	59.0	11.67	5.32
2960.0	30.0	4.41	8.41
2960.0	56.0	0.80	7.58
2960.0	57.0	4.08	7.18
2960.0	58.0	10.86	6.16
2960.0	59.0	11.08	5.42
2970.0	30.0	4.45	8.38
2970.0	56.0	0.48	7.85
2970.0	57.0	4.09	7.18
2970.0	58.0	10.31	6.18
2970.0	59.0	10.50	5.46
2980.0	30.0	4.76	8.25
2980.0	56.0	0.29	8.12
2980.0	57.0	4.10	7.18
2980.0	58.0	9.77	6.21
2980.0	59.0	9.92	5.50
2980.0	60.0	15.11	8.04
2980.0	61.0	15.03	5.42
2980.0	62.0	14.76	4.51
2990.0	30.0	5.14	8.09
2990.0	56.0	0.13	8.39
2990.0	57.0	4.11	7.18
2990.0	58.0	9.22	6.16
2990.0	59.0	9.34	5.53
2990.0	60.0	14.68	7.83
2990.0	61.0	14.41	5.40
2990.0	62.0	14.13	4.51
3000.0	30.0	5.52	7.92
3000.0	56.0	-0.03	8.66
3000.0	57.0	4.12	7.18
3000.0	58.0	8.67	6.11
3000.0	59.0	8.76	5.50
3000.0	60.0	14.25	7.61
3000.0	61.0	13.80	5.38
3000.0	62.0	13.51	4.51
3010.0	30.0	5.92	7.71
3010.0	57.0	4.13	7.18
3010.0	58.0	8.13	6.07
3010.0	59.0	8.18	5.45
3010.0	60.0	13.78	7.46
3010.0	61.0	13.18	5.36
3010.0	62.0	12.88	4.51
3020.0	30.0	6.36	7.41
3020.0	57.0	4.14	7.17
3020.0	58.0	7.57	6.02
3020.0	59.0	7.60	5.41
3020.0	60.0	13.29	7.33
3020.0	61.0	12.54	5.32
3020.0	62.0	12.33	4.51
3020.0	63.0	-0.14	7.32
3030.0	30.0	6.79	7.11
3030.0	57.0	4.15	7.17
3030.0	58.0	6.99	5.94
3030.0	59.0	7.03	5.36
3030.0	60.0	12.80	7.22
3030.0	61.0	11.91	5.29
3030.0	62.0	11.77	4.50
3030.0	63.0	0.32	7.33
3040.0	30.0	7.11	6.75
3040.0	57.0	4.16	7.17
3040.0	58.0	6.41	5.87
3040.0	59.0	6.50	5.30
3040.0	60.0	12.27	7.15
3040.0	61.0	11.28	5.26
3040.0	62.0	11.22	4.49
3040.0	63.0	0.79	7.34
3050.0	30.0	7.34	6.33
3050.0	57.0	4.17	7.17
3050.0	58.0	5.83	5.80
3050.0	59.0	5.96	5.24
3050.0	60.0	11.74	7.09
3050.0	61.0	10.68	5.22
3050.0	62.0	10.66	4.49
3050.0	63.0	1.25	7.35
3050.0	64.0	-0.14	5.29
3050.0	65.0	-0.13	4.62
3060.0	30.0	7.58	5.92
3060.0	57.0	4.18	7.17
3060.0	58.0	5.29	5.79
3060.0	59.0	5.43	5.18
3060.0	60.0	11.21	7.02
3060.0	61.0	10.08	5.18
3060.0	62.0	10.13	4.47
3060.0	63.0	1.44	7.43
3060.0	64.0	0.32	5.20
3060.0	65.0	0.37	4.65
3070.0	30.0	7.54	5.39
3070.0	57.0	4.19	7.17
3070.0	58.0	4.76	5.79
3070.0	59.0	4.91	5.15
3070.0	60.0	10.68	6.98
3070.0	61.0	9.47	5.16
3070.0	62.0	9.63	4.45
3070.0	63.0	1.42	7.63
3070.0	64.0	0.77	5.11
3070.0	65.0	0.87	4.66
3080.0	30.0	7.50	4.86
3080.0	57.0	4.20	7.17
3080.0	58.0	4.22	5.78
3080.0	59.0	4.41	5.13
3080.0	60.0	10.14	6.95
3080.0	61.0	8.85	5.17
3080.0	62.0	9.09	4.44
3080.0	63.0	1.21	7.97
3080.0	64.0	1.23	5.01
3080.0	65.0	1.34	4.54
3090.0	30.0	7.39	4.42
3090.0	57.0	4.21	7.17
3090.0	58.0	3.70	5.80
3090.0	59.0	3.90	5.11
3090.0	60.0	9.61	6.92
3090.0	61.0	8.22	5.19
3090.0	62.0	8.49	4.44
3090.0	63.0	1.09	8.18
3090.0	64.0	1.69	4.90
3090.0	65.0	1.82	4.44
3100.0	30.0	7.25	4.03
3100.0	57.0	4.22	7.17
3100.0	58.0	3.20	5.86
3100.0	59.0	3.39	5.19
3100.0	60.0	9.07	6.89
3100.0	61.0	7.61	5.22
3100.0	62.0	7.92	4.44
3100.0	63.0	0.97	8.40
3100.0	64.0	2.16	4.80
3100.0	65.0	2.31	4.40
3110.0	30.0	7.11	3.63
3110.0	57.0	4.23	7.17
3110.0	58.0	2.70	5.91
3110.0	59.0	2.88	5.31
3110.0	60.0	8.57	6.82
3110.0	61.0	7.05	5.29
3110.0	62.0	7.35	4.45
3110.0	63.0	0.85	8.62
3110.0	64.0	2.56	4.72
3110.0	65.0	2.79	4.36
3120.0	30.0	7.13	3.57
3120.0	57.0	4.24	7.17
3120.0	58.0	2.19	5.97
3120.0	59.0	2.37	5.41
3120.0	60.0	8.08	6.74
3120.0	61.0	6.49	5.36
3120.0	62.0	6.78	4.46
3120.0	63.0	0.73	8.84
3120.0	64.0	2.95	4.66
3120.0	65.0	3.28	4.32
3130.0	30.0	7.14	3.52
3130.0	57.0	4.25	7.17
3130.0	58.0	1.69	6.01
3130.0	59.0	1.84	5.37
3130.0	60.0	7.59	6.66
3130.0	61.0	5.93	5.44
3130.0	62.0	6.23	4.56
3130.0	63.0	0.65	9.06
3130.0	64.0	3.34	4.60
3130.0	65.0	3.76	4.28
3140.0	30.0	7.15	3.46
3140.0	57.0	4.26	7.16
3140.0	58.0	1.17	6.00
3140.0	59.0	1.32	5.33
3140.0	60.0	7.10	6.57
3140.0	61.0	5.37	5.50
3140.0	62.0	5.69	4.71
3140.0	63.0	0.61	9.27
3140.0	64.0	3.69	4.57
3140.0	65.0	4.24	4.24
3140.0	66.0	-0.12	7.32
3150.0	30.0	7.16	3.45
3150.0	57.0	4.27	7.16
3150.0	58.0	0.66	5.99
3150.0	59.0	0.79	5.31
3150.0	60.0	6.63	6.44
3150.0	61.0	4.83	5.52
3150.0	62.0	5.15	4.84
3150.0	63.0	0.56	9.48
3150.0	64.0	4.03	4.54
3150.0	65.0	4.71	4.20
3150.0	66.0	0.38	7.58
3160.0	30.0	7.17	3.47
3160.0	57.0	4.28	7.16
3160.0	58.0	0.14	5.97
3160.0	59.0	0.27	5.35
3160.0	60.0	6.17	6.30
3160.0	61.0	4.29	5.54
3160.0	62.0	4.60	4.94
3160.0	63.0	0.51	9.69
3160.0	64.0	4.48	4.53
3160.0	65.0	5.13	4.21
3160.0	66.0	0.88	7.81
3170.0	30.0	7.17	3.49
3170.0	57.0	4.29	7.16
3170.0	59.0	-0.25	5.38
3170.0	60.0	5.70	6.16
3170.0	61.0	3.75	5.56
3170.0	62.0	4.04	5.00
3170.0	63.0	0.47	9.90
3170.0	64.0	4.94	4.53
3170.0	65.0	5.54	4.23
3170.0	66.0	1.25	7.88
3180.0	30.0	7.18	3.52
3180.0	57.0	4.30	7.16
3180.0	60.0	5.22	6.04
3180.0	61.0	3.20	5.52
3180.0	62.0	3.43	4.93
3180.0	63.0	0.42	10.11
3180.0	64.0	5.51	4.63
3180.0	65.0	5.96	4.24
3180.0	66.0	1.62	7.96
3190.0	30.0	7.19	3.54
3190.0	57.0	4.31	7.16
3190.0	60.0	4.72	5.92
3190.0	61.0	2.64	5.47
3190.0	62.0	2.82	4.86
3190.0	63.0	0.38	10.32
3190.0	64.0	6.09	4.75
3190.0	65.0	6.42	4.27
3190.0	66.0	1.99	8.01
3190.0	67.0	1.21	0.51
3200.0	30.0	7.20	3.56
3200.0	57.0	4.31	7.16
3200.0	60.0	4.22	5.81
3200.0	61.0	2.09	5.42
3200.0	62.0	2.24	4.81
3200.0	64.0	6.68	4.86
3200.0	65.0	6.94	4.31
3200.0	66.0	2.34	8.03
3200.0	67.0	1.10	1.28
3210.0	30.0	7.21	3.59
3210.0	57.0	4.29	7.16
3210.0	60.0	3.71	5.70
3210.0	61.0	1.54	5.41
3210.0	62.0	1.65	4.75
3210.0	64.0	7.22	4.91
3210.0	65.0	7.46	4.34
3210.0	66.0	2.70	8.06
3210.0	67.0	1.03	2.03
3210.0	68.0	3.02	3.18
3220.0	30.0	7.21	3.61
3220.0	57.0	4.28	7.17
3220.0	60.0	3.16	5.59
3220.0	61.0	1.01	5.46
3220.0	62.0	1.08	4.74
3220.0	64.0	7.75	4.96
3220.0	65.0	7.99	4.37
3220.0	66.0	3.10	8.04
3220.0	67.0	1.15	2.73
3220.0	68.0	2.89	3.59
3230.0	30.0	7.19	3.66
3230.0	57.0	4.27	7.17
3230.0	60.0	2.61	5.49
3230.0	61.0	0.48	5.50
3230.0	62.0	0.53	4.77
3230.0	64.0	8.29	5.02
3230.0	65.0	8.54	4.39
3230.0	66.0	3.54	8.00
3230.0	67.0	1.27	3.44
3230.0	68.0	2.75	3.99
3240.0	30.0	7.10	3.75
3240.0	57.0	4.26	7.17
3240.0	60.0	2.07	5.39
3240.0	61.0	-0.05	5.54
3240.0	62.0	-0.02	4.80
3240.0	64.0	8.84	5.04
3240.0	65.0	9.10	4.41
3240.0	66.0	3.98	7.96
3240.0	67.0	1.53	3.79
3240.0	68.0	2.60	4.42
3250.0	30.0	7.02	3.84
3250.0	57.0	4.25	7.17
3250.0	60.0	1.56	5.33
3250.0	64.0	9.41	5.04
3250.0	65.0	9.66	4.41
3250.0	66.0	4.42	7.92
3250.0	67.0	1.84	4.06
3250.0	68.0	2.43	4.91
3260.0	30.0	6.93	3.93
3260.0	57.0	4.24	7.17
3260.0	60.0	1.06	5.28
3260.0	64.0	9.97	5.04
3260.0	65.0	10.24	4.39
3260.0	66.0	4.89	7.87
3260.0	67.0	2.33	4.21
3260.0	68.0	2.24	5.39
3260.0	69.0	0.00	4.22
3260.0	70.0	-0.16	3.90
3270.0	30.0	6.92	3.98
3270.0	57.0	4.23	7.18
3270.0	60.0	0.56	5.24
3270.0	64.0	10.54	5.03
3270.0	65.0	10.81	4.38
3270.0	66.0	5.36	7.81
3270.0	67.0	2.93	4.27
3270.0	68.0	1.90	5.81
3270.0	69.0	0.51	4.28
3270.0	70.0	0.34	3.94
3280.0	30.0	6.95	3.99
3280.0	57.0	4.22	7.18
3280.0	60.0	0.06	5.19
3280.0	64.0	11.11	5.00
3280.0	65.0	11.39	4.36
3280.0	66.0	5.83	7.76
3280.0	67.0	3.54	4.32
3280.0	68.0	1.55	6.22
3280.0	69.0	1.02	4.34
3280.0	70.0	0.84	3.98
3290.0	30.0	6.98	4.01
3290.0	57.0	4.20	7.18
3290.0	64.0	11.69	4.97
3290.0	65.0	11.95	4.33
3290.0	66.0	6.34	7.73
3290.0	67.0	4.10	4.30
3290.0	68.0	1.17	6.54
3290.0	69.0	1.52	4.40
3290.0	70.0	1.34	4.02
3300.0	30.0	7.00	4.03
3300.0	57.0	4.19	7.18
3300.0	64.0	12.26	4.94
3300.0	65.0	12.52	4.30
3300.0	66.0	6.87	7.70
3300.0	67.0	4.66	4.27
3300.0	68.0	0.76	6.81
3300.0	69.0	2.01	4.46
3300.0	70.0	1.85	4.08
3310.0	30.0	7.03	4.05
3310.0	57.0	4.18	7.18
3310.0	64.0	12.83	4.93
3310.0	65.0	13.08	4.26
3310.0	66.0	7.39	7.67
3310.0	67.0	5.19	4.16
3310.0	68.0	0.35	7.08
3310.0	69.0	2.50	4.51
3310.0	70.0	2.35	4.16
3320.0	30.0	7.06	4.07
3320.0	57.0	4.17	7.18
3320.0	64.0	13.39	4.98
3320.0	65.0	13.63	4.26
3320.0	66.0	7.91	7.61
3320.0	67.0	5.72	4.03
3320.0	68.0	-0.06	7.35
3320.0	69.0	3.01	4.58
3320.0	70.0	2.86	4.23
3330.0	30.0	7.23	4.12
3330.0	57.0	4.16	7.19
3330.0	64.0	13.94	5.02
3330.0	65.0	14.17	4.27
3330.0	66.0	8.43	7.52
3330.0	67.0	6.14	3.95
3330.0	69.0	3.54	4.65
3330.0	70.0	3.38	4.26
3340.0	30.0	7.56	4.20
3340.0	57.0	4.15	7.19
3340.0	64.0	14.50	5.06
3340.0	65.0	14.70	4.28
3340.0	66.0	8.96	7.43
3340.0	67.0	6.53	3.87
3340.0	69.0	4.06	4.73
3340.0	70.0	3.91	4.28
3350.0	30.0	7.88	4.27
3350.0	57.0	4.14	7.19
3350.0	64.0	15.06	5.10
3350.0	65.0	15.24	4.30
3350.0	66.0	9.50	7.35
3350.0	67.0	6.95	3.89
3350.0	69.0	4.58	4.82
3350.0	70.0	4.44	4.30
3360.0	30.0	8.20	4.29
3360.0	57.0	4.13	7.19
3360.0	66.0	10.04	7.29
3360.0	67.0	7.39	3.95
3360.0	69.0	5.09	4.92
3360.0	70.0	4.97	4.32
3370.0	30.0	8.53	4.30
3370.0	57.0	4.12	7.19
3370.0	66.0	10.59	7.23
3370.0	67.0	7.75	4.16
3370.0	69.0	5.60	5.03
3370.0	70.0	5.50	4.41
3370.0	71.0	0.16	9.21
3380.0	30.0	8.85	4.32
3380.0	57.0	4.10	7.20
3380.0	66.0	11.11	7.27
3380.0	67.0	8.10	4.41
3380.0	69.0	6.10	5.13
3380.0	70.0	6.03	4.50
3380.0	71.0	0.43	8.96
3390.0	30.0	9.01	4.27
3390.0	57.0	4.09	7.20
3390.0	66.0	11.62	7.35
3390.0	67.0	8.39	4.50
3390.0	69.0	6.64	5.20
3390.0	70.0	6.55	4.59
3390.0	71.0	0.70	8.71
3400.0	30.0	9.15	4.22
3400.0	57.0	4.08	7.20
3400.0	66.0	12.13	7.44
3400.0	67.0	8.66	4.51
3400.0	69.0	7.17	5.26
3400.0	70.0	7.08	4.69
3400.0	71.0	1.00	8.42
3400.0	72.0	0.19	4.71
3410.0	30.0	9.20	4.20
3410.0	57.0	4.07	7.20
3410.0	66.0	12.62	7.73
3410.0	67.0	8.71	4.50
3410.0	69.0	7.70	5.33
3410.0	70.0	7.60	4.82
3410.0	71.0	1.31	8.10
3410.0	72.0	0.82	4.85
3420.0	30.0	9.20	4.20
3420.0	57.0	4.06	7.20
3420.0	66.0	13.09	8.04
3420.0	67.0	8.72	4.49
3420.0	69.0	8.23	5.39
3420.0	70.0	8.12	4.94
3420.0	71.0	1.62	7.78
3420.0	72.0	1.45	5.00
3430.0	30.0	9.20	4.20
3430.0	57.0	4.05	7.21
3430.0	66.0	13.54	8.21
3430.0	67.0	8.72	4.48
3430.0	69.0	8.77	5.44
3430.0	70.0	8.69	4.93
3430.0	71.0	2.00	7.60
3430.0	72.0	2.09	5.12
3440.0	30.0	9.21	4.20
3440.0	57.0	4.13	7.21
3440.0	66.0	13.98	8.32
3440.0	67.0	8.72	4.47
3440.0	69.0	9.30	5.48
3440.0	70.0	9.25	4.92
3440.0	71.0	2.38	7.41
3440.0	72.0	2.74	5.22
3450.0	30.0	9.21	4.21
3450.0	57.0	4.34	7.23
3450.0	66.0	14.42	8.40
3450.0	67.0	8.72	4.46
3450.0	69.0	9.84	5.53
3450.0	70.0	9.81	4.91
3450.0	71.0	2.76	7.23
3450.0	72.0	3.39	5.32
3460.0	30.0	9.21	4.21
3460.0	57.0	4.55	7.25
3460.0	66.0	14.87	8.42
3460.0	67.0	8.73	4.44
3460.0	69.0	10.42	5.49
3460.0	70.0	10.36	4.91
3460.0	71.0	3.20	7.01
3460.0	72.0	4.05	5.41
3470.0	30.0	9.21	4.21
3470.0	57.0	4.80	7.23
3470.0	66.0	15.31	8.43
3470.0	67.0	8.73	4.43
3470.0	69.0	11.00	5.44
3470.0	70.0	10.92	4.90
3470.0	71.0	3.65	6.79
3470.0	72.0	4.70	5.50
3480.0	30.0	9.21	4.21
3480.0	57.0	5.13	7.17
3480.0	67.0	8.73	4.42
3480.0	69.0	11.58	5.39
3480.0	70.0	11.48	4.89
3480.0	71.0	4.10	6.62
3480.0	72.0	5.36	5.59
3490.0	30.0	9.22	4.21
3490.0	57.0	5.46	7.11
3490.0	67.0	8.73	4.41
3490.0	69.0	12.15	5.35
3490.0	70.0	12.07	4.86
3490.0	71.0	4.56	6.54
3490.0	72.0	6.02	5.66
3500.0	30.0	9.22	4.21
3500.0	57.0	5.78	7.06
3500.0	67.0	8.74	4.40
3500.0	69.0	12.71	5.32
3500.0	70.0	12.66	4.82
3500.0	71.0	5.02	6.46
3500.0	72.0	6.68	5.72
3510.0	30.0	9.22	4.21
3510.0	57.0	6.11	7.00
3510.0	67.0	8.74	4.39
3510.0	69.0	13.27	5.29
3510.0	70.0	13.25	4.79
3510.0	71.0	5.50	6.36
3510.0	72.0	7.34	5.79
3520.0	30.0	9.22	4.21
3520.0	57.0	6.51	6.96
3520.0	67.0	8.74	4.38
3520.0	69.0	13.87	5.29
3520.0	70.0	13.84	4.79
3520.0	71.0	6.02	6.25
3520.0	72.0	7.94	5.92
3530.0	30.0	9.23	4.22
3530.0	57.0	7.00	6.93
3530.0	67.0	8.74	4.37
3530.0	69.0	14.50	5.32
3530.0	70.0	14.42	4.81
3530.0	71.0	6.54	6.14
3530.0	72.0	8.53	6.07
3540.0	30.0	9.23	4.22
3540.0	57.0	7.48	6.90
3540.0	67.0	8.74	4.35
3540.0	69.0	15.13	5.35
3540.0	70.0	15.00	4.84
3540.0	71.0	7.06	6.03
3540.0	72.0	9.12	6.23
3550.0	30.0	9.23	4.22
3550.0	57.0	7.97	6.87
3550.0	67.0	8.75	4.34
3550.0	71.0	7.60	5.92
3550.0	72.0	9.70	6.40
3560.0	30.0	9.23	4.22
3560.0	57.0	8.45	6.83
3560.0	67.0	8.75	4.33
3560.0	71.0	8.14	5.82
3560.0	72.0	10.23	6.64
3570.0	30.0	9.23	4.22
3570.0	57.0	8.90	6.75
3570.0	67.0	8.75	4.32
3570.0	71.0	8.68	5.72
3570.0	72.0	10.76	6.89
3580.0	30.0	9.24	4.22
3580.0	57.0	9.36	6.67
3580.0	67.0	8.75	4.31
3580.0	71.0	9.22	5.62
3580.0	72.0	11.29	7.13
3590.0	30.0	9.24	4.22
3590.0	57.0	9.81	6.59
3590.0	67.0	8.76	4.30
3590.0	71.0	9.76	5.53
3590.0	72.0	11.70	7.50
3600.0	30.0	9.33	4.24
3600.0	57.0	10.26	6.51
3600.0	67.0	8.88	4.17
3600.0	71.0	10.30	5.45
3600.0	72.0	12.05	7.93
3610.0	30.0	9.57	4.26
3610.0	57.0	10.75	6.44
3610.0	67.0	9.02	4.02
3610.0	71.0	10.85	5.36
3610.0	72.0	12.39	8.35
3620.0	30.0	9.81	4.29
3620.0	57.0	11.24	6.38
3620.0	67.0	9.53	3.93
3620.0	71.0	11.39	5.26
3620.0	72.0	12.58	8.80
3620.0	73.0	15.22	9.89
3630.0	30.0	10.24	4.36
3630.0	57.0	11.73	6.32
3630.0	67.0	10.08	3.84
3630.0	71.0	11.93	5.17
3630.0	72.0	12.76	9.25
3630.0	73.0	15.00	9.87
3640.0	30.0	10.70	4.43
3640.0	57.0	12.21	6.26
3640.0	67.0	10.67	3.85
3640.0	71.0	12.47	5.08
3640.0	72.0	12.95	9.69
3640.0	73.0	14.79	9.86
3650.0	30.0	11.16	4.50
3650.0	57.0	12.73	6.19
3650.0	67.0	11.26	3.89
3650.0	71.0	13.03	5.01
3650.0	72.0	13.10	10.14
3650.0	73.0	14.57	9.84
3660.0	30.0	11.69	4.59
3660.0	57.0	13.28	6.11
3660.0	67.0	11.86	3.92
3660.0	71.0	13.58	4.95
3660.0	72.0	13.25	10.58
3660.0	73.0	14.37	9.77
3670.0	30.0	12.21	4.68
3670.0	57.0	13.82	6.03
3670.0	67.0	12.42	3.99
3670.0	71.0	14.13	4.89
3670.0	72.0	13.39	11.03
3670.0	73.0	14.21	9.56
3680.0	30.0	12.73	4.77
3680.0	57.0	14.37	5.96
3680.0	67.0	12.95	4.08
3680.0	71.0	14.67	4.88
3680.0	72.0	13.54	11.47
3680.0	73.0	14.05	9.36
3690.0	30.0	13.26	4.81
3690.0	57.0	14.91	5.88
3690.0	67.0	13.48	4.17
3690.0	71.0	15.21	4.87
3690.0	72.0	13.65	11.88
3690.0	73.0	13.88	9.14
3700.0	30.0	13.79	4.85
3700.0	67.0	14.03	4.26
3700.0	72.0	13.77	12.30
3700.0	73.0	13.69	8.90
3710.0	30.0	14.31	4.89
3710.0	67.0	14.58	4.34
3710.0	72.0	13.88	12.71
3710.0	73.0	13.50	8.66
3720.0	30.0	14.82	4.95
3720.0	67.0	15.13	4.42
3720.0	73.0	13.32	8.42
3730.0	30.0	15.33	5.00
3730.0	73.0	13.01	8.14
3740.0	73.0	12.66	7.83
3750.0	73.0	12.31	7.52
3760.0	73.0	11.95	7.21
3770.0	73.0	11.50	7.03
3780.0	73.0	11.05	6.84
3790.0	73.0	10.56	6.77
3800.0	73.0	10.04	6.79
3810.0	73.0	9.52	6.82
3820.0	73.0	9.02	6.83
3830.0	73.0	8.53	6.84
3840.0	73.0	8.03	6.85
3850.0	73.0	7.50	6.89
3860.0	73.0	6.95	6.94
3870.0	73.0	6.40	6.99
3880.0	73.0	5.87	7.05
3890.0	73.0	5.35	7.10
3900.0	73.0	4.84	7.16
3910.0	73.0	4.33	7.22
3920.0	73.0	3.83	7.28
3930.0	73.0	3.35	7.34
3940.0	73.0	2.87	7.40
3950.0	73.0	2.39	7.46
3960.0	73.0	1.88	7.51
3970.0	73.0	1.37	7.56
3980.0	73.0	0.87	7.58
3990.0	73.0	0.39	7.55
3990.0	74.0	0.20	5.38
4000.0	73.0	-0.08	7.52
4000.0	74.0	0.77	5.42
4010.0	74.0	1.35	5.46
4020.0	74.0	1.91	5.49
4030.0	74.0	2.43	5.50
4030.0	75.0	15.09	8.09
4040.0	74.0	2.96	5.50
4040.0	75.0	14.72	8.04
4050.0	74.0	3.49	5.51
4050.0	75.0	14.36	7.98
4060.0	74.0	4.06	5.52
4060.0	75.0	14.00	7.93
4070.0	74.0	4.64	5.53
4070.0	75.0	13.68	7.88
4080.0	74.0	5.21	5.54
4080.0	75.0	13.35	7.83
4090.0	74.0	5.79	5.56
4090.0	75.0	13.03	7.78
4100.0	74.0	6.39	5.58
4100.0	75.0	12.69	7.63
4110.0	74.0	7.00	5.61
4110.0	75.0	12.35	7.48
4120.0	74.0	7.61	5.64
4120.0	75.0	12.02	7.33
4120.0	76.0	14.84	4.81
4120.0	77.0	14.81	4.03
4130.0	74.0	8.22	5.67
4130.0	75.0	11.69	7.22
4130.0	76.0	14.22	4.77
4130.0	77.0	14.20	4.03
4140.0	74.0	8.79	5.76
4140.0	75.0	11.37	7.11
4140.0	76.0	13.61	4.73
4140.0	77.0	13.60	4.03
4150.0	74.0	9.33	5.88
4150.0	75.0	11.04	7.00
4150.0	76.0	12.99	4.70
4150.0	77.0	13.02	4.02
4160.0	74.0	9.87	6.00
4160.0	75.0	10.72	7.00
4160.0	76.0	12.39	4.70
4160.0	77.0	12.44	4.01
4170.0	74.0	10.41	6.13
4170.0	75.0	10.39	7.05
4170.0	76.0	11.79	4.70
4170.0	77.0	11.87	3.99
4180.0	74.0	10.94	6.26
4180.0	75.0	10.06	7.10
4180.0	76.0	11.18	4.71
4180.0	77.0	11.24	3.99
4190.0	74.0	11.46	6.40
4190.0	75.0	9.73	7.16
4190.0	76.0	10.57	4.72
4190.0	77.0	10.58	3.99
4190.0	78.0	14.94	5.79
4190.0	79.0	15.18	4.94
4200.0	74.0	11.98	6.54
4200.0	75.0	9.41	7.22
4200.0	76.0	9.95	4.73
4200.0	77.0	9.91	3.99
4200.0	78.0	14.45	5.75
4200.0	79.0	14.62	4.96
4210.0	74.0	12.50	6.68
4210.0	75.0	9.08	7.28
4210.0	76.0	9.34	4.75
4210.0	77.0	9.26	4.02
4210.0	78.0	13.95	5.70
4210.0	79.0	14.07	4.99
4220.0	74.0	13.02	6.66
4220.0	75.0	8.74	7.31
4220.0	76.0	8.70	4.80
4220.0	77.0	8.64	4.10
4220.0	78.0	13.42	5.73
4220.0	79.0	13.51	5.01
4230.0	74.0	13.54	6.61
4230.0	75.0	8.40	7.32
4230.0	76.0	8.05	4.87
4230.0	77.0	8.01	4.19
4230.0	78.0	12.89	5.76
4230.0	79.0	12.98	5.08
4240.0	74.0	14.06	6.56
4240.0	75.0	8.06	7.34
4240.0	76.0	7.42	4.92
4240.0	77.0	7.40	4.25
4240.0	78.0	12.36	5.79
4240.0	79.0	12.45	5.15
4250.0	74.0	14.58	6.50
4250.0	75.0	7.72	7.35
4250.0	76.0	6.84	4.92
4250.0	77.0	6.81	4.25
4250.0	78.0	11.87	5.90
4250.0	79.0	11.91	5.21
4250.0	80.0	14.87	4.84
4260.0	74.0	15.10	6.45
4260.0	75.0	7.43	7.29
4260.0	76.0	6.25	4.93
4260.0	77.0	6.23	4.25
4260.0	78.0	11.39	6.02
4260.0	79.0	11.39	5.27
4260.0	80.0	14.35	4.92
4270.0	75.0	7.13	7.23
4270.0	76.0	5.67	4.94
4270.0	77.0	5.64	4.25
4270.0	78.0	10.91	6.14
4270.0	79.0	10.88	5.33
4270.0	80.0	13.83	4.99
4280.0	75.0	6.84	7.17
4280.0	76.0	5.08	4.91
4280.0	77.0	5.04	4.25
4280.0	78.0	10.44	6.27
4280.0	79.0	10.36	5.39
4280.0	80.0	13.28	5.11
4290.0	75.0	6.51	7.12
4290.0	76.0	4.48	4.88
4290.0	77.0	4.42	4.26
4290.0	78.0	9.98	6.40
4290.0	79.0	9.87	5.47
4290.0	80.0	12.70	5.29
4290.0	81.0	14.93	5.64
4300.0	75.0	6.17	7.07
4300.0	76.0	3.88	4.85
4300.0	77.0	3.80	4.26
4300.0	78.0	9.52	6.54
4300.0	79.0	9.41	5.57
4300.0	80.0	12.13	5.48
4300.0	81.0	14.45	5.75
4300.0	82.0	15.23	5.00
4310.0	75.0	5.83	7.02
4310.0	76.0	3.29	4.82
4310.0	77.0	3.18	4.27
4310.0	78.0	9.05	6.67
4310.0	79.0	8.95	5.67
4310.0	80.0	11.55	5.67
4310.0	81.0	13.97	5.85
4310.0	82.0	14.73	5.05
4310.0	83.0	15.02	5.52
4320.0	75.0	5.50	7.05
4320.0	76.0	2.73	4.81
4320.0	77.0	2.60	4.26
4320.0	78.0	8.61	6.78
4320.0	79.0	8.49	5.77
4320.0	80.0	10.98	5.88
4320.0	81.0	13.50	5.96
4320.0	82.0	14.23	5.11
4320.0	83.0	14.54	5.62
4330.0	75.0	5.17	7.08
4330.0	76.0	2.17	4.81
4330.0	77.0	2.03	4.25
4330.0	78.0	8.17	6.88
4330.0	79.0	8.00	5.88
4330.0	80.0	10.40	6.08
4330.0	81.0	13.04	6.07
4330.0	82.0	13.73	5.17
4330.0	83.0	14.06	5.71
4340.0	75.0	4.84	7.11
4340.0	76.0	1.61	4.80
4340.0	77.0	1.46	4.23
4340.0	78.0	7.74	6.99
4340.0	79.0	7.51	5.98
4340.0	80.0	9.86	6.31
4340.0	81.0	12.57	6.18
4340.0	82.0	13.23	5.27
4340.0	83.0	13.58	5.79
4350.0	75.0	4.50	7.14
4350.0	76.0	1.06	4.76
4350.0	77.0	0.91	4.21
4350.0	78.0	7.29	7.10
4350.0	79.0	7.02	6.08
4350.0	80.0	9.38	6.59
4350.0	81.0	12.12	6.32
4350.0	82.0	12.72	5.38
4350.0	83.0	13.09	5.83
4360.0	75.0	4.13	7.14
4360.0	76.0	0.52	4.70
4360.0	77.0	0.38	4.18
4360.0	78.0	6.81	7.20
4360.0	79.0	6.55	6.19
4360.0	80.0	8.89	6.86
4360.0	81.0	11.67	6.45
4360.0	82.0	12.21	5.48
4360.0	83.0	12.61	5.88
4370.0	75.0	3.76	7.14
4370.0	76.0	-0.02	4.65
4370.0	77.0	-0.16	4.14
4370.0	78.0	6.34	7.30
4370.0	79.0	6.11	6.30
4370.0	80.0	8.42	7.14
4370.0	81.0	11.21	6.59
4370.0	82.0	11.70	5.58
4370.0	83.0	12.12	5.92
4380.0	75.0	3.39	7.14
4380.0	78.0	5.87	7.41
4380.0	79.0	5.66	6.40
4380.0	80.0	7.96	7.43
4380.0	81.0	10.77	6.71
4380.0	82.0	11.19	5.68
4380.0	83.0	11.71	6.10
4390.0	75.0	3.03	7.13
4390.0	78.0	5.47	7.48
4390.0	79.0	5.22	6.52
4390.0	80.0	7.51	7.70
4390.0	81.0	10.35	6.82
4390.0	82.0	10.69	5.77
4390.0	83.0	11.31	6.28
4400.0	75.0	2.68	7.13
4400.0	78.0	5.07	7.56
4400.0	79.0	4.80	6.67
4400.0	80.0	7.02	7.89
4400.0	81.0	9.92	6.93
4400.0	82.0	10.25	5.83
4400.0	83.0	10.90	6.47
4410.0	75.0	2.34	7.12
4410.0	78.0	4.67	7.63
4410.0	79.0	4.38	6.82
4410.0	80.0	6.54	8.04
4410.0	81.0	9.49	7.04
4410.0	82.0	9.82	5.90
4410.0	83.0	10.48	6.65
4420.0	75.0	2.00	7.12
4420.0	78.0	4.24	7.70
4420.0	79.0	3.96	6.96
4420.0	80.0	6.10	8.12
4420.0	81.0	9.07	7.13
4420.0	82.0	9.39	5.97
4420.0	83.0	10.06	6.82
4430.0	75.0	1.66	7.11
4430.0	78.0	3.79	7.77
4430.0	79.0	3.58	7.05
4430.0	80.0	5.65	8.19
4430.0	81.0	8.65	7.20
4430.0	82.0	8.99	6.13
4430.0	83.0	9.64	7.00
4440.0	75.0	1.34	7.09
4440.0	78.0	3.35	7.84
4440.0	79.0	3.20	7.13
4440.0	80.0	5.13	8.19
4440.0	81.0	8.23	7.28
4440.0	82.0	8.59	6.28
4440.0	83.0	9.22	7.13
4450.0	75.0	1.02	7.07
4450.0	78.0	2.91	7.91
4450.0	79.0	2.82	7.22
4450.0	80.0	4.62	8.19
4450.0	81.0	7.81	7.36
4450.0	82.0	8.19	6.44
4450.0	83.0	8.82	7.20
4460.0	75.0	0.71	7.04
4460.0	78.0	2.53	7.97
4460.0	79.0	2.43	7.32
4460.0	80.0	4.16	8.19
4460.0	81.0	7.39	7.43
4460.0	82.0	7.80	6.58
4460.0	83.0	8.41	7.28
4470.0	75.0	0.39	7.01
4470.0	78.0	2.15	8.03
4470.0	79.0	2.03	7.44
4470.0	80.0	3.78	8.20
4470.0	81.0	6.98	7.51
4470.0	82.0	7.41	6.68
4470.0	83.0	8.00	7.35
4480.0	75.0	0.07	6.98
4480.0	78.0	1.77	8.09
4480.0	79.0	1.64	7.55
4480.0	80.0	3.39	8.21
4480.0	81.0	6.56	7.58
4480.0	82.0	7.02	6.78
4480.0	83.0	7.56	7.44
4490.0	75.0	-0.24	6.96
4490.0	78.0	1.44	8.20
4490.0	79.0	1.25	7.68
4490.0	80.0	3.06	8.20
4490.0	81.0	6.14	7.65
4490.0	82.0	6.66	6.89
4490.0	83.0	7.13	7.52
4500.0	78.0	1.10	8.31
4500.0	79.0	0.88	7.80
4500.0	80.0	2.77	8.19
4500.0	81.0	5.76	7.75
4500.0	82.0	6.33	7.02
4500.0	83.0	6.70	7.61
4500.0	84.0	-0.06	5.23
4500.0	85.0	0.06	9.83
4510.0	78.0	0.77	8.42
4510.0	79.0	0.50	7.92
4510.0	80.0	2.49	8.18
4510.0	81.0	5.38	7.85
4510.0	82.0	6.01	7.15
4510.0	83.0	6.31	7.69
4510.0	84.0	0.41	5.22
4510.0	85.0	0.12	9.72
4520.0	78.0	0.52	8.55
4520.0	79.0	0.15	8.05
4520.0	80.0	2.20	8.16
4520.0	81.0	4.99	7.94
4520.0	82.0	5.68	7.28
4520.0	83.0	5.98	7.77
4520.0	84.0	0.89	5.20
4520.0	85.0	0.18	9.62
4530.0	78.0	0.29	8.70
4530.0	79.0	-0.14	8.19
4530.0	80.0	1.87	8.10
4530.0	81.0	4.61	8.04
4530.0	82.0	5.36	7.38
4530.0	83.0	5.65	7.84
4530.0	84.0	1.37	5.18
4530.0	85.0	0.24	9.52
4540.0	78.0	0.07	8.85
4540.0	80.0	1.52	8.03
4540.0	81.0	4.29	8.06
4540.0	82.0	5.03	7.49
4540.0	83.0	5.32	7.92
4540.0	84.0	1.86	5.18
4540.0	85.0	0.30	9.41
4550.0	78.0	-0.15	9.00
4550.0	80.0	1.17	7.95
4550.0	81.0	3.97	8.07
4550.0	82.0	4.71	7.59
4550.0	83.0	4.98	7.98
4550.0	84.0	2.35	5.18
4550.0	85.0	0.38	9.24
4560.0	80.0	0.83	7.85
4560.0	81.0	3.66	8.09
4560.0	82.0	4.39	7.68
4560.0	83.0	4.64	8.05
4560.0	84.0	2.85	5.18
4560.0	85.0	0.46	9.07
4570.0	80.0	0.48	7.74
4570.0	81.0	3.34	8.11
4570.0	82.0	4.08	7.76
4570.0	83.0	4.30	8.11
4570.0	84.0	3.35	5.17
4570.0	85.0	0.54	8.90
4580.0	80.0	0.14	7.63
4580.0	81.0	3.04	8.13
4580.0	82.0	3.77	7.84
4580.0	83.0	3.96	8.18
4580.0	84.0	3.87	5.15
4580.0	85.0	0.60	8.71
4590.0	81.0	2.76	8.15
4590.0	82.0	3.46	7.92
4590.0	83.0	3.66	8.23
4590.0	84.0	4.39	5.12
4590.0	85.0	0.65	8.48
4600.0	81.0	2.49	8.17
4600.0	82.0	3.19	7.92
4600.0	83.0	3.39	8.28
4600.0	84.0	4.92	5.10
4600.0	85.0	0.70	8.25
4610.0	81.0	2.20	8.20
4610.0	82.0	2.92	7.92
4610.0	83.0	3.12	8.33
4610.0	84.0	5.43	5.14
4610.0	85.0	0.68	8.06
4620.0	81.0	1.91	8.26
4620.0	82.0	2.66	7.93
4620.0	83.0	2.85	8.37
4620.0	84.0	5.95	5.27
4620.0	85.0	0.63	7.89
4630.0	81.0	1.61	8.32
4630.0	82.0	2.41	7.95
4630.0	83.0	2.57	8.40
4630.0	84.0	6.46	5.39
4630.0	85.0	0.58	7.72
4640.0	81.0	1.31	8.37
4640.0	82.0	2.17	7.97
4640.0	83.0	2.29	8.44
4640.0	84.0	6.97	5.51
4640.0	85.0	0.46	7.56
4650.0	81.0	1.05	8.55
4650.0	82.0	1.92	7.99
4650.0	83.0	2.01	8.47
4650.0	84.0	7.49	5.61
4650.0	85.0	0.25	7.43
4660.0	81.0	0.79	8.75
4660.0	82.0	1.58	8.02
4660.0	83.0	1.72	8.51
4660.0	84.0	8.00	5.70
4660.0	85.0	0.04	7.30
4670.0	81.0	0.53	8.95
4670.0	82.0	1.23	8.05
4670.0	83.0	1.43	8.56
4670.0	84.0	8.51	5.78
4680.0	81.0	0.39	9.18
4680.0	82.0	0.88	8.08
4680.0	83.0	1.14	8.60
4680.0	84.0	9.03	5.87
4690.0	81.0	0.25	9.40
4690.0	82.0	0.56	8.22
4690.0	83.0	0.90	8.72
4690.0	84.0	9.54	5.91
4690.0	86.0	15.31	8.19
4700.0	81.0	0.12	9.63
4700.0	82.0	0.27	8.44
4700.0	83.0	0.71	8.87
4700.0	84.0	10.06	5.96
4700.0	86.0	14.81	8.11
4710.0	81.0	-0.02	9.85
4710.0	82.0	-0.02	8.66
4710.0	83.0	0.59	9.06
4710.0	84.0	10.57	6.00
4710.0	86.0	14.31	8.03
4720.0	83.0	0.46	9.26
4720.0	84.0	11.09	6.05
4720.0	86.0	13.82	7.92
4730.0	83.0	0.34	9.45
4730.0	84.0	11.62	6.13
4730.0	86.0	13.34	7.77
4740.0	83.0	0.21	9.62
4740.0	84.0	12.15	6.21
4740.0	86.0	12.86	7.62
4750.0	83.0	0.08	9.79
4750.0	84.0	12.68	6.29
4750.0	86.0	12.37	7.48
4760.0	83.0	-0.05	9.96
4760.0	84.0	13.20	6.33
4760.0	86.0	11.86	7.36
4770.0	84.0	13.69	6.27
4770.0	86.0	11.35	7.24
4780.0	84.0	14.18	6.22
4780.0	86.0	10.81	7.24
4780.0	87.0	15.15	5.39
4790.0	84.0	14.67	6.16
4790.0	86.0	10.26	7.25
4790.0	87.0	14.52	5.41
4800.0	84.0	15.16	6.10
4800.0	86.0	9.76	7.32
4800.0	87.0	13.88	5.43
4810.0	86.0	9.28	7.42
4810.0	87.0	13.24	5.45
4820.0	86.0	8.81	7.52
4820.0	87.0	12.61	5.51
4830.0	86.0	8.34	7.62
4830.0	87.0	11.99	5.57
4840.0	86.0	7.87	7.74
4840.0	87.0	11.36	5.64
4850.0	86.0	7.40	7.85
4850.0	87.0	10.75	5.68
4860.0	86.0	6.92	7.95
4860.0	87.0	10.17	5.67
4860.0	88.0	0.29	4.14
4870.0	86.0	6.44	8.03
4870.0	87.0	9.60	5.67
4870.0	88.0	0.69	4.07
4870.0	89.0	0.25	5.45
4870.0	90.0	0.29	4.73
4870.0	91.0	-0.18	6.57
4880.0	86.0	5.96	8.10
4880.0	87.0	9.02	5.66
4880.0	88.0	1.10	4.00
4880.0	89.0	0.73	5.49
4880.0	90.0	0.72	4.75
4880.0	91.0	0.38	6.61
4890.0	86.0	5.49	8.16
4890.0	87.0	8.44	5.67
4890.0	88.0	1.50	3.97
4890.0	89.0	1.20	5.53
4890.0	90.0	1.14	4.77
4890.0	91.0	0.94	6.64
4900.0	86.0	5.05	8.17
4900.0	87.0	7.86	5.69
4900.0	88.0	1.89	4.00
4900.0	89.0	1.66	5.56
4900.0	90.0	1.56	4.79
4900.0	91.0	1.51	6.68
4910.0	86.0	4.61	8.18
4910.0	87.0	7.27	5.72
4910.0	88.0	2.29	4.03
4910.0	89.0	2.09	5.55
4910.0	90.0	1.99	4.78
4910.0	91.0	2.08	6.72
4910.0	92.0	0.20	4.69
4920.0	86.0	4.17	8.19
4920.0	87.0	6.68	5.75
4920.0	88.0	2.68	4.05
4920.0	89.0	2.52	5.54
4920.0	90.0	2.42	4.76
4920.0	91.0	2.65	6.77
4920.0	92.0	0.73	4.72
4930.0	86.0	3.68	8.18
4930.0	87.0	6.11	5.74
4930.0	88.0	3.14	4.06
4930.0	89.0	2.94	5.51
4930.0	90.0	2.85	4.74
4930.0	91.0	3.22	6.81
4930.0	92.0	1.25	4.75
4930.0	93.0	15.09	9.09
4940.0	86.0	3.19	8.17
4940.0	87.0	5.55	5.72
4940.0	88.0	3.61	4.06
4940.0	89.0	3.36	5.39
4940.0	90.0	3.29	4.72
4940.0	91.0	3.80	6.85
4940.0	92.0	1.75	4.74
4940.0	93.0	14.88	9.07
4950.0	86.0	2.70	8.17
4950.0	87.0	4.98	5.70
4950.0	88.0	4.08	4.06
4950.0	89.0	3.77	5.27
4950.0	90.0	3.75	4.67
4950.0	91.0	4.37	6.84
4950.0	92.0	2.25	4.72
4950.0	93.0	14.67	9.04
4960.0	86.0	2.25	8.20
4960.0	87.0	4.41	5.69
4960.0	88.0	4.54	4.04
4960.0	89.0	4.14	5.16
4960.0	90.0	4.21	4.63
4960.0	91.0	4.95	6.83
4960.0	92.0	2.75	4.71
4960.0	93.0	14.45	8.98
4970.0	86.0	1.82	8.27
4970.0	87.0	3.82	5.73
4970.0	88.0	4.99	4.01
4970.0	89.0	4.53	5.10
4970.0	90.0	4.67	4.58
4970.0	91.0	5.52	6.83
4970.0	92.0	3.25	4.72
4970.0	93.0	14.20	8.86
4980.0	86.0	1.39	8.34
4980.0	87.0	3.24	5.78
4980.0	88.0	5.43	3.98
4980.0	89.0	4.99	5.18
4980.0	90.0	5.15	4.59
4980.0	91.0	6.12	6.75
4980.0	92.0	3.75	4.74
4980.0	93.0	13.94	8.73
4990.0	86.0	1.03	8.48
4990.0	87.0	2.65	5.82
4990.0	88.0	5.89	3.97
4990.0	89.0	5.48	5.24
4990.0	90.0	5.63	4.60
4990.0	91.0	6.73	6.66
4990.0	92.0	4.25	4.77
4990.0	93.0	13.69	8.61
5000.0	86.0	0.76	8.72
5000.0	87.0	2.06	5.81
5000.0	88.0	6.39	4.02
5000.0	89.0	6.05	5.29
5000.0	90.0	6.11	4.60
5000.0	91.0	7.34	6.58
5000.0	92.0	4.75	4.79
5000.0	93.0	13.48	8.41
5010.0	86.0	0.49	8.97
5010.0	87.0	1.46	5.74
5010.0	88.0	6.89	4.06
5010.0	89.0	6.63	5.33
5010.0	90.0	6.59	4.62
5010.0	91.0	7.93	6.47
5010.0	92.0	5.26	4.80
5010.0	93.0	13.29	8.17
5020.0	86.0	0.22	9.21
5020.0	87.0	0.86	5.67
5020.0	88.0	7.39	4.11
5020.0	89.0	7.16	5.33
5020.0	90.0	7.08	4.64
5020.0	91.0	8.48	6.32
5020.0	92.0	5.77	4.80
5020.0	93.0	13.10	7.94
5020.0	94.0	14.79	5.39
5030.0	86.0	0.15	9.46
5030.0	87.0	0.26	5.60
5030.0	88.0	7.89	4.10
5030.0	89.0	7.67	5.30
5030.0	90.0	7.57	4.67
5030.0	91.0	9.02	6.17
5030.0	92.0	6.29	4.80
5030.0	93.0	12.85	7.71
5030.0	94.0	14.19	5.38
5040.0	86.0	0.11	9.72
5040.0	87.0	-0.34	5.52
5040.0	88.0	8.39	4.06
5040.0	89.0	8.19	5.28
5040.0	90.0	8.06	4.69
5040.0	91.0	9.57	6.02
5040.0	92.0	6.80	4.80
5040.0	93.0	12.55	7.49
5040.0	94.0	13.58	5.37
5050.0	86.0	0.06	9.97
5050.0	88.0	8.89	4.01
5050.0	89.0	8.67	5.25
5050.0	90.0	8.55	4.69
5050.0	91.0	10.13	5.80
5050.0	92.0	7.28	4.74
5050.0	93.0	12.24	7.27
5050.0	94.0	13.01	5.40
5060.0	86.0	0.02	10.22
5060.0	88.0	9.39	3.96
5060.0	89.0	9.13	5.22
5060.0	90.0	9.04	4.68
5060.0	91.0	10.70	5.56
5060.0	92.0	7.76	4.66
5060.0	93.0	11.91	7.15
5060.0	94.0	12.48	5.47
5070.0	88.0	9.89	3.93
5070.0	89.0	9.60	5.19
5070.0	90.0	9.53	4.67
5070.0	91.0	11.26	5.34
5070.0	92.0	8.24	4.59
5070.0	93.0	11.58	7.04
5070.0	94.0	11.93	5.55
5080.0	88.0	10.41	3.90
5080.0	89.0	10.07	5.17
5080.0	90.0	10.02	4.65
5080.0	91.0	11.83	5.15
5080.0	92.0	8.71	4.51
5080.0	93.0	11.22	7.04
5080.0	94.0	11.37	5.66
5090.0	88.0	10.92	3.88
5090.0	89.0	10.54	5.16
5090.0	90.0	10.50	4.62
5090.0	91.0	12.43	5.00
5090.0	92.0	9.18	4.56
5090.0	93.0	10.87	7.04
5090.0	94.0	10.78	5.72
5100.0	88.0	11.43	3.86
5100.0	89.0	11.02	5.16
5100.0	90.0	10.97	4.60
5100.0	91.0	13.08	4.93
5100.0	92.0	9.65	4.61
5100.0	93.0	10.52	7.04
5100.0	94.0	10.14	5.69
5110.0	88.0	11.93	3.84
5110.0	89.0	11.51	5.16
5110.0	90.0	11.44	4.57
5110.0	91.0	13.73	4.85
5110.0	92.0	10.11	4.65
5110.0	93.0	10.24	7.03
5110.0	94.0	9.52	5.63
5120.0	88.0	12.41	3.83
5120.0	89.0	11.99	5.16
5120.0	90.0	11.92	4.57
5120.0	91.0	14.36	4.89
5120.0	92.0	10.58	4.70
5120.0	93.0	9.97	7.03
5120.0	94.0	8.89	5.54
5130.0	88.0	12.90	3.83
5130.0	89.0	12.51	5.19
5130.0	90.0	12.40	4.60
5130.0	91.0	14.97	5.00
5130.0	92.0	11.05	4.75
5130.0	93.0	9.71	7.02
5130.0	94.0	8.27	5.44
5140.0	88.0	13.38	3.82
5140.0	89.0	13.03	5.23
5140.0	90.0	12.88	4.62
5140.0	92.0	11.55	4.86
5140.0	93.0	9.45	7.01
5140.0	94.0	7.66	5.40
5140.0	95.0	0.12	7.93
5150.0	88.0	13.87	3.81
5150.0	89.0	13.54	5.27
5150.0	90.0	13.36	4.64
5150.0	92.0	12.05	4.97
5150.0	93.0	9.19	7.00
5150.0	94.0	7.05	5.36
5150.0	95.0	0.38	7.97
5160.0	88.0	14.37	3.81
5160.0	89.0	14.01	5.30
5160.0	90.0	13.84	4.68
5160.0	92.0	12.55	5.08
5160.0	93.0	8.91	7.01
5160.0	94.0	6.45	5.33
5160.0	95.0	0.65	8.01
5170.0	88.0	14.86	3.80
5170.0	89.0	14.48	5.33
5170.0	90.0	14.30	4.73
5170.0	92.0	13.05	5.19
5170.0	93.0	8.60	7.06
5170.0	94.0	5.83	5.30
5170.0	95.0	0.92	8.05
5180.0	88.0	15.36	3.79
5180.0	89.0	14.94	5.36
5180.0	90.0	14.77	4.78
5180.0	92.0	13.54	5.28
5180.0	93.0	8.29	7.12
5180.0	94.0	5.22	5.31
5180.0	95.0	1.19	8.09
5180.0	96.0	13.79	12.15
5190.0	89.0	15.41	5.38
5190.0	90.0	15.24	4.83
5190.0	92.0	14.04	5.35
5190.0	93.0	7.97	7.18
5190.0	94.0	4.60	5.32
5190.0	95.0	1.43	8.14
5190.0	96.0	13.72	11.68
5200.0	92.0	14.54	5.42
5200.0	93.0	7.66	7.23
5200.0	94.0	4.02	5.39
5200.0	95.0	1.64	8.21
5200.0	96.0	13.65	11.22
5200.0	97.0	0.34	5.36
5200.0	98.0	0.35	4.59
5210.0	92.0	15.03	5.50
5210.0	93.0	7.39	7.21
5210.0	94.0	3.48	5.53
5210.0	95.0	1.85	8.28
5210.0	96.0	13.53	10.75
5210.0	97.0	0.84	5.28
5210.0	98.0	0.80	4.55
5220.0	93.0	7.11	7.19
5220.0	94.0	2.94	5.67
5220.0	95.0	2.06	8.34
5220.0	96.0	13.42	10.28
5220.0	97.0	1.33	5.20
5220.0	98.0	1.25	4.51
5230.0	93.0	6.84	7.18
5230.0	94.0	2.39	5.77
5230.0	95.0	2.27	8.41
5230.0	96.0	13.28	9.85
5230.0	97.0	1.82	5.13
5230.0	98.0	1.72	4.46
5240.0	93.0	6.56	7.16
5240.0	94.0	1.83	5.73
5240.0	95.0	2.44	8.46
5240.0	96.0	13.13	9.45
5240.0	97.0	2.32	5.07
5240.0	98.0	2.24	4.41
5250.0	93.0	6.28	7.14
5250.0	94.0	1.27	5.69
5250.0	95.0	2.59	8.49
5250.0	96.0	12.97	9.06
5250.0	97.0	2.81	5.01
5250.0	98.0	2.76	4.35
5260.0	93.0	5.96	7.11
5260.0	94.0	0.68	5.57
5260.0	95.0	2.74	8.53
5260.0	96.0	12.75	8.67
5260.0	97.0	3.36	5.04
5260.0	98.0	3.28	4.29
5270.0	93.0	5.62	7.07
5270.0	94.0	0.08	5.42
5270.0	95.0	2.89	8.57
5270.0	96.0	12.49	8.28
5270.0	97.0	3.92	5.06
5270.0	98.0	3.81	4.25
5280.0	93.0	5.28	7.03
5280.0	95.0	3.04	8.61
5280.0	96.0	12.23	7.89
5280.0	97.0	4.47	5.08
5280.0	98.0	4.35	4.21
5290.0	93.0	4.94	7.00
5290.0	95.0	3.20	8.64
5290.0	96.0	11.84	7.65
5290.0	97.0	5.01	5.06
5290.0	98.0	4.89	4.18
5300.0	93.0	4.61	6.91
5300.0	95.0	3.36	8.66
5300.0	96.0	11.43	7.42
5300.0	97.0	5.56	5.03
5300.0	98.0	5.44	4.14
5310.0	93.0	4.29	6.82
5310.0	95.0	3.53	8.68
5310.0	96.0	10.92	7.38
5310.0	97.0	6.10	5.00
5310.0	98.0	5.97	4.12
5320.0	93.0	3.96	6.74
5320.0	95.0	3.69	8.71
5320.0	96.0	10.38	7.42
5320.0	97.0	6.65	4.97
5320.0	98.0	6.51	4.12
5330.0	93.0	3.63	6.65
5330.0	95.0	3.89	8.70
5330.0	96.0	9.84	7.45
5330.0	97.0	7.22	4.94
5330.0	98.0	7.04	4.11
5340.0	93.0	3.27	6.58
5340.0	95.0	4.09	8.68
5340.0	96.0	9.30	7.47
5340.0	97.0	7.79	4.90
5340.0	98.0	7.58	4.10
5350.0	93.0	2.92	6.51
5350.0	95.0	4.29	8.66
5350.0	96.0	8.76	7.49
5350.0	97.0	8.36	4.87
5350.0	98.0	8.14	4.15
5360.0	93.0	2.57	6.43
5360.0	95.0	4.49	8.64
5360.0	96.0	8.20	7.51
5360.0	97.0	8.94	4.91
5360.0	98.0	8.70	4.19
5360.0	99.0	0.18	5.21
5370.0	93.0	2.22	6.36
5370.0	95.0	4.65	8.64
5370.0	96.0	7.62	7.54
5370.0	97.0	9.53	4.94
5370.0	98.0	9.25	4.24
5370.0	99.0	0.78	5.27
5380.0	93.0	1.87	6.28
5380.0	95.0	4.82	8.63
5380.0	96.0	7.05	7.58
5380.0	97.0	10.11	4.98
5380.0	98.0	9.81	4.27
5380.0	99.0	1.37	5.32
5390.0	93.0	1.54	6.19
5390.0	95.0	4.98	8.63
5390.0	96.0	6.48	7.62
5390.0	97.0	10.70	4.95
5390.0	98.0	10.36	4.26
5390.0	99.0	1.97	5.35
5400.0	93.0	1.21	6.10
5400.0	95.0	5.14	8.62
5400.0	96.0	5.92	7.68
5400.0	97.0	11.28	4.91
5400.0	98.0	10.91	4.26
5400.0	99.0	2.56	5.39
5410.0	93.0	0.89	6.02
5410.0	95.0	5.30	8.61
5410.0	96.0	5.36	7.73
5410.0	97.0	11.86	4.87
5410.0	98.0	11.46	4.25
5410.0	99.0	3.16	5.42
5410.0	100.0	0.12	9.00
5420.0	93.0	0.56	5.93
5420.0	95.0	5.44	8.60
5420.0	96.0	4.81	7.78
5420.0	97.0	12.45	4.83
5420.0	98.0	12.02	4.24
5420.0	99.0	3.75	5.44
5420.0	100.0	0.39	8.71
5430.0	93.0	0.23	5.84
5430.0	95.0	5.58	8.59
5430.0	96.0	4.27	7.82
5430.0	97.0	13.01	4.80
5430.0	98.0	12.59	4.21
5430.0	99.0	4.35	5.43
5430.0	100.0	0.66	8.41
5440.0	93.0	-0.10	5.75
5440.0	95.0	5.73	8.57
5440.0	96.0	3.73	7.85
5440.0	97.0	13.56	4.77
5440.0	98.0	13.15	4.18
5440.0	99.0	4.94	5.42
5440.0	100.0	1.03	8.16
5440.0	101.0	0.34	7.62
5450.0	95.0	5.87	8.56
5450.0	96.0	3.22	7.93
5450.0	97.0	14.11	4.75
5450.0	98.0	13.72	4.15
5450.0	99.0	5.54	5.42
5450.0	100.0	1.42	7.91
5450.0	101.0	0.76	7.40
5460.0	95.0	6.01	8.55
5460.0	96.0	2.75	8.08
5460.0	97.0	14.66	4.72
5460.0	98.0	14.29	4.12
5460.0	99.0	6.19	5.52
5460.0	100.0	1.82	7.66
5460.0	101.0	1.18	7.18
5470.0	95.0	5.99	8.57
5470.0	96.0	2.28	8.22
5470.0	97.0	15.21	4.69
5470.0	98.0	14.87	4.10
5470.0	99.0	6.85	5.63
5470.0	100.0	2.21	7.50
5470.0	101.0	1.58	6.98
5480.0	95.0	5.92	8.59
5480.0	96.0	1.81	8.36
5480.0	98.0	15.44	4.07
5480.0	99.0	7.51	5.74
5480.0	100.0	2.59	7.35
5480.0	101.0	1.98	6.78
5490.0	95.0	5.85	8.62
5490.0	96.0	1.44	8.54
5490.0	99.0	8.13	5.87
5490.0	100.0	2.98	7.21
5490.0	101.0	2.38	6.59
5500.0	95.0	5.78	8.65
5500.0	96.0	1.08	8.72
5500.0	99.0	8.74	5.99
5500.0	100.0	3.39	7.08
5500.0	101.0	2.78	6.39
5510.0	95.0	5.67	8.65
5510.0	96.0	0.74	8.90
5510.0	99.0	9.35	6.12
5510.0	100.0	3.80	6.96
5510.0	101.0	3.22	6.20
5520.0	95.0	5.51	8.62
5520.0	96.0	0.56	9.10
5520.0	99.0	9.94	6.23
5520.0	100.0	4.22	6.85
5520.0	101.0	3.66	6.00
5520.0	102.0	15.29	5.75
5530.0	95.0	5.36	8.59
5530.0	96.0	0.38	9.30
5530.0	99.0	10.53	6.34
5530.0	100.0	4.63	6.73
5530.0	101.0	4.10	5.81
5530.0	102.0	14.69	5.69
5540.0	95.0	5.20	8.55
5540.0	96.0	0.20	9.51
5540.0	99.0	11.11	6.45
5540.0	100.0	4.94	6.65
5540.0	101.0	4.53	5.71
5540.0	102.0	14.08	5.63
5550.0	95.0	5.05	8.52
5550.0	96.0	0.02	9.71
5550.0	99.0	11.70	6.53
5550.0	100.0	5.24	6.58
5550.0	101.0	4.96	5.65
5550.0	102.0	13.47	5.57
5560.0	95.0	4.90	8.55
5560.0	99.0	12.32	6.50
5560.0	100.0	5.55	6.50
5560.0	101.0	5.40	5.58
5560.0	102.0	12.83	5.48
5570.0	95.0	4.77	8.59
5570.0	99.0	12.93	6.47
5570.0	100.0	5.85	6.46
5570.0	101.0	5.83	5.52
5570.0	102.0	12.19	5.40
5580.0	95.0	4.63	8.63
5580.0	99.0	13.55	6.41
5580.0	100.0	6.15	6.42
5580.0	101.0	6.22	5.53
5580.0	102.0	11.58	5.30
5590.0	95.0	4.49	8.67
5590.0	99.0	14.13	6.25
5590.0	100.0	6.46	6.39
5590.0	101.0	6.61	5.54
5590.0	102.0	10.97	5.19
5600.0	95.0	4.35	8.71
5600.0	99.0	14.72	6.08
5600.0	100.0	6.79	6.36
5600.0	101.0	6.99	5.56
5600.0	102.0	10.35	5.09
5610.0	95.0	4.20	8.73
5610.0	99.0	15.31	5.92
5610.0	100.0	7.16	6.33
5610.0	101.0	7.34	5.61
5610.0	102.0	9.71	5.03
5620.0	95.0	4.05	8.69
5620.0	100.0	7.53	6.30
5620.0	101.0	7.68	5.66
5620.0	102.0	9.06	4.98
5630.0	95.0	3.89	8.66
5630.0	100.0	7.89	6.28
5630.0	101.0	8.02	5.72
5630.0	102.0	8.42	4.96
5630.0	103.0	14.33	12.01
5630.0	104.0	13.69	12.12
5640.0	95.0	3.73	8.63
5640.0	100.0	8.31	6.24
5640.0	101.0	8.39	5.75
5640.0	102.0	7.81	5.01
5640.0	103.0	14.28	11.62
5640.0	104.0	13.59	11.80
5650.0	95.0	3.57	8.60
5650.0	100.0	8.72	6.19
5650.0	101.0	8.78	5.73
5650.0	102.0	7.19	5.07
5650.0	103.0	14.23	11.22
5650.0	104.0	13.50	11.48
5660.0	95.0	3.41	8.57
5660.0	100.0	9.14	6.15
5660.0	101.0	9.18	5.72
5660.0	102.0	6.58	5.13
5660.0	103.0	14.17	10.84
5660.0	104.0	13.43	11.14
5670.0	95.0	3.25	8.53
5670.0	100.0	9.57	6.11
5670.0	101.0	9.58	5.69
5670.0	102.0	5.97	5.16
5670.0	103.0	14.09	10.48
5670.0	104.0	13.37	10.78
5680.0	95.0	3.10	8.48
5680.0	100.0	10.01	6.07
5680.0	101.0	10.04	5.60
5680.0	102.0	5.37	5.16
5680.0	103.0	14.01	10.11
5680.0	104.0	13.32	10.42
5690.0	95.0	2.95	8.43
5690.0	100.0	10.45	6.03
5690.0	101.0	10.50	5.51
5690.0	102.0	4.77	5.16
5690.0	103.0	13.90	9.77
5690.0	104.0	13.26	10.06
5700.0	95.0	2.79	8.38
5700.0	100.0	10.93	5.99
5700.0	101.0	10.95	5.43
5700.0	102.0	4.17	5.16
5700.0	103.0	13.74	9.44
5700.0	104.0	13.18	9.74
5710.0	95.0	2.64	8.33
5710.0	100.0	11.44	5.95
5710.0	101.0	11.43	5.35
5710.0	102.0	3.56	5.13
5710.0	103.0	13.58	9.12
5710.0	104.0	13.09	9.42
5720.0	95.0	2.49	8.27
5720.0	100.0	11.95	5.91
5720.0	101.0	11.92	5.28
5720.0	102.0	2.93	5.06
5720.0	103.0	13.42	8.79
5720.0	104.0	12.99	9.11
5730.0	95.0	2.33	8.25
5730.0	100.0	12.49	5.86
5730.0	101.0	12.41	5.21
5730.0	102.0	2.29	4.99
5730.0	103.0	13.26	8.45
5730.0	104.0	12.84	8.84
5730.0	105.0	14.51	12.37
5740.0	95.0	2.18	8.24
5740.0	100.0	13.04	5.78
5740.0	101.0	12.90	5.14
5740.0	102.0	1.66	4.92
5740.0	103.0	13.10	8.11
5740.0	104.0	12.68	8.56
5740.0	105.0	14.55	12.06
5750.0	95.0	2.02	8.24
5750.0	100.0	13.60	5.71
5750.0	101.0	13.40	5.08
5750.0	102.0	1.09	4.92
5750.0	103.0	12.88	7.80
5750.0	104.0	12.52	8.33
5750.0	105.0	14.60	11.75
5760.0	95.0	1.87	8.23
5760.0	100.0	14.11	5.71
5760.0	101.0	13.91	5.01
5760.0	102.0	0.52	4.92
5760.0	103.0	12.51	7.56
5760.0	104.0	12.35	8.14
5760.0	105.0	14.64	11.44
5770.0	95.0	1.71	8.22
5770.0	100.0	14.61	5.72
5770.0	101.0	14.41	4.95
5770.0	102.0	-0.04	4.92
5770.0	103.0	12.14	7.31
5770.0	104.0	12.27	7.98
5770.0	105.0	14.66	11.15
5780.0	95.0	1.56	8.22
5780.0	100.0	15.11	5.73
5780.0	101.0	14.92	4.89
5780.0	103.0	11.82	7.08
5780.0	104.0	12.26	7.85
5780.0	105.0	14.69	10.85
5790.0	95.0	1.41	8.21
5790.0	103.0	11.65	6.93
5790.0	104.0	12.26	7.72
5790.0	105.0	14.70	10.56
5800.0	95.0	1.28	8.21
5800.0	103.0	11.49	6.77
5800.0	104.0	12.34	7.63
5800.0	105.0	14.67	10.23
5810.0	95.0	1.15	8.21
5810.0	103.0	11.70	6.65
5810.0	104.0	12.42	7.54
5810.0	105.0	14.63	9.90
5820.0	95.0	1.02	8.21
5820.0	103.0	11.98	6.53
5820.0	104.0	12.55	7.41
5820.0	105.0	14.60	9.59
5830.0	95.0	0.89	8.21
5830.0	103.0	12.40	6.38
5830.0	104.0	12.79	7.22
5830.0	105.0	14.59	9.32
5840.0	95.0	0.76	8.21
5840.0	103.0	12.82	6.24
5840.0	104.0	13.03	7.02
5840.0	105.0	14.57	9.06
5850.0	95.0	0.67	8.20
5850.0	103.0	13.25	6.13
5850.0	104.0	13.35	6.89
5850.0	105.0	14.55	8.79
5860.0	95.0	0.73	8.16
5860.0	103.0	13.71	6.06
5860.0	104.0	13.75	6.83
5860.0	105.0	14.55	8.53
5870.0	95.0	0.80	8.13
5870.0	103.0	14.16	5.99
5870.0	104.0	14.15	6.76
5870.0	105.0	14.57	8.26
5880.0	95.0	0.87	8.09
5880.0	103.0	14.61	5.92
5880.0	104.0	14.55	6.71
5880.0	105.0	14.59	8.00
5890.0	95.0	0.93	8.05
5890.0	103.0	15.07	5.85
5890.0	104.0	14.95	6.68
5890.0	105.0	14.61	7.73
5900.0	95.0	1.00	8.01
5900.0	104.0	15.35	6.64
5900.0	105.0	14.71	7.46
5910.0	95.0	1.12	8.00
5910.0	105.0	14.82	7.20
5920.0	95.0	1.29	8.01
5920.0	105.0	14.93	6.93
5930.0	95.0	1.45	8.02
5930.0	105.0	15.04	6.66
5940.0	95.0	1.62	8.03
5940.0	105.0	15.17	6.44
5950.0	95.0	1.79	8.04
5960.0	95.0	1.98	8.06
5970.0	95.0	2.19	8.10
5980.0	95.0	2.40	8.15
5990.0	95.0	2.61	8.19
6000.0	95.0	2.81	8.24
6010.0	95.0	2.97	8.26
6020.0	95.0	3.12	8.28
6020.0	106.0	14.98	4.44
6030.0	95.0	3.28	8.31
6030.0	106.0	14.41	4.46
6040.0	95.0	3.43	8.33
6040.0	106.0	13.85	4.47
6050.0	95.0	3.59	8.35
6050.0	106.0	13.29	4.50
6050.0	107.0	15.24	4.46
6060.0	95.0	3.77	8.35
6060.0	106.0	12.75	4.59
6060.0	107.0	14.74	4.55
6060.0	108.0	14.92	5.38
6070.0	95.0	3.95	8.35
6070.0	106.0	12.21	4.68
6070.0	107.0	14.23	4.64
6070.0	108.0	14.43	5.47
6080.0	95.0	4.12	8.35
6080.0	106.0	11.67	4.77
6080.0	107.0	13.72	4.73
6080.0	108.0	13.94	5.55
6090.0	95.0	4.30	8.35
6090.0	106.0	11.17	4.89
6090.0	107.0	13.21	4.83
6090.0	108.0	13.40	5.63
6100.0	95.0	4.48	8.35
6100.0	106.0	10.72	5.05
6100.0	107.0	12.70	4.94
6100.0	108.0	12.83	5.71
6110.0	95.0	4.64	8.35
6110.0	106.0	10.28	5.22
6110.0	107.0	12.19	5.05
6110.0	108.0	12.26	5.79
6120.0	95.0	4.81	8.34
6120.0	106.0	9.83	5.38
6120.0	107.0	11.69	5.14
6120.0	108.0	11.71	5.86
6130.0	95.0	4.97	8.34
6130.0	106.0	9.56	5.48
6130.0	107.0	11.19	5.23
6130.0	108.0	11.20	5.90
6140.0	95.0	5.13	8.33
6140.0	106.0	9.32	5.56
6140.0	107.0	10.69	5.32
6140.0	108.0	10.69	5.94
6150.0	95.0	5.30	8.33
6150.0	106.0	9.12	5.61
6150.0	107.0	10.25	5.42
6150.0	108.0	10.18	5.98
6160.0	95.0	5.39	8.35
6160.0	106.0	8.96	5.61
6160.0	107.0	9.87	5.52
6160.0	108.0	9.68	6.09
6170.0	95.0	5.46	8.38
6170.0	106.0	8.75	5.63
6170.0	107.0	9.49	5.62
6170.0	108.0	9.19	6.21
6180.0	95.0	5.52	8.41
6180.0	106.0	8.32	5.73
6180.0	107.0	9.10	5.77
6180.0	108.0	8.69	6.34
6190.0	95.0	5.59	8.43
6190.0	106.0	7.89	5.83
6190.0	107.0	8.71	5.92
6190.0	108.0	8.21	6.45
6200.0	95.0	5.60	8.45
6200.0	106.0	7.45	5.93
6200.0	107.0	8.31	6.06
6200.0	108.0	7.72	6.56
6210.0	95.0	5.56	8.45
6210.0	106.0	6.97	6.01
6210.0	107.0	7.85	6.18
6210.0	108.0	7.24	6.67
6210.0	109.0	14.95	9.25
6210.0	111.0	15.12	5.35
6210.0	112.0	-0.07	7.18
6210.0	113.0	-0.04	5.99
6220.0	95.0	5.52	8.45
6220.0	106.0	6.48	6.08
6220.0	107.0	7.39	6.30
6220.0	108.0	6.79	6.79
6220.0	109.0	14.64	8.98
6220.0	110.0	15.17	8.33
6220.0	111.0	14.79	5.35
6220.0	112.0	0.30	7.26
6220.0	113.0	0.38	6.13
6230.0	95.0	5.48	8.46
6230.0	106.0	5.99	6.15
6230.0	107.0	6.93	6.42
6230.0	108.0	6.35	6.90
6230.0	109.0	14.33	8.72
6230.0	110.0	14.85	8.17
6230.0	111.0	14.46	5.35
6230.0	112.0	0.66	7.34
6230.0	113.0	0.80	6.28
6240.0	95.0	5.43	8.46
6240.0	106.0	5.48	6.17
6240.0	107.0	6.45	6.54
6240.0	108.0	5.91	7.01
6240.0	109.0	14.00	8.52
6240.0	110.0	14.53	8.02
6240.0	111.0	14.14	5.33
6240.0	112.0	1.00	7.35
6240.0	113.0	1.22	6.39
6250.0	95.0	5.39	8.46
6250.0	106.0	4.94	6.16
6250.0	107.0	5.96	6.67
6250.0	108.0	5.47	7.13
6250.0	109.0	13.66	8.34
6250.0	110.0	14.21	7.86
6250.0	111.0	13.85	5.27
6250.0	112.0	1.33	7.35
6250.0	113.0	1.63	6.48
6260.0	95.0	5.35	8.46
6260.0	106.0	4.40	6.14
6260.0	107.0	5.47	6.79
6260.0	108.0	5.03	7.30
6260.0	109.0	13.31	8.16
6260.0	110.0	13.92	7.65
6260.0	111.0	13.66	5.20
6260.0	112.0	1.66	7.35
6260.0	113.0	2.04	6.56
6270.0	95.0	5.31	8.47
6270.0	106.0	3.88	6.16
6270.0	107.0	5.00	6.95
6270.0	108.0	4.59	7.46
6270.0	109.0	12.94	7.95
6270.0	110.0	13.64	7.44
6270.0	111.0	13.88	5.08
6270.0	112.0	1.98	7.33
6270.0	113.0	2.39	6.62
6280.0	95.0	5.27	8.47
6280.0	106.0	3.37	6.20
6280.0	107.0	4.53	7.12
6280.0	108.0	4.15	7.63
6280.0	109.0	12.57	7.74
6280.0	110.0	13.31	7.24
6280.0	111.0	14.18	4.76
6280.0	112.0	2.31	7.32
6280.0	113.0	2.74	6.67
6290.0	95.0	5.23	8.47
6290.0	106.0	2.86	6.24
6290.0	107.0	4.07	7.29
6290.0	108.0	3.71	7.79
6290.0	109.0	12.20	7.54
6290.0	110.0	12.86	7.06
6290.0	111.0	14.48	4.45
6290.0	112.0	2.63	7.30
6290.0	113.0	3.09	6.71
6300.0	95.0	5.09	8.48
6300.0	106.0	2.37	6.40
6300.0	107.0	3.60	7.46
6300.0	108.0	3.28	7.96
6300.0	109.0	11.83	7.44
6300.0	110.0	12.40	6.89
6300.0	111.0	14.92	4.23
6300.0	112.0	2.99	7.30
6300.0	113.0	3.44	6.73
6310.0	95.0	4.93	8.50
6310.0	106.0	1.89	6.63
6310.0	107.0	3.15	7.60
6310.0	108.0	2.84	8.13
6310.0	109.0	11.46	7.37
6310.0	110.0	11.94	6.75
6310.0	111.0	15.39	4.03
6310.0	112.0	3.35	7.30
6310.0	113.0	3.78	6.75
6310.0	114.0	15.01	4.94
6310.0	115.0	15.21	6.13
6320.0	95.0	4.77	8.51
6320.0	106.0	1.41	6.87
6320.0	107.0	2.69	7.75
6320.0	108.0	2.39	8.21
6320.0	109.0	11.09	7.30
6320.0	110.0	11.49	6.69
6320.0	112.0	3.72	7.36
6320.0	113.0	4.13	6.77
6320.0	114.0	14.61	5.05
6320.0	115.0	14.81	6.15
6330.0	95.0	4.62	8.52
6330.0	106.0	0.99	7.16
6330.0	107.0	2.22	7.88
6330.0	108.0	1.94	8.28
6330.0	109.0	10.73	7.36
6330.0	110.0	11.04	6.63
6330.0	112.0	4.09	7.46
6330.0	113.0	4.49	6.81
6330.0	114.0	14.20	5.17
6330.0	115.0	14.41	6.17
6340.0	95.0	4.46	8.54
6340.0	106.0	0.60	7.48
6340.0	107.0	1.74	7.94
6340.0	108.0	1.48	8.34
6340.0	109.0	10.37	7.42
6340.0	110.0	10.62	6.67
6340.0	112.0	4.46	7.56
6340.0	113.0	4.86	6.84
6340.0	114.0	13.74	5.23
6340.0	115.0	14.01	6.25
6350.0	95.0	4.30	8.53
6350.0	106.0	0.21	7.80
6350.0	107.0	1.26	8.01
6350.0	108.0	1.10	8.50
6350.0	109.0	10.00	7.48
6350.0	110.0	10.23	6.78
6350.0	112.0	4.85	7.68
6350.0	113.0	5.23	6.88
6350.0	114.0	13.28	5.28
6350.0	115.0	13.62	6.36
6360.0	95.0	4.14	8.51
6360.0	106.0	-0.18	8.12
6360.0	107.0	0.78	8.07
6360.0	108.0	0.75	8.69
6360.0	109.0	9.63	7.56
6360.0	110.0	9.83	6.88
6360.0	112.0	5.25	7.81
6360.0	113.0	5.60	6.92
6360.0	114.0	12.81	5.33
6360.0	115.0	13.24	6.48
6370.0	95.0	3.98	8.49
6370.0	107.0	0.43	8.21
6370.0	108.0	0.39	8.87
6370.0	109.0	9.27	7.64
6370.0	110.0	9.46	6.99
6370.0	112.0	5.65	7.94
6370.0	113.0	5.97	6.86
6370.0	114.0	12.38	5.35
6370.0	115.0	12.86	6.59
6380.0	95.0	3.83	8.47
6380.0	107.0	0.09	8.35
6380.0	108.0	0.10	9.07
6380.0	109.0	8.98	7.75
6380.0	110.0	9.11	7.09
6380.0	112.0	6.08	8.09
6380.0	113.0	6.34	6.80
6380.0	114.0	11.95	5.37
6380.0	115.0	12.48	6.71
6390.0	95.0	3.67	8.45
6390.0	107.0	-0.26	8.50
6390.0	108.0	0.07	9.30
6390.0	109.0	8.72	7.88
6390.0	110.0	8.76	7.19
6390.0	112.0	6.56	8.26
6390.0	113.0	6.72	6.74
6390.0	114.0	11.51	5.39
6390.0	115.0	12.17	6.64
6400.0	95.0	3.51	8.43
6400.0	108.0	0.05	9.53
6400.0	109.0	8.47	8.01
6400.0	110.0	8.42	7.28
6400.0	112.0	7.03	8.42
6400.0	113.0	7.10	6.66
6400.0	114.0	11.09	5.42
6400.0	115.0	11.86	6.57
6410.0	95.0	3.38	8.43
6410.0	108.0	0.02	9.77
6410.0	109.0	8.16	8.05
6410.0	110.0	8.11	7.33
6410.0	112.0	7.42	8.46
6410.0	113.0	7.49	6.56
6410.0	114.0	10.67	5.45
6410.0	115.0	11.69	6.53
6420.0	95.0	3.25	8.43
6420.0	108.0	-0.00	10.00
6420.0	109.0	7.84	8.09
6420.0	110.0	7.79	7.39
6420.0	112.0	7.82	8.50
6420.0	113.0	7.89	6.47
6420.0	114.0	10.25	5.48
6420.0	115.0	11.66	6.52
6430.0	95.0	3.13	8.44
6430.0	109.0	7.51	8.12
6430.0	110.0	7.48	7.44
6430.0	112.0	8.24	8.42
6430.0	113.0	8.27	6.38
6430.0	114.0	9.83	5.50
6430.0	115.0	11.63	6.51
6440.0	95.0	3.00	8.44
6440.0	109.0	7.15	8.15
6440.0	110.0	7.14	7.47
6440.0	112.0	8.67	8.27
6440.0	113.0	8.65	6.31
6440.0	114.0	9.42	5.50
6440.0	115.0	11.60	6.50
6450.0	95.0	2.87	8.45
6450.0	109.0	6.78	8.17
6450.0	110.0	6.80	7.50
6450.0	112.0	9.10	8.09
6450.0	113.0	9.02	6.24
6450.0	114.0	9.01	5.51
6450.0	115.0	11.57	6.49
6460.0	95.0	2.93	8.49
6460.0	109.0	6.41	8.18
6460.0	110.0	6.46	7.53
6460.0	112.0	9.53	7.91
6460.0	113.0	9.39	6.14
6460.0	114.0	8.64	5.55
6460.0	115.0	11.55	6.48
6470.0	95.0	3.01	8.54
6470.0	109.0	6.01	8.15
6470.0	110.0	6.12	7.56
6470.0	112.0	9.97	7.75
6470.0	113.0	9.74	5.96
6470.0	114.0	8.26	5.59
6470.0	115.0	11.52	6.47
6480.0	95.0	3.09	8.58
6480.0	109.0	5.62	8.13
6480.0	110.0	5.72	7.53
6480.0	112.0	10.40	7.59
6480.0	113.0	10.10	5.78
6480.0	114.0	7.89	5.62
6480.0	115.0	11.49	6.45
6490.0	95.0	3.16	8.63
6490.0	109.0	5.23	8.11
6490.0	110.0	5.29	7.48
6490.0	112.0	10.86	7.45
6490.0	113.0	10.46	5.62
6490.0	114.0	7.52	5.67
6490.0	115.0	11.46	6.44
6500.0	95.0	3.29	8.62
6500.0	109.0	4.84	8.07
6500.0	110.0	4.87	7.44
6500.0	112.0	11.37	7.36
6500.0	113.0	10.91	5.55
6500.0	114.0	7.20	5.80
6500.0	115.0	11.43	6.43
6510.0	95.0	3.42	8.60
6510.0	109.0	4.46	8.04
6510.0	110.0	4.44	7.39
6510.0	112.0	11.88	7.26
6510.0	113.0	11.35	5.49
6510.0	114.0	6.87	5.93
6510.0	115.0	11.40	6.42
6520.0	95.0	3.56	8.58
6520.0	109.0	4.08	8.00
6520.0	110.0	4.00	7.38
6520.0	112.0	12.38	7.14
6520.0	113.0	11.79	5.48
6520.0	114.0	6.54	6.07
6520.0	115.0	11.37	6.41
6530.0	95.0	3.69	8.56
6530.0	109.0	3.66	8.00
6530.0	110.0	3.56	7.39
6530.0	112.0	12.87	7.02
6530.0	113.0	12.23	5.59
6530.0	114.0	6.24	6.23
6530.0	115.0	11.35	6.40
6530.0	116.0	0.11	4.96
6530.0	117.0	0.06	5.49
6540.0	95.0	3.83	8.54
6540.0	109.0	3.24	8.00
6540.0	110.0	3.11	7.39
6540.0	112.0	13.36	6.90
6540.0	113.0	12.67	5.70
6540.0	114.0	5.96	6.41
6540.0	115.0	11.32	6.39
6540.0	116.0	0.66	5.02
6540.0	117.0	0.58	5.56
6550.0	95.0	3.96	8.46
6550.0	109.0	2.82	8.01
6550.0	110.0	2.67	7.40
6550.0	112.0	13.86	6.78
6550.0	113.0	13.13	5.76
6550.0	114.0	5.69	6.60
6550.0	115.0	11.29	6.38
6550.0	116.0	1.21	5.08
6550.0	117.0	1.11	5.63
6560.0	95.0	4.09	8.38
6560.0	109.0	2.40	8.02
6560.0	110.0	2.24	7.46
6560.0	112.0	14.35	6.67
6560.0	113.0	13.59	5.80
6560.0	114.0	5.42	6.77
6560.0	115.0	11.27	6.37
6560.0	116.0	1.71	5.11
6560.0	117.0	1.62	5.71
6570.0	95.0	4.23	8.31
6570.0	109.0	1.98	8.05
6570.0	110.0	1.82	7.51
6570.0	112.0	14.84	6.56
6570.0	113.0	14.05	5.84
6570.0	114.0	5.20	6.91
6570.0	115.0	11.24	6.36
6570.0	116.0	2.21	5.15
6570.0	117.0	2.14	5.80
6570.0	118.0	14.79	5.30
6570.0	119.0	14.97	4.66
6580.0	95.0	4.36	8.23
6580.0	109.0	1.55	8.16
6580.0	110.0	1.39	7.57
6580.0	112.0	15.33	6.45
6580.0	113.0	14.46	5.84
6580.0	114.0	4.97	7.05
6580.0	115.0	11.22	6.35
6580.0	116.0	2.75	5.16
6580.0	117.0	2.65	5.88
6580.0	118.0	14.26	5.30
6580.0	119.0	14.45	4.68
6580.0	120.0	-0.04	4.95
6580.0	121.0	0.03	4.43
6590.0	95.0	4.49	8.15
6590.0	109.0	1.12	8.27
6590.0	110.0	0.98	7.72
6590.0	113.0	14.86	5.83
6590.0	114.0	4.74	7.19
6590.0	115.0	11.20	6.35
6590.0	116.0	3.30	5.16
6590.0	117.0	3.18	5.89
6590.0	118.0	13.74	5.30
6590.0	119.0	13.93	4.71
6590.0	120.0	0.58	4.87
6590.0	121.0	0.56	4.33
6600.0	95.0	4.49	8.13
6600.0	109.0	0.73	8.39
6600.0	110.0	0.56	7.88
6600.0	113.0	15.25	5.82
6600.0	114.0	4.52	7.31
6600.0	115.0	11.18	6.34
6600.0	116.0	3.83	5.17
6600.0	117.0	3.70	5.89
6600.0	118.0	13.23	5.32
6600.0	119.0	13.41	4.73
6600.0	120.0	1.20	4.80
6600.0	121.0	1.08	4.23
6610.0	95.0	4.48	8.12
6610.0	109.0	0.48	8.57
6610.0	110.0	0.15	8.04
6610.0	114.0	4.31	7.43
6610.0	115.0	11.16	6.33
6610.0	116.0	4.33	5.21
6610.0	117.0	4.23	5.89
6610.0	118.0	12.73	5.35
6610.0	119.0	12.89	4.75
6610.0	120.0	1.78	4.74
6610.0	121.0	1.61	4.14
6620.0	95.0	4.47	8.12
6620.0	109.0	0.22	8.76
6620.0	114.0	4.25	7.47
6620.0	115.0	11.14	6.33
6620.0	116.0	4.83	5.24
6620.0	117.0	4.74	5.87
6620.0	118.0	12.23	5.37
6620.0	119.0	12.37	4.76
6620.0	120.0	2.32	4.68
6620.0	121.0	2.12	4.07
6630.0	95.0	4.45	8.11
6630.0	109.0	-0.03	8.94
6630.0	114.0	4.24	7.48
6630.0	115.0	11.12	6.32
6630.0	116.0	5.33	5.28
6630.0	117.0	5.24	5.82
6630.0	118.0	11.69	5.38
6630.0	119.0	11.85	4.78
6630.0	120.0	2.86	4.63
6630.0	121.0	2.64	4.01
6640.0	95.0	4.44	8.10
6640.0	114.0	4.23	7.49
6640.0	115.0	11.10	6.31
6640.0	116.0	5.85	5.35
6640.0	117.0	5.74	5.78
6640.0	118.0	11.15	5.39
6640.0	119.0	11.35	4.80
6640.0	120.0	3.43	4.57
6640.0	121.0	3.22	3.97
6650.0	95.0	4.43	8.09
6650.0	114.0	4.23	7.49
6650.0	115.0	11.08	6.31
6650.0	116.0	6.37	5.42
6650.0	117.0	6.19	5.81
6650.0	118.0	10.64	5.39
6650.0	119.0	10.84	4.82
6650.0	120.0	4.02	4.52
6650.0	121.0	3.83	3.94
6660.0	95.0	4.41	8.09
6660.0	114.0	4.22	7.50
6660.0	115.0	11.05	6.30
6660.0	116.0	6.89	5.48
6660.0	117.0	6.64	5.84
6660.0	118.0	10.17	5.37
6660.0	119.0	10.33	4.84
6660.0	120.0	4.60	4.46
6660.0	121.0	4.44	3.91
6670.0	95.0	4.40	8.08
6670.0	114.0	4.22	7.50
6670.0	115.0	11.03	6.29
6670.0	116.0	7.36	5.56
6670.0	117.0	7.12	5.91
6670.0	118.0	9.71	5.36
6670.0	119.0	9.86	4.81
6670.0	120.0	5.20	4.43
6670.0	121.0	5.02	3.87
6680.0	95.0	4.39	8.07
6680.0	114.0	4.21	7.51
6680.0	115.0	11.01	6.29
6680.0	116.0	7.82	5.63
6680.0	117.0	7.61	5.98
6680.0	118.0	9.23	5.35
6680.0	119.0	9.38	4.78
6680.0	120.0	5.80	4.42
6680.0	121.0	5.53	3.79
6690.0	95.0	4.37	8.06
6690.0	114.0	4.20	7.52
6690.0	115.0	10.99	6.28
6690.0	116.0	8.27	5.68
6690.0	117.0	8.08	6.06
6690.0	118.0	8.73	5.37
6690.0	119.0	8.90	4.75
6690.0	120.0	6.39	4.41
6690.0	121.0	6.05	3.71
6700.0	95.0	4.36	8.06
6700.0	114.0	4.20	7.52
6700.0	115.0	10.89	6.29
6700.0	116.0	8.69	5.67
6700.0	117.0	8.54	6.14
6700.0	118.0	8.23	5.39
6700.0	119.0	8.41	4.80
6700.0	120.0	6.89	4.36
6700.0	121.0	6.57	3.63
6710.0	95.0	4.35	8.05
6710.0	114.0	4.19	7.53
6710.0	115.0	10.78	6.32
6710.0	116.0	9.12	5.63
6710.0	117.0	8.99	6.17
6710.0	118.0	7.73	5.42
6710.0	119.0	7.92	4.84
6710.0	120.0	7.40	4.30
6710.0	121.0	6.99	3.40
6720.0	95.0	4.33	8.04
6720.0	114.0	4.19	7.53
6720.0	115.0	10.66	6.34
6720.0	116.0	9.59	5.52
6720.0	117.0	9.44	6.03
6720.0	118.0	7.23	5.47
6720.0	119.0	7.43	4.89
6720.0	120.0	7.92	4.21
6720.0	121.0	7.41	3.17
6720.0	122.0	0.35	4.02
6730.0	95.0	4.32	8.03
6730.0	114.0	4.18	7.54
6730.0	115.0	10.60	6.35
6730.0	116.0	10.05	5.41
6730.0	117.0	9.89	5.90
6730.0	118.0	6.73	5.51
6730.0	119.0	6.94	4.88
6730.0	120.0	8.46	4.05
6730.0	121.0	7.89	2.86
6730.0	122.0	0.79	3.94
6740.0	95.0	4.31	8.03
6740.0	114.0	4.17	7.55
6740.0	115.0	10.59	6.35
6740.0	116.0	10.53	5.33
6740.0	117.0	10.38	5.78
6740.0	118.0	6.23	5.56
6740.0	119.0	6.46	4.86
6740.0	120.0	8.94	3.77
6740.0	121.0	8.32	2.55
6740.0	122.0	1.23	3.88
6740.0	123.0	0.06	4.82
6750.0	95.0	4.29	8.02
6750.0	114.0	4.17	7.55
6750.0	115.0	10.58	6.36
6750.0	116.0	11.03	5.30
6750.0	117.0	10.89	5.69
6750.0	118.0	5.78	5.56
6750.0	119.0	5.97	4.85
6750.0	120.0	9.26	3.22
6750.0	121.0	8.54	2.32
6750.0	122.0	1.66	3.86
6750.0	123.0	0.47	4.86
6750.0	124.0	0.25	5.62
6760.0	95.0	4.28	8.01
6760.0	114.0	4.16	7.56
6760.0	115.0	10.57	6.36
6760.0	116.0	11.52	5.27
6760.0	117.0	11.42	5.63
6760.0	118.0	5.33	5.56
6760.0	119.0	5.52	4.87
6760.0	120.0	9.50	2.68
6760.0	121.0	8.75	2.08
6760.0	122.0	2.10	3.83
6760.0	123.0	0.87	4.91
6760.0	124.0	0.66	5.58
6770.0	95.0	4.27	8.00
6770.0	114.0	4.15	7.56
6770.0	115.0	10.56	6.37
6770.0	116.0	12.03	5.25
6770.0	117.0	11.95	5.57
6770.0	118.0	4.88	5.56
6770.0	119.0	5.07	4.89
6770.0	120.0	9.61	2.17
6770.0	121.0	8.86	1.86
6770.0	122.0	2.55	3.82
6770.0	123.0	1.26	4.93
6770.0	124.0	1.08	5.54
6780.0	95.0	4.25	8.00
6780.0	114.0	4.15	7.57
6780.0	115.0	10.55	6.37
6780.0	116.0	12.58	5.25
6780.0	117.0	12.50	5.60
6780.0	118.0	4.46	5.54
6780.0	119.0	4.63	4.92
6780.0	120.0	9.69	1.75
6780.0	121.0	8.96	1.64
6780.0	122.0	3.02	3.81
6780.0	123.0	1.61	4.89
6780.0	124.0	1.47	5.50
6790.0	95.0	4.24	7.99
6790.0	114.0	4.14	7.58
6790.0	115.0	10.54	6.37
6790.0	116.0	13.13	5.25
6790.0	117.0	13.05	5.65
6790.0	118.0	4.12	5.47
6790.0	119.0	4.22	4.92
6790.0	120.0	9.72	1.47
6790.0	121.0	9.01	1.54
6790.0	122.0	3.49	3.80
6790.0	123.0	1.96	4.85
6790.0	124.0	1.75	5.46
6800.0	95.0	4.23	7.98
6800.0	114.0	4.14	7.58
6800.0	115.0	10.53	6.38
6800.0	116.0	13.65	5.26
6800.0	117.0	13.56	5.69
6800.0	118.0	3.78	5.39
6800.0	119.0	3.94	4.80
6800.0	120.0	9.74	1.20
6800.0	121.0	9.03	1.48
6800.0	122.0	3.95	3.82
6800.0	123.0	2.33	4.58
6800.0	124.0	2.04	5.42
6810.0	95.0	4.21	7.97
6810.0	114.0	4.13	7.59
6810.0	115.0	10.52	6.38
6810.0	116.0	14.12	5.29
6810.0	117.0	14.04	5.72
6810.0	118.0	3.44	5.30
6810.0	119.0	3.65	4.70
6810.0	120.0	9.74	1.13
6810.0	121.0	9.06	1.41
6810.0	122.0	4.39	3.86
6810.0	123.0	2.70	4.28
6810.0	124.0	2.34	5.63
6820.0	95.0	4.20	7.97
6820.0	114.0	4.12	7.59
6820.0	115.0	10.51	6.38
6820.0	116.0	14.59	5.33
6820.0	117.0	14.52	5.74
6820.0	118.0	3.08	5.18
6820.0	119.0	3.28	4.66
6820.0	120.0	9.74	1.09
6820.0	121.0	9.08	1.34
6820.0	122.0	4.83	3.91
6820.0	123.0	3.03	4.06
6820.0	124.0	2.66	5.79
6830.0	95.0	4.19	7.96
6830.0	114.0	4.12	7.60
6830.0	115.0	10.50	6.39
6830.0	116.0	15.06	5.36
6830.0	117.0	14.99	5.77
6830.0	118.0	2.71	5.06
6830.0	119.0	2.90	4.63
6830.0	120.0	9.74	1.04
6830.0	121.0	9.10	1.27
6830.0	122.0	5.26	3.96
6830.0	123.0	3.38	3.96
6830.0	124.0	3.05	5.83
6840.0	95.0	4.17	7.95
6840.0	114.0	4.11	7.61
6840.0	115.0	10.49	6.39
6840.0	118.0	2.21	5.04
6840.0	119.0	2.52	4.60
6840.0	120.0	9.74	1.00
6840.0	121.0	9.13	1.21
6840.0	122.0	5.69	4.01
6840.0	123.0	3.79	4.00
6840.0	124.0	3.44	5.83
6850.0	95.0	4.16	7.95
6850.0	114.0	4.11	7.61
6850.0	115.0	10.48	6.40
6850.0	118.0	1.70	5.01
6850.0	119.0	2.04	4.53
6850.0	120.0	9.74	0.96
6850.0	121.0	9.14	0.92
6850.0	122.0	6.11	4.07
6850.0	123.0	4.22	4.06
6850.0	124.0	3.84	5.80
6860.0	95.0	4.16	7.96
6860.0	114.0	4.12	7.61
6860.0	115.0	10.47	6.40
6860.0	118.0	1.19	4.99
6860.0	119.0	1.56	4.47
6860.0	120.0	9.77	0.80
6860.0	121.0	9.15	0.59
6860.0	122.0	6.54	4.13
6860.0	123.0	4.65	4.12
6860.0	124.0	4.25	5.75
6870.0	95.0	4.15	7.96
6870.0	114.0	4.14	7.60
6870.0	115.0	10.46	6.40
6870.0	118.0	0.68	4.97
6870.0	119.0	1.08	4.40
6870.0	120.0	9.84	0.46
6870.0	121.0	9.15	0.25
6870.0	122.0	6.96	4.18
6870.0	123.0	5.09	4.18
6870.0	124.0	4.67	5.65
6880.0	95.0	4.15	7.97
6880.0	114.0	4.15	7.60
6880.0	115.0	10.45	6.41
6880.0	118.0	0.18	4.95
6880.0	119.0	0.59	4.35
6880.0	120.0	9.91	0.12
6880.0	122.0	7.36	4.20
6880.0	123.0	5.51	4.25
6880.0	124.0	5.09	5.55
6880.0	125.0	15.01	4.92
6880.0	126.0	15.23	4.32
6890.0	95.0	4.14	7.97
6890.0	114.0	4.17	7.59
6890.0	115.0	10.44	6.41
6890.0	119.0	0.10	4.29
6890.0	122.0	7.74	4.21
6890.0	123.0	5.92	4.33
6890.0	124.0	5.53	5.51
6890.0	125.0	14.46	4.92
6890.0	126.0	14.70	4.33
6900.0	95.0	4.14	7.98
6900.0	114.0	4.19	7.59
6900.0	115.0	10.43	6.41
6900.0	122.0	8.12	4.22
6900.0	123.0	6.34	4.40
6900.0	124.0	5.98	5.50
6900.0	125.0	13.91	4.92
6900.0	126.0	14.18	4.34
6910.0	95.0	4.13	7.99
6910.0	114.0	4.21	7.58
6910.0	115.0	10.42	6.42
6910.0	122.0	8.51	4.22
6910.0	123.0	6.75	4.46
6910.0	124.0	6.43	5.49
6910.0	125.0	13.38	4.96
6910.0	126.0	13.66	4.38
6920.0	95.0	4.13	7.99
6920.0	114.0	4.22	7.58
6920.0	115.0	10.41	6.42
6920.0	122.0	8.94	4.13
6920.0	123.0	7.17	4.45
6920.0	124.0	6.85	5.48
6920.0	125.0	12.87	5.06
6920.0	126.0	13.14	4.46
6930.0	95.0	4.12	8.00
6930.0	114.0	4.24	7.57
6930.0	115.0	10.40	6.43
6930.0	122.0	9.39	4.03
6930.0	123.0	7.59	4.44
6930.0	124.0	7.26	5.48
6930.0	125.0	12.36	5.16
6930.0	126.0	12.62	4.54
6940.0	95.0	4.12	8.00
6940.0	114.0	4.26	7.57
6940.0	115.0	10.39	6.43
6940.0	122.0	9.83	3.93
6940.0	123.0	8.00	4.43
6940.0	124.0	7.67	5.47
6940.0	125.0	11.88	5.26
6940.0	126.0	12.14	4.65
6940.0	129.0	15.18	8.05
6950.0	95.0	4.11	8.01
6950.0	114.0	4.28	7.56
6950.0	115.0	10.38	6.43
6950.0	122.0	10.26	3.87
6950.0	123.0	8.42	4.41
6950.0	124.0	8.05	5.41
6950.0	125.0	11.43	5.37
6950.0	126.0	11.71	4.78
6950.0	129.0	14.73	7.87
6960.0	95.0	4.11	8.01
6960.0	114.0	4.29	7.56
6960.0	115.0	10.37	6.44
6960.0	122.0	10.69	3.81
6960.0	123.0	8.91	4.39
6960.0	124.0	8.41	5.29
6960.0	125.0	10.97	5.48
6960.0	126.0	11.29	4.91
6960.0	129.0	14.28	7.70
6970.0	95.0	4.10	8.02
6970.0	114.0	4.31	7.55
6970.0	115.0	10.36	6.44
6970.0	122.0	11.13	3.78
6970.0	123.0	9.39	4.37
6970.0	124.0	8.77	5.16
6970.0	125.0	10.51	5.63
6970.0	126.0	10.86	5.04
6970.0	129.0	13.80	7.55
6980.0	95.0	4.10	8.03
6980.0	114.0	4.33	7.55
6980.0	115.0	10.21	6.50
6980.0	122.0	11.60	3.81
6980.0	123.0	9.87	4.35
6980.0	124.0	9.15	4.96
6980.0	125.0	10.03	5.79
6980.0	126.0	10.46	5.17
6980.0	129.0	13.25	7.45
6990.0	95.0	4.09	8.03
6990.0	114.0	4.35	7.54
6990.0	115.0	9.86	6.64
6990.0	122.0	12.07	3.84
6990.0	123.0	10.33	4.37
6990.0	124.0	9.53	4.81
6990.0	125.0	9.56	5.95
6990.0	126.0	10.05	5.30
6990.0	129.0	12.70	7.36
7000.0	95.0	4.09	8.04
7000.0	114.0	4.34	7.54
7000.0	115.0	9.50	6.79
7000.0	122.0	12.54	3.87
7000.0	123.0	10.78	4.41
7000.0	124.0	9.93	4.76
7000.0	125.0	9.06	6.09
7000.0	126.0	9.65	5.43
7000.0	129.0	12.15	7.30
7010.0	95.0	4.08	8.04
7010.0	114.0	4.31	7.54
7010.0	115.0	9.12	6.94
7010.0	122.0	12.95	3.91
7010.0	123.0	11.23	4.45
7010.0	124.0	10.34	4.77
7010.0	125.0	8.56	6.23
7010.0	126.0	9.21	5.52
7010.0	129.0	11.58	7.28
7020.0	95.0	4.08	8.05
7020.0	114.0	4.28	7.54
7020.0	115.0	8.74	7.10
7020.0	122.0	13.36	3.95
7020.0	123.0	11.68	4.49
7020.0	124.0	10.77	4.91
7020.0	125.0	8.06	6.37
7020.0	126.0	8.71	5.53
7020.0	129.0	11.01	7.26
7030.0	95.0	4.07	8.05
7030.0	114.0	4.24	7.54
7030.0	115.0	8.36	7.21
7030.0	122.0	13.76	3.99
7030.0	123.0	12.12	4.51
7030.0	124.0	11.20	5.04
7030.0	125.0	7.64	6.42
7030.0	126.0	8.22	5.54
7030.0	129.0	10.47	7.26
7040.0	95.0	4.07	8.06
7040.0	114.0	4.21	7.54
7040.0	115.0	7.99	7.28
7040.0	122.0	14.16	4.01
7040.0	123.0	12.54	4.49
7040.0	124.0	11.70	5.08
7040.0	125.0	7.22	6.47
7040.0	126.0	7.72	5.56
7040.0	129.0	9.94	7.26
7050.0	95.0	4.06	8.07
7050.0	114.0	4.18	7.54
7050.0	115.0	7.62	7.36
7050.0	122.0	14.55	4.03
7050.0	123.0	12.95	4.48
7050.0	124.0	12.19	5.12
7050.0	125.0	6.80	6.52
7050.0	126.0	7.23	5.59
7050.0	129.0	9.42	7.26
7060.0	95.0	4.06	8.07
7060.0	114.0	4.15	7.54
7060.0	115.0	7.26	7.42
7060.0	122.0	14.95	4.05
7060.0	123.0	13.37	4.47
7060.0	124.0	12.68	5.16
7060.0	125.0	6.40	6.56
7060.0	126.0	6.75	5.63
7060.0	127.0	14.29	12.11
7060.0	129.0	8.92	7.19
7070.0	95.0	4.05	8.08
7070.0	114.0	4.11	7.54
7070.0	115.0	6.92	7.47
7070.0	123.0	13.78	4.48
7070.0	124.0	13.18	5.16
7070.0	125.0	6.17	6.48
7070.0	126.0	6.27	5.67
7070.0	127.0	14.25	11.67
7070.0	129.0	8.42	7.13
7080.0	95.0	4.05	8.08
7080.0	114.0	4.08	7.54
7080.0	115.0	6.59	7.52
7080.0	123.0	14.16	4.52
7080.0	124.0	13.67	5.16
7080.0	125.0	5.94	6.40
7080.0	126.0	5.83	5.75
7080.0	127.0	14.20	11.22
7080.0	129.0	7.92	7.05
7090.0	95.0	4.04	8.09
7090.0	114.0	4.05	7.54
7090.0	115.0	6.27	7.56
7090.0	123.0	14.55	4.57
7090.0	124.0	14.12	5.16
7090.0	125.0	5.78	6.33
7090.0	126.0	5.42	5.84
7090.0	127.0	14.12	10.76
7090.0	129.0	7.36	6.95
7100.0	95.0	4.04	8.09
7100.0	114.0	4.01	7.54
7100.0	115.0	5.99	7.58
7100.0	123.0	14.94	4.61
7100.0	124.0	14.54	5.16
7100.0	125.0	5.64	6.28
7100.0	126.0	5.01	5.94
7100.0	127.0	14.04	10.30
7100.0	129.0	6.79	6.85
7110.0	95.0	4.03	8.10
7110.0	114.0	3.98	7.54
7110.0	115.0	5.70	7.61
7110.0	124.0	14.96	5.16
7110.0	125.0	5.51	6.23
7110.0	126.0	4.76	6.00
7110.0	127.0	13.87	9.86
7110.0	129.0	6.22	6.78
7120.0	95.0	4.03	8.11
7120.0	114.0	3.95	7.54
7120.0	115.0	5.41	7.64
7120.0	125.0	5.27	6.24
7120.0	126.0	4.58	6.05
7120.0	127.0	13.67	9.42
7120.0	129.0	5.64	6.80
7130.0	95.0	4.02	8.11
7130.0	114.0	3.87	7.58
7130.0	115.0	5.25	7.65
7130.0	125.0	4.97	6.30
7130.0	126.0	4.42	6.08
7130.0	127.0	13.47	8.99
7130.0	129.0	5.06	6.82
7140.0	95.0	4.02	8.12
7140.0	114.0	3.77	7.63
7140.0	115.0	5.09	7.66
7140.0	125.0	4.66	6.38
7140.0	126.0	4.33	6.02
7140.0	127.0	13.13	8.59
7140.0	129.0	4.51	6.91
7150.0	95.0	4.01	8.12
7150.0	114.0	3.66	7.69
7150.0	115.0	4.97	7.65
7150.0	125.0	4.33	6.48
7150.0	126.0	4.24	5.97
7150.0	127.0	12.75	8.21
7150.0	129.0	3.97	7.01
7160.0	95.0	4.01	8.13
7160.0	114.0	3.59	7.76
7160.0	115.0	4.88	7.63
7160.0	125.0	4.01	6.58
7160.0	126.0	4.14	5.97
7160.0	127.0	12.36	7.84
7160.0	129.0	3.44	7.13
7170.0	95.0	4.00	8.13
7170.0	114.0	3.53	7.85
7170.0	115.0	4.79	7.61
7170.0	125.0	3.84	6.67
7170.0	126.0	4.01	6.02
7170.0	127.0	11.91	7.55
7170.0	128.0	0.11	8.74
7170.0	129.0	2.96	7.35
7180.0	95.0	4.00	8.14
7180.0	114.0	3.47	7.93
7180.0	115.0	4.71	7.60
7180.0	125.0	3.69	6.77
7180.0	126.0	3.87	6.08
7180.0	127.0	11.36	7.38
7180.0	128.0	0.28	8.46
7180.0	129.0	2.47	7.57
7190.0	95.0	3.99	8.15
7190.0	114.0	3.44	8.02
7190.0	115.0	4.64	7.60
7190.0	125.0	3.49	6.87
7190.0	126.0	3.69	6.16
7190.0	127.0	10.82	7.22
7190.0	128.0	0.45	8.19
7190.0	129.0	2.07	7.85
7200.0	95.0	3.99	8.15
7200.0	114.0	3.47	8.09
7200.0	115.0	4.57	7.59
7200.0	125.0	3.23	6.98
7200.0	126.0	3.45	6.25
7200.0	127.0	10.24	7.20
7200.0	128.0	0.63	7.87
7200.0	129.0	1.69	8.14
7210.0	95.0	3.98	8.16
7210.0	114.0	3.50	8.17
7210.0	115.0	4.50	7.58
7210.0	125.0	2.97	7.09
7210.0	126.0	3.21	6.35
7210.0	127.0	9.65	7.23
7210.0	128.0	0.82	7.50
7210.0	129.0	1.32	8.43
7220.0	95.0	3.98	8.16
7220.0	114.0	3.52	8.24
7220.0	115.0	4.43	7.57
7220.0	125.0	2.71	7.20
7220.0	126.0	2.98	6.44
7220.0	127.0	9.07	7.25
7220.0	128.0	1.01	7.13
7220.0	129.0	1.02	8.77
7220.0	130.0	-0.07	6.79
7230.0	95.0	3.97	8.17
7230.0	114.0	3.55	8.31
7230.0	115.0	4.27	7.51
7230.0	125.0	2.48	7.30
7230.0	126.0	2.66	6.62
7230.0	127.0	8.48	7.24
7230.0	128.0	1.26	6.74
7230.0	129.0	0.72	9.11
7230.0	130.0	0.31	6.36
7240.0	95.0	3.97	8.18
7240.0	114.0	3.53	8.32
7240.0	115.0	4.08	7.45
7240.0	125.0	2.27	7.41
7240.0	126.0	2.32	6.84
7240.0	127.0	7.90	7.22
7240.0	128.0	1.52	6.34
7240.0	129.0	0.49	9.40
7240.0	130.0	0.69	5.93
7250.0	95.0	3.96	8.18
7250.0	114.0	3.50	8.31
7250.0	115.0	3.89	7.39
7250.0	125.0	2.06	7.51
7250.0	126.0	1.98	7.06
7250.0	127.0	7.32	7.21
7250.0	128.0	1.79	5.94
7250.0	129.0	0.34	9.64
7250.0	130.0	1.09	5.59
7250.0	131.0	0.07	4.61
7260.0	95.0	3.96	8.19
7260.0	114.0	3.46	8.30
7260.0	115.0	3.68	7.38
7260.0	125.0	1.82	7.65
7260.0	126.0	1.64	7.21
7260.0	127.0	6.79	7.24
7260.0	128.0	2.23	5.73
7260.0	129.0	0.20	9.88
7260.0	130.0	1.52	5.29
7260.0	131.0	0.53	4.67
7270.0	95.0	3.95	8.19
7270.0	114.0	3.43	8.29
7270.0	115.0	3.47	7.39
7270.0	125.0	1.53	7.82
7270.0	126.0	1.30	7.36
7270.0	127.0	6.27	7.27
7270.0	128.0	2.67	5.51
7270.0	129.0	0.05	10.12
7270.0	130.0	1.98	5.04
7270.0	131.0	1.00	4.74
7280.0	95.0	3.95	8.20
7280.0	114.0	3.40	8.27
7280.0	115.0	3.26	7.40
7280.0	125.0	1.25	7.99
7280.0	126.0	0.96	7.50
7280.0	127.0	5.74	7.29
7280.0	128.0	3.13	5.31
7280.0	130.0	2.56	4.88
7280.0	131.0	1.48	4.91
7290.0	95.0	3.94	8.20
7290.0	114.0	3.36	8.26
7290.0	115.0	3.05	7.44
7290.0	125.0	0.97	8.16
7290.0	126.0	0.74	7.69
7290.0	127.0	5.21	7.27
7290.0	128.0	3.71	5.24
7290.0	130.0	3.14	4.73
7290.0	131.0	1.96	5.11
7290.0	132.0	14.88	4.26
7300.0	95.0	3.94	8.21
7300.0	114.0	3.26	8.23
7300.0	115.0	2.83	7.48
7300.0	125.0	0.85	8.46
7300.0	126.0	0.53	7.88
7300.0	127.0	4.69	7.23
7300.0	128.0	4.29	5.16
7300.0	130.0	3.75	4.61
7300.0	131.0	2.50	5.26
7300.0	132.0	14.20	4.34
7310.0	95.0	3.84	8.23
7310.0	114.0	3.09	8.17
7310.0	115.0	2.61	7.52
7310.0	125.0	0.73	8.75
7310.0	126.0	0.32	8.08
7310.0	127.0	4.17	7.18
7310.0	128.0	4.89	5.08
7310.0	130.0	4.39	4.52
7310.0	131.0	3.12	5.34
7310.0	132.0	13.52	4.43
7320.0	95.0	3.75	8.25
7320.0	114.0	2.85	8.16
7320.0	115.0	2.35	7.56
7320.0	125.0	0.62	9.05
7320.0	126.0	0.25	8.30
7320.0	127.0	3.70	7.17
7320.0	128.0	5.50	5.00
7320.0	130.0	5.03	4.43
7320.0	131.0	3.75	5.42
7320.0	132.0	12.87	4.52
7330.0	95.0	3.66	8.27
7330.0	114.0	2.52	8.21
7330.0	115.0	2.01	7.61
7330.0	125.0	0.52	9.33
7330.0	126.0	0.22	8.52
7330.0	127.0	3.27	7.18
7330.0	128.0	6.11	4.92
7330.0	130.0	5.65	4.36
7330.0	131.0	4.33	5.43
7330.0	132.0	12.22	4.61
7340.0	95.0	3.56	8.28
7340.0	114.0	2.18	8.26
7340.0	115.0	1.67	7.66
7340.0	125.0	0.44	9.59
7340.0	126.0	0.20	8.75
7340.0	127.0	2.85	7.19
7340.0	128.0	6.71	4.84
7340.0	130.0	6.26	4.29
7340.0	131.0	4.92	5.43
7340.0	132.0	11.58	4.74
7350.0	95.0	3.47	8.30
7350.0	114.0	1.87	8.32
7350.0	115.0	1.35	7.72
7350.0	125.0	0.36	9.86
7350.0	126.0	0.17	8.97
7350.0	127.0	2.42	7.21
7350.0	128.0	7.31	4.74
7350.0	130.0	6.87	4.22
7350.0	131.0	5.49	5.42
7350.0	132.0	10.96	4.93
7360.0	95.0	3.43	8.30
7360.0	114.0	1.57	8.39
7360.0	115.0	1.04	7.78
7360.0	125.0	0.28	10.13
7360.0	127.0	2.14	7.35
7360.0	128.0	7.91	4.64
7360.0	130.0	7.51	4.12
7360.0	131.0	6.03	5.32
7360.0	132.0	10.33	5.12
7370.0	95.0	3.41	8.30
7370.0	114.0	1.28	8.46
7370.0	115.0	0.73	7.83
7370.0	127.0	1.87	7.51
7370.0	128.0	8.55	4.57
7370.0	130.0	8.16	4.00
7370.0	131.0	6.56	5.21
7370.0	132.0	9.78	5.29
7370.0	133.0	0.07	7.30
7370.0	134.0	0.15	4.43
7370.0	135.0	14.99	5.73
7380.0	95.0	3.39	8.29
7380.0	114.0	1.03	8.55
7380.0	115.0	0.47	7.95
7380.0	127.0	1.61	7.68
7380.0	128.0	9.22	4.52
7380.0	130.0	8.81	3.89
7380.0	131.0	7.10	5.11
7380.0	132.0	9.24	5.45
7380.0	133.0	0.36	7.07
7380.0	134.0	0.60	4.54
7380.0	135.0	14.61	5.74
7390.0	95.0	3.37	8.29
7390.0	114.0	0.81	8.66
7390.0	115.0	0.24	8.10
7390.0	127.0	1.37	7.84
7390.0	128.0	9.86	4.49
7390.0	130.0	9.49	3.83
7390.0	131.0	7.64	4.98
7390.0	132.0	8.66	5.55
7390.0	133.0	0.65	6.85
7390.0	134.0	1.04	4.66
7390.0	135.0	14.22	5.76
7400.0	95.0	3.35	8.28
7400.0	114.0	0.59	8.76
7400.0	115.0	0.00	8.24
7400.0	127.0	1.15	8.00
7400.0	128.0	10.48	4.49
7400.0	130.0	10.17	3.79
7400.0	131.0	8.18	4.86
7400.0	132.0	8.06	5.57
7400.0	133.0	0.98	6.69
7400.0	134.0	1.50	4.74
7400.0	135.0	13.84	5.77
7410.0	95.0	3.32	8.28
7410.0	114.0	0.46	8.91
7410.0	127.0	0.93	8.16
7410.0	128.0	11.09	4.49
7410.0	130.0	10.85	3.75
7410.0	131.0	8.78	4.75
7410.0	132.0	7.46	5.60
7410.0	133.0	1.33	6.60
7410.0	134.0	1.98	4.81
7410.0	135.0	13.46	5.79
7420.0	95.0	3.30	8.27
7420.0	114.0	0.39	9.09
7420.0	127.0	0.72	8.32
7420.0	128.0	11.72	4.46
7420.0	130.0	11.52	3.75
7420.0	131.0	9.40	4.65
7420.0	132.0	6.86	5.60
7420.0	133.0	1.68	6.51
7420.0	134.0	2.45	4.87
7420.0	135.0	13.07	5.80
7430.0	95.0	3.28	8.27
7430.0	114.0	0.32	9.27
7430.0	127.0	0.58	8.48
7430.0	128.0	12.35	4.43
7430.0	130.0	12.19	3.75
7430.0	131.0	10.02	4.56
7430.0	132.0	6.26	5.58
7430.0	133.0	2.05	6.43
7430.0	134.0	2.91	4.88
7430.0	135.0	12.68	5.81
7440.0	95.0	3.26	8.26
7440.0	114.0	0.25	9.45
7440.0	127.0	0.46	8.63
7440.0	128.0	12.99	4.41
7440.0	130.0	12.86	3.75
7440.0	131.0	10.65	4.55
7440.0	132.0	5.66	5.56
7440.0	133.0	2.43	6.35
7440.0	134.0	3.36	4.86
7440.0	135.0	12.29	5.82
7450.0	95.0	3.26	8.28
7450.0	114.0	0.18	9.62
7450.0	127.0	0.34	8.78
7450.0	128.0	13.61	4.38
7450.0	130.0	13.45	3.70
7450.0	131.0	11.28	4.54
7450.0	132.0	5.04	5.54
7450.0	133.0	2.81	6.28
7450.0	134.0	3.83	4.84
7450.0	135.0	11.91	5.77
7460.0	95.0	3.31	8.34
7460.0	114.0	0.11	9.80
7460.0	127.0	0.22	8.94
7460.0	128.0	14.24	4.37
7460.0	130.0	14.04	3.66
7460.0	131.0	11.91	4.52
7460.0	132.0	4.41	5.52
7460.0	133.0	3.23	6.23
7460.0	134.0	4.35	4.83
7460.0	135.0	11.53	5.72
7470.0	95.0	3.36	8.41
7470.0	127.0	0.11	9.09
7470.0	128.0	14.86	4.35
7470.0	130.0	14.62	3.62
7470.0	131.0	12.53	4.43
7470.0	132.0	3.79	5.49
7470.0	133.0	3.67	6.19
7470.0	134.0	4.87	4.81
7470.0	135.0	11.14	5.67
7470.0	136.0	15.24	5.92
7470.0	137.0	15.33	5.42
7480.0	95.0	3.41	8.47
7480.0	130.0	15.21	3.58
7480.0	131.0	13.15	4.35
7480.0	132.0	3.18	5.43
7480.0	133.0	4.10	6.14
7480.0	134.0	5.39	4.80
7480.0	135.0	10.76	5.63
7480.0	136.0	14.75	5.99
7480.0	137.0	14.84	5.48
7490.0	95.0	3.47	8.53
7490.0	131.0	13.76	4.27
7490.0	132.0	2.59	5.35
7490.0	133.0	4.49	5.98
7490.0	134.0	5.90	4.79
7490.0	135.0	10.38	5.59
7490.0	136.0	14.26	6.05
7490.0	137.0	14.36	5.54
7500.0	95.0	3.52	8.60
7500.0	131.0	14.37	4.28
7500.0	132.0	1.99	5.27
7500.0	133.0	4.88	5.82
7500.0	134.0	6.41	4.78
7500.0	135.0	10.00	5.55
7500.0	136.0	13.77	6.10
7500.0	137.0	13.88	5.60
7510.0	131.0	14.97	4.29
7510.0	132.0	1.36	5.19
7510.0	133.0	5.23	5.50
7510.0	134.0	6.91	4.76
7510.0	135.0	9.62	5.51
7510.0	136.0	13.28	6.14
7510.0	137.0	13.39	5.59
7520.0	132.0	0.72	5.09
7520.0	133.0	5.60	5.27
7520.0	134.0	7.39	4.72
7520.0	135.0	9.27	5.48
7520.0	136.0	12.78	6.18
7520.0	137.0	12.90	5.57
7530.0	132.0	0.08	5.00
7530.0	133.0	5.98	5.12
7530.0	134.0	7.88	4.69
7530.0	135.0	8.91	5.45
7530.0	136.0	12.28	6.22
7530.0	137.0	12.41	5.55
