3020.0	40.0	7.80	4.83
3020.0	41.0	8.74	4.93
3020.0	42.0	4.52	5.79
3030.0	40.0	7.34	4.90
3030.0	41.0	8.34	5.00
3030.0	42.0	5.00	5.80
3030.0	43.0	14.74	4.60
3040.0	40.0	6.88	4.98
3040.0	41.0	7.93	5.07
3040.0	42.0	5.49	5.80
3040.0	43.0	14.06	4.65
3040.0	44.0	0.30	4.87
3040.0	45.0	0.11	4.16
3050.0	40.0	6.44	5.03
3050.0	41.0	7.53	5.13
3050.0	42.0	6.00	5.81
3050.0	43.0	13.39	4.70
3050.0	44.0	0.78	4.84
3050.0	45.0	0.67	4.06
3060.0	40.0	6.02	5.05
3060.0	41.0	7.11	5.18
3060.0	42.0	6.50	5.81
3060.0	43.0	12.73	4.69
3060.0	44.0	1.26	4.81
3060.0	45.0	1.23	3.96
3070.0	40.0	5.60	5.08
3070.0	41.0	6.68	5.22
3070.0	42.0	7.01	5.82
3070.0	43.0	12.10	4.61
3070.0	44.0	1.76	4.78
3070.0	45.0	1.77	3.86
3080.0	40.0	5.18	5.10
3080.0	41.0	6.26	5.27
3080.0	42.0	7.51	5.82
3080.0	43.0	11.47	4.53
3080.0	44.0	2.28	4.73
3080.0	45.0	2.26	3.84
3090.0	40.0	4.77	5.17
3090.0	41.0	5.83	5.31
3090.0	42.0	8.01	5.81
3090.0	43.0	10.81	4.50
3090.0	44.0	2.80	4.68
3090.0	45.0	2.75	3.82
3100.0	40.0	4.37	5.25
3100.0	41.0	5.41	5.39
3100.0	42.0	8.50	5.81
3100.0	43.0	10.13	4.54
3100.0	44.0	3.33	4.63
3100.0	45.0	3.24	3.80
3110.0	40.0	3.97	5.32
3110.0	41.0	4.99	5.46
3110.0	42.0	9.00	5.80
3110.0	43.0	9.44	4.57
3110.0	44.0	3.86	4.57
3110.0	45.0	3.75	3.76
3120.0	40.0	3.57	5.40
3120.0	41.0	4.57	5.53
3120.0	42.0	9.48	5.75
3120.0	43.0	8.78	4.68
3120.0	44.0	4.40	4.52
3120.0	45.0	4.29	3.71
3130.0	40.0	3.18	5.50
3130.0	41.0	4.16	5.61
3130.0	42.0	9.96	5.69
3130.0	43.0	8.13	4.81
3130.0	44.0	4.94	4.46
3130.0	45.0	4.82	3.65
3130.0	46.0	0.54	4.00
3130.0	47.0	0.45	3.27
3140.0	40.0	2.82	5.63
3140.0	41.0	3.78	5.69
3140.0	42.0	10.44	5.63
3140.0	43.0	7.48	4.94
3140.0	44.0	5.46	4.42
3140.0	45.0	5.35	3.60
3140.0	46.0	1.08	4.05
3140.0	47.0	0.88	3.34
3150.0	40.0	2.45	5.77
3150.0	41.0	3.41	5.77
3150.0	42.0	10.92	5.57
3150.0	43.0	6.82	5.04
3150.0	44.0	5.96	4.40
3150.0	45.0	5.88	3.58
3150.0	46.0	1.63	4.09
3150.0	47.0	1.31	3.40
3160.0	40.0	2.09	5.91
3160.0	41.0	3.03	5.85
3160.0	42.0	11.47	5.48
3160.0	43.0	6.16	5.10
3160.0	44.0	6.46	4.37
3160.0	45.0	6.41	3.57
3160.0	46.0	2.16	4.15
3160.0	47.0	1.75	3.46
3170.0	40.0	1.71	6.07
3170.0	41.0	2.67	5.95
3170.0	42.0	12.03	5.39
3170.0	43.0	5.49	5.17
3170.0	44.0	6.96	4.35
3170.0	45.0	6.93	3.56
3170.0	46.0	2.67	4.22
3170.0	47.0	2.24	3.46
3180.0	40.0	1.32	6.28
3180.0	41.0	2.32	6.05
3180.0	42.0	12.59	5.31
3180.0	43.0	4.83	5.22
3180.0	44.0	7.49	4.31
3180.0	45.0	7.46	3.56
3180.0	46.0	3.18	4.29
3180.0	47.0	2.73	3.46
3190.0	40.0	0.92	6.48
3190.0	41.0	1.97	6.15
3190.0	42.0	13.10	5.24
3190.0	43.0	4.16	5.26
3190.0	44.0	8.04	4.28
3190.0	45.0	7.97	3.49
3190.0	46.0	3.67	4.32
3190.0	47.0	3.22	3.46
3190.0	48.0	0.29	3.44
3200.0	40.0	0.52	6.69
3200.0	41.0	1.62	6.25
3200.0	42.0	13.60	5.18
3200.0	43.0	3.50	5.30
3200.0	44.0	8.58	4.25
3200.0	45.0	8.45	3.37
3200.0	46.0	4.15	4.31
3200.0	47.0	3.70	3.46
3200.0	48.0	0.80	3.39
3210.0	40.0	0.29	6.92
3210.0	41.0	1.28	6.39
3210.0	42.0	14.10	5.09
3210.0	43.0	2.83	5.32
3210.0	44.0	9.11	4.20
3210.0	45.0	8.93	3.24
3210.0	46.0	4.63	4.30
3210.0	47.0	4.22	3.44
3210.0	48.0	1.30	3.35
3210.0	49.0	14.77	3.59
3210.0	50.0	14.91	4.47
3220.0	40.0	0.07	7.16
3220.0	41.0	0.94	6.56
3220.0	42.0	14.62	4.95
3220.0	43.0	2.15	5.31
3220.0	44.0	9.61	4.10
3220.0	45.0	9.41	3.12
3220.0	46.0	5.11	4.30
3220.0	47.0	4.73	3.42
3220.0	48.0	1.80	3.32
3220.0	49.0	14.21	3.69
3220.0	50.0	14.34	4.62
3230.0	41.0	0.61	6.73
3230.0	42.0	15.13	4.81
3230.0	43.0	1.48	5.31
3230.0	44.0	10.11	4.00
3230.0	45.0	9.90	3.00
3230.0	46.0	5.63	4.26
3230.0	47.0	5.25	3.40
3230.0	48.0	2.26	3.31
3230.0	49.0	13.64	3.79
3230.0	50.0	13.76	4.77
3240.0	41.0	0.27	6.89
3240.0	43.0	0.81	5.30
3240.0	44.0	10.62	3.90
3240.0	45.0	10.44	2.95
3240.0	46.0	6.18	4.19
3240.0	47.0	5.77	3.38
3240.0	48.0	2.72	3.30
3240.0	49.0	13.07	3.91
3240.0	50.0	13.24	4.84
3250.0	43.0	0.13	5.30
3250.0	44.0	11.16	3.79
3250.0	45.0	10.98	2.89
3250.0	46.0	6.73	4.12
3250.0	47.0	6.31	3.35
3250.0	48.0	3.18	3.30
3250.0	49.0	12.49	4.05
3250.0	50.0	12.72	4.91
3260.0	44.0	11.70	3.68
3260.0	45.0	11.52	2.83
3260.0	46.0	7.27	4.06
3260.0	47.0	6.85	3.32
3260.0	48.0	3.66	3.29
3260.0	49.0	11.92	4.18
3260.0	50.0	12.21	5.00
3270.0	44.0	12.24	3.58
3270.0	45.0	12.07	2.81
3270.0	46.0	7.76	4.04
3270.0	47.0	7.39	3.29
3270.0	48.0	4.15	3.27
3270.0	49.0	11.36	4.31
3270.0	50.0	11.71	5.11
3280.0	44.0	12.76	3.60
3280.0	45.0	12.63	2.79
3280.0	46.0	8.25	4.02
3280.0	47.0	7.92	3.27
3280.0	48.0	4.64	3.26
3280.0	49.0	10.87	4.45
3280.0	50.0	11.22	5.23
3290.0	44.0	13.29	3.62
3290.0	45.0	13.20	2.78
3290.0	46.0	8.74	4.00
3290.0	47.0	8.44	3.28
3290.0	48.0	5.13	3.25
3290.0	49.0	10.37	4.58
3290.0	50.0	10.72	5.35
3300.0	44.0	13.82	3.63
3300.0	45.0	13.74	2.79
3300.0	46.0	9.24	3.98
3300.0	47.0	8.95	3.28
3300.0	48.0	5.61	3.25
3300.0	49.0	9.87	4.72
3300.0	50.0	10.21	5.43
3310.0	44.0	14.34	3.65
3310.0	45.0	14.27	2.85
3310.0	46.0	9.78	3.98
3310.0	47.0	9.47	3.29
3310.0	48.0	6.09	3.25
3310.0	49.0	9.38	4.78
3310.0	50.0	9.68	5.48
3320.0	44.0	14.87	3.67
3320.0	45.0	14.80	2.91
3320.0	46.0	10.31	3.97
3320.0	47.0	9.98	3.29
3320.0	48.0	6.56	3.25
3320.0	49.0	8.90	4.73
3320.0	50.0	9.15	5.53
3330.0	45.0	15.33	2.96
3330.0	46.0	10.85	3.97
3330.0	47.0	10.48	3.31
3330.0	48.0	7.05	3.25
3330.0	49.0	8.41	4.68
3330.0	50.0	8.62	5.58
3340.0	46.0	11.38	3.97
3340.0	47.0	10.98	3.32
3340.0	48.0	7.57	3.26
3340.0	49.0	7.92	4.63
3340.0	50.0	8.10	5.64
3340.0	51.0	0.43	3.24
3350.0	46.0	11.92	3.97
3350.0	47.0	11.47	3.34
3350.0	48.0	8.10	3.27
3350.0	49.0	7.42	4.64
3350.0	50.0	7.61	5.68
3350.0	51.0	1.03	3.23
3360.0	46.0	12.46	3.98
3360.0	47.0	11.97	3.35
3360.0	48.0	8.62	3.28
3360.0	49.0	6.91	4.72
3360.0	50.0	7.13	5.72
3360.0	51.0	1.63	3.22
3370.0	46.0	12.99	3.98
3370.0	47.0	12.47	3.36
3370.0	48.0	9.15	3.29
3370.0	49.0	6.39	4.79
3370.0	50.0	6.64	5.76
3370.0	51.0	2.17	3.20
3370.0	52.0	0.01	4.07
3370.0	53.0	0.27	6.79
3380.0	46.0	13.53	3.99
3380.0	47.0	12.94	3.34
3380.0	48.0	9.69	3.29
3380.0	49.0	5.87	4.87
3380.0	50.0	6.16	5.81
3380.0	51.0	2.69	3.16
3380.0	52.0	0.57	4.03
3380.0	53.0	0.76	6.69
3390.0	46.0	14.07	4.00
3390.0	47.0	13.42	3.31
3390.0	48.0	10.23	3.29
3390.0	49.0	5.41	4.98
3390.0	50.0	5.66	5.88
3390.0	51.0	3.21	3.12
3390.0	52.0	1.12	3.99
3390.0	53.0	1.25	6.58
3400.0	46.0	14.61	4.00
3400.0	47.0	13.90	3.29
3400.0	48.0	10.77	3.29
3400.0	49.0	4.95	5.10
3400.0	50.0	5.16	5.95
3400.0	51.0	3.75	3.08
3400.0	52.0	1.68	3.95
3400.0	53.0	1.79	6.56
3410.0	46.0	15.14	4.01
3410.0	47.0	14.37	3.26
3410.0	48.0	11.30	3.29
3410.0	49.0	4.48	5.22
3410.0	50.0	4.67	6.02
3410.0	51.0	4.30	3.03
3410.0	52.0	2.24	3.90
3410.0	53.0	2.35	6.55
3420.0	47.0	14.85	3.23
3420.0	48.0	11.82	3.24
3420.0	49.0	3.96	5.36
3420.0	50.0	4.22	6.06
3420.0	51.0	4.85	2.97
3420.0	52.0	2.79	3.85
3420.0	53.0	2.90	6.53
3430.0	47.0	15.33	3.21
3430.0	48.0	12.33	3.20
3430.0	49.0	3.44	5.49
3430.0	50.0	3.79	6.10
3430.0	51.0	5.40	2.92
3430.0	52.0	3.35	3.79
3430.0	53.0	3.42	6.50
3440.0	48.0	12.85	3.16
3440.0	49.0	2.93	5.63
3440.0	50.0	3.36	6.13
3440.0	51.0	5.99	2.89
3440.0	52.0	3.94	3.76
3440.0	53.0	3.93	6.47
3450.0	48.0	13.37	3.12
3450.0	49.0	2.46	5.79
3450.0	50.0	2.92	6.19
3450.0	51.0	6.59	2.87
3450.0	52.0	4.54	3.72
3450.0	53.0	4.45	6.42
3460.0	48.0	13.89	3.09
3460.0	49.0	1.99	5.94
3460.0	50.0	2.49	6.37
3460.0	51.0	7.19	2.85
3460.0	52.0	5.13	3.69
3460.0	53.0	5.01	6.21
3470.0	48.0	14.42	3.06
3470.0	49.0	1.52	6.10
3470.0	50.0	2.06	6.56
3470.0	51.0	7.78	2.83
3470.0	52.0	5.72	3.65
3470.0	53.0	5.56	6.00
3480.0	48.0	14.95	3.03
3480.0	49.0	1.05	6.25
3480.0	50.0	1.62	6.74
3480.0	51.0	8.38	2.82
3480.0	52.0	6.34	3.66
3480.0	53.0	6.13	5.80
3490.0	49.0	0.69	6.51
3490.0	50.0	1.28	6.92
3490.0	51.0	8.97	2.81
3490.0	52.0	6.96	3.68
3490.0	53.0	6.71	5.63
3500.0	49.0	0.33	6.77
3500.0	50.0	0.95	7.09
3500.0	51.0	9.56	2.79
3500.0	52.0	7.58	3.69
3500.0	53.0	7.29	5.45
3510.0	50.0	0.62	7.27
3510.0	51.0	10.18	2.77
3510.0	52.0	8.22	3.68
3510.0	53.0	7.87	5.27
3520.0	51.0	10.81	2.75
3520.0	52.0	8.89	3.64
3520.0	53.0	8.45	5.19
3530.0	51.0	11.44	2.72
3530.0	52.0	9.56	3.60
3530.0	53.0	9.03	5.11
3540.0	51.0	12.06	2.70
3540.0	52.0	10.22	3.56
3540.0	53.0	9.61	5.03
3550.0	51.0	12.69	2.67
3550.0	52.0	10.85	3.52
3550.0	53.0	10.18	4.86
3560.0	51.0	13.32	2.65
3560.0	52.0	11.46	3.47
3560.0	53.0	10.76	4.67
3570.0	51.0	13.94	2.62
3570.0	52.0	12.07	3.42
3570.0	53.0	11.33	4.49
3570.0	54.0	15.10	3.91
3580.0	51.0	14.57	2.60
3580.0	52.0	12.70	3.34
3580.0	53.0	11.90	4.29
3580.0	54.0	14.83	4.03
3580.0	55.0	15.04	4.67
3580.0	56.0	0.15	8.46
3590.0	51.0	15.19	2.57
3590.0	52.0	13.34	3.22
3590.0	53.0	12.46	4.10
3590.0	54.0	14.56	4.14
3590.0	55.0	14.95	4.50
3590.0	56.0	0.30	8.13
3600.0	52.0	13.98	3.10
3600.0	53.0	13.01	3.90
3600.0	54.0	14.36	4.26
3600.0	55.0	14.86	4.34
3600.0	56.0	0.44	7.79
3610.0	52.0	14.62	2.97
3610.0	53.0	13.65	3.68
3610.0	54.0	14.30	4.36
3610.0	55.0	14.76	4.17
3610.0	56.0	0.58	7.45
3620.0	52.0	15.26	2.85
3620.0	53.0	14.33	3.45
3620.0	54.0	14.23	4.47
3620.0	55.0	14.61	4.00
3620.0	56.0	0.78	7.14
3630.0	53.0	14.91	3.30
3630.0	54.0	14.12	4.56
3630.0	55.0	14.21	3.85
3630.0	56.0	1.21	6.92
3630.0	58.0	14.86	4.75
3640.0	54.0	13.76	4.59
3640.0	55.0	13.81	3.70
3640.0	56.0	1.64	6.70
3640.0	58.0	14.47	4.93
3650.0	54.0	13.41	4.62
3650.0	55.0	13.27	3.74
3650.0	56.0	2.09	6.54
3650.0	58.0	14.04	5.11
3650.0	59.0	15.00	4.39
3660.0	54.0	12.96	4.61
3660.0	55.0	12.73	3.78
3660.0	56.0	2.55	6.44
3660.0	57.0	0.21	6.31
3660.0	58.0	13.50	5.28
3660.0	59.0	14.49	4.58
3670.0	54.0	12.48	4.59
3670.0	55.0	12.22	3.81
3670.0	56.0	3.02	6.34
3670.0	57.0	0.64	5.94
3670.0	58.0	12.95	5.45
3670.0	59.0	13.98	4.78
3680.0	54.0	11.97	4.59
3680.0	55.0	11.73	3.83
3680.0	56.0	3.47	6.29
3680.0	57.0	1.07	5.57
3680.0	58.0	12.44	5.55
3680.0	59.0	13.47	4.98
3690.0	54.0	11.41	4.61
3690.0	55.0	11.24	3.85
3690.0	56.0	3.91	6.26
3690.0	57.0	1.52	5.24
3690.0	58.0	11.95	5.63
3690.0	59.0	12.95	5.07
3700.0	54.0	10.86	4.62
3700.0	55.0	10.74	3.87
3700.0	56.0	4.35	6.22
3700.0	57.0	2.06	5.05
3700.0	58.0	11.45	5.70
3700.0	59.0	12.43	5.13
3710.0	54.0	10.36	4.62
3710.0	55.0	10.24	3.87
3710.0	56.0	4.83	6.17
3710.0	57.0	2.61	4.86
3710.0	58.0	11.04	5.79
3710.0	59.0	11.92	5.17
3720.0	54.0	9.90	4.59
3720.0	55.0	9.74	3.87
3720.0	56.0	5.33	6.10
3720.0	57.0	3.11	4.58
3720.0	58.0	10.64	5.87
3720.0	59.0	11.43	5.21
3730.0	54.0	9.44	4.57
3730.0	55.0	9.24	3.87
3730.0	56.0	5.83	6.04
3730.0	57.0	3.60	4.28
3730.0	58.0	10.24	5.96
3730.0	59.0	10.94	5.25
3740.0	54.0	8.98	4.54
3740.0	55.0	8.78	3.91
3740.0	56.0	6.32	5.94
3740.0	57.0	4.10	3.99
3740.0	58.0	9.88	6.09
3740.0	59.0	10.51	5.34
3750.0	54.0	8.52	4.56
3750.0	55.0	8.31	3.95
3750.0	56.0	6.76	5.77
3750.0	57.0	4.59	3.78
3750.0	58.0	9.52	6.22
3750.0	59.0	10.07	5.43
3760.0	54.0	8.07	4.59
3760.0	55.0	7.85	3.99
3760.0	56.0	7.20	5.60
3760.0	57.0	5.08	3.56
3760.0	58.0	9.15	6.35
3760.0	59.0	9.63	5.61
3760.0	60.0	0.39	4.08
3760.0	61.0	0.15	3.57
3760.0	62.0	0.22	2.90
3770.0	54.0	7.62	4.63
3770.0	55.0	7.41	4.00
3770.0	56.0	7.65	5.44
3770.0	57.0	5.59	3.37
3770.0	58.0	8.72	6.49
3770.0	59.0	9.19	5.86
3770.0	60.0	0.84	4.05
3770.0	61.0	0.62	3.53
3770.0	62.0	0.67	2.93
3780.0	54.0	7.18	4.68
3780.0	55.0	6.96	4.01
3780.0	56.0	8.17	5.39
3780.0	57.0	6.20	3.27
3780.0	58.0	8.28	6.63
3780.0	59.0	8.76	6.11
3780.0	60.0	1.29	4.02
3780.0	61.0	1.10	3.50
3780.0	62.0	1.11	2.96
3790.0	54.0	6.75	4.76
3790.0	55.0	6.52	4.03
3790.0	56.0	8.70	5.34
3790.0	57.0	6.81	3.18
3790.0	58.0	7.84	6.76
3790.0	59.0	8.27	6.13
3790.0	60.0	1.74	4.01
3790.0	61.0	1.57	3.47
3790.0	62.0	1.56	2.98
3800.0	54.0	6.32	4.84
3800.0	55.0	6.07	4.04
3800.0	56.0	9.22	5.28
3800.0	57.0	7.38	3.25
3800.0	58.0	7.32	6.77
3800.0	59.0	7.78	6.13
3800.0	60.0	2.18	4.01
3800.0	61.0	2.01	3.44
3800.0	62.0	2.02	2.91
3800.0	63.0	15.29	2.80
3810.0	54.0	5.90	4.92
3810.0	55.0	5.63	4.05
3810.0	56.0	9.75	5.22
3810.0	57.0	7.94	3.39
3810.0	58.0	6.80	6.79
3810.0	59.0	7.30	6.13
3810.0	60.0	2.62	4.01
3810.0	61.0	2.44	3.40
3810.0	62.0	2.48	2.83
3810.0	63.0	14.84	2.72
3820.0	54.0	5.46	4.99
3820.0	55.0	5.18	4.13
3820.0	56.0	10.29	5.15
3820.0	57.0	8.50	3.54
3820.0	58.0	6.28	6.80
3820.0	59.0	6.82	6.13
3820.0	60.0	3.06	4.01
3820.0	61.0	2.87	3.37
3820.0	62.0	2.95	2.74
3820.0	63.0	14.39	2.67
3830.0	54.0	4.98	5.02
3830.0	55.0	4.72	4.22
3830.0	56.0	10.82	5.08
3830.0	57.0	9.07	3.67
3830.0	58.0	5.76	6.79
3830.0	59.0	6.35	6.12
3830.0	60.0	3.51	3.99
3830.0	61.0	3.30	3.34
3830.0	62.0	3.41	2.74
3830.0	63.0	13.93	2.67
3840.0	54.0	4.49	5.05
3840.0	55.0	4.27	4.32
3840.0	56.0	11.35	5.02
3840.0	57.0	9.64	3.80
3840.0	58.0	5.24	6.79
3840.0	59.0	5.88	6.12
3840.0	60.0	3.95	3.98
3840.0	61.0	3.76	3.34
3840.0	62.0	3.86	2.74
3840.0	63.0	13.53	2.59
3850.0	54.0	4.01	5.08
3850.0	55.0	3.80	4.26
3850.0	56.0	11.87	4.95
3850.0	57.0	10.21	3.92
3850.0	58.0	4.73	6.78
3850.0	59.0	5.42	6.11
3850.0	60.0	4.40	3.97
3850.0	61.0	4.22	3.33
3850.0	62.0	4.33	2.76
3850.0	63.0	13.18	2.43
3860.0	54.0	3.54	5.02
3860.0	55.0	3.33	4.21
3860.0	56.0	12.39	4.88
3860.0	57.0	10.67	4.03
3860.0	58.0	4.24	6.80
3860.0	59.0	4.95	6.08
3860.0	60.0	4.87	4.01
3860.0	61.0	4.68	3.32
3860.0	62.0	4.85	2.83
3860.0	63.0	12.85	2.25
3860.0	64.0	15.01	3.34
3870.0	54.0	3.07	4.95
3870.0	55.0	2.86	4.15
3870.0	56.0	12.91	4.82
3870.0	57.0	11.12	4.13
3870.0	58.0	3.75	6.83
3870.0	59.0	4.47	6.05
3870.0	60.0	5.33	4.05
3870.0	61.0	5.14	3.32
3870.0	62.0	5.36	2.90
3870.0	63.0	12.55	2.03
3870.0	64.0	14.59	3.04
3880.0	54.0	2.61	4.87
3880.0	55.0	2.37	4.04
3880.0	56.0	13.46	4.72
3880.0	57.0	11.57	4.24
3880.0	58.0	3.27	6.85
3880.0	59.0	4.00	6.02
3880.0	60.0	5.79	4.09
3880.0	61.0	5.59	3.38
3880.0	62.0	5.88	2.97
3880.0	63.0	12.27	1.82
3880.0	64.0	14.18	2.81
3890.0	54.0	2.15	4.78
3890.0	55.0	1.88	3.92
3890.0	56.0	14.01	4.62
3890.0	57.0	12.11	4.24
3890.0	58.0	2.78	6.87
3890.0	59.0	3.53	5.99
3890.0	60.0	6.25	4.14
3890.0	61.0	6.04	3.45
3890.0	62.0	6.36	3.03
3890.0	63.0	12.03	1.63
3890.0	64.0	13.79	2.68
3900.0	54.0	1.69	4.67
3900.0	55.0	1.39	3.81
3900.0	56.0	14.57	4.51
3900.0	57.0	12.65	4.24
3900.0	58.0	2.28	6.76
3900.0	59.0	3.05	5.95
3900.0	60.0	6.70	4.20
3900.0	61.0	6.48	3.51
3900.0	62.0	6.79	3.10
3900.0	63.0	11.80	1.44
3900.0	64.0	13.40	2.55
3910.0	54.0	1.24	4.55
3910.0	55.0	0.87	3.72
3910.0	56.0	15.12	4.40
3910.0	57.0	13.19	4.23
3910.0	58.0	1.77	6.64
3910.0	59.0	2.56	5.90
3910.0	60.0	7.16	4.25
3910.0	61.0	6.93	3.58
3910.0	62.0	7.23	3.17
3910.0	63.0	11.64	1.19
3910.0	64.0	13.10	2.33
3920.0	54.0	0.79	4.44
3920.0	55.0	0.34	3.64
3920.0	57.0	13.73	4.18
3920.0	58.0	1.27	6.53
3920.0	59.0	2.07	5.85
3920.0	60.0	7.64	4.31
3920.0	61.0	7.38	3.65
3920.0	62.0	7.66	3.23
3920.0	63.0	11.54	0.90
3920.0	64.0	12.83	2.07
3930.0	54.0	0.33	4.33
3930.0	57.0	14.23	4.03
3930.0	58.0	0.77	6.41
3930.0	59.0	1.58	5.80
3930.0	60.0	8.12	4.36
3930.0	61.0	7.89	3.67
3930.0	62.0	8.14	3.25
3930.0	63.0	11.44	0.61
3930.0	64.0	12.57	1.82
3940.0	54.0	-0.12	4.22
3940.0	57.0	14.73	3.88
3940.0	58.0	0.27	6.30
3940.0	59.0	1.08	5.69
3940.0	60.0	8.61	4.42
3940.0	61.0	8.39	3.69
3940.0	62.0	8.64	3.25
3940.0	63.0	11.33	0.35
3940.0	64.0	12.31	1.54
3950.0	57.0	15.23	3.74
3950.0	59.0	0.59	5.58
3950.0	60.0	9.10	4.47
3950.0	61.0	8.90	3.71
3950.0	62.0	9.14	3.25
3950.0	63.0	11.22	0.16
3950.0	64.0	12.04	1.22
3960.0	59.0	0.09	5.47
3960.0	60.0	9.62	4.48
3960.0	61.0	9.41	3.73
3960.0	62.0	9.63	3.25
3960.0	63.0	11.11	-0.03
3960.0	64.0	11.78	0.91
3970.0	60.0	10.14	4.49
3970.0	61.0	9.91	3.75
3970.0	62.0	10.13	3.25
3970.0	63.0	11.00	-0.22
3970.0	64.0	11.54	0.62
3980.0	60.0	10.66	4.50
3980.0	61.0	10.43	3.76
3980.0	62.0	10.62	3.27
3980.0	64.0	11.34	0.38
3990.0	60.0	11.17	4.52
3990.0	61.0	10.96	3.77
3990.0	62.0	11.11	3.30
3990.0	64.0	11.15	0.14
4000.0	60.0	11.67	4.55
4000.0	61.0	11.48	3.78
4000.0	62.0	11.60	3.33
4000.0	64.0	10.96	-0.10
4010.0	60.0	12.16	4.57
4010.0	61.0	12.00	3.79
4010.0	62.0	12.10	3.34
4010.0	64.0	10.76	-0.33
4010.0	65.0	12.62	12.34
4010.0	66.0	13.38	12.28
4020.0	60.0	12.65	4.59
4020.0	61.0	12.51	3.81
4020.0	62.0	12.61	3.34
4020.0	65.0	12.71	12.01
4020.0	66.0	13.40	12.07
4030.0	60.0	13.15	4.62
4030.0	61.0	13.02	3.84
4030.0	62.0	13.12	3.34
4030.0	65.0	12.80	11.68
4030.0	66.0	13.41	11.85
4040.0	60.0	13.64	4.64
4040.0	61.0	13.53	3.86
4040.0	62.0	13.63	3.34
4040.0	65.0	12.88	11.35
4040.0	66.0	13.43	11.63
4050.0	60.0	14.14	4.67
4050.0	61.0	14.04	3.89
4050.0	62.0	14.13	3.34
4050.0	65.0	12.97	11.02
4050.0	66.0	13.44	11.42
4060.0	60.0	14.63	4.69
4060.0	61.0	14.56	3.92
4060.0	62.0	14.64	3.34
4060.0	65.0	13.00	10.73
4060.0	66.0	13.47	11.17
4070.0	60.0	15.13	4.71
4070.0	61.0	15.07	3.94
4070.0	62.0	15.15	3.34
4070.0	65.0	13.00	10.49
4070.0	66.0	13.53	10.86
4080.0	65.0	13.00	10.24
4080.0	66.0	13.58	10.55
4090.0	65.0	12.99	9.99
4090.0	66.0	13.64	10.25
4100.0	65.0	12.99	9.74
4100.0	66.0	13.69	9.94
4110.0	65.0	12.99	9.49
4110.0	66.0	13.71	9.66
4120.0	65.0	12.99	9.23
4120.0	66.0	13.72	9.39
4130.0	65.0	12.99	8.97
4130.0	66.0	13.73	9.12
4140.0	65.0	13.00	8.72
4140.0	66.0	13.74	8.85
4150.0	65.0	13.00	8.46
4150.0	66.0	13.74	8.57
4160.0	65.0	13.00	8.21
4160.0	66.0	13.74	8.28
4170.0	65.0	13.01	7.95
4170.0	66.0	13.73	8.00
4180.0	65.0	12.95	7.66
4180.0	66.0	13.73	7.71
4190.0	65.0	12.89	7.37
4190.0	66.0	13.72	7.42
4200.0	65.0	12.82	7.08
4200.0	66.0	13.66	7.13
4210.0	65.0	12.70	6.83
4210.0	66.0	13.53	6.82
4220.0	65.0	12.53	6.59
4220.0	66.0	13.40	6.51
4230.0	65.0	12.33	6.38
4230.0	66.0	13.14	6.23
4240.0	65.0	12.04	6.25
4240.0	66.0	12.83	5.95
4250.0	65.0	11.75	6.11
4250.0	66.0	12.50	5.69
4260.0	65.0	11.46	5.98
4260.0	66.0	12.07	5.59
4270.0	65.0	11.10	5.98
4270.0	66.0	11.65	5.49
4280.0	65.0	10.73	5.99
4280.0	66.0	11.22	5.39
4290.0	65.0	10.36	6.00
4290.0	66.0	10.78	5.41
4300.0	65.0	9.99	6.03
4300.0	66.0	10.34	5.42
4310.0	65.0	9.63	6.11
4310.0	66.0	9.90	5.44
4310.0	67.0	15.16	6.90
4320.0	65.0	9.27	6.18
4320.0	66.0	9.46	5.46
4320.0	67.0	14.72	6.81
4330.0	65.0	8.91	6.26
4330.0	66.0	9.03	5.50
4330.0	67.0	14.28	6.73
4340.0	65.0	8.55	6.34
4340.0	66.0	8.60	5.58
4340.0	67.0	13.84	6.64
4350.0	65.0	8.17	6.43
4350.0	66.0	8.18	5.67
4350.0	67.0	13.40	6.51
4350.0	68.0	0.08	3.93
4360.0	65.0	7.80	6.52
4360.0	66.0	7.75	5.75
4360.0	67.0	12.97	6.33
4360.0	68.0	0.52	3.98
4360.0	69.0	0.64	2.78
4370.0	65.0	7.42	6.60
4370.0	66.0	7.33	5.83
4370.0	67.0	12.54	6.15
4370.0	68.0	0.96	4.04
4370.0	69.0	1.41	2.82
4380.0	65.0	7.05	6.69
4380.0	66.0	6.94	5.91
4380.0	67.0	12.07	6.05
4380.0	68.0	1.40	4.05
4380.0	69.0	2.18	2.85
4390.0	65.0	6.66	6.76
4390.0	66.0	6.56	5.98
4390.0	67.0	11.59	5.96
4390.0	68.0	1.85	4.03
4390.0	69.0	2.92	2.89
4400.0	65.0	6.27	6.81
4400.0	66.0	6.17	6.06
4400.0	67.0	11.11	5.86
4400.0	68.0	2.29	4.01
4400.0	69.0	3.64	2.93
4410.0	65.0	5.88	6.86
4410.0	66.0	5.79	6.13
4410.0	67.0	10.64	5.82
4410.0	68.0	2.73	3.99
4410.0	69.0	4.35	2.98
4420.0	65.0	5.48	6.91
4420.0	66.0	5.40	6.17
4420.0	67.0	10.17	5.87
4420.0	68.0	3.16	3.97
4420.0	69.0	5.08	2.98
4430.0	65.0	5.11	6.95
4430.0	66.0	5.01	6.21
4430.0	67.0	9.70	5.92
4430.0	68.0	3.60	3.94
4430.0	69.0	5.81	2.98
4440.0	65.0	4.74	6.99
4440.0	66.0	4.62	6.24
4440.0	67.0	9.23	5.98
4440.0	68.0	4.02	3.92
4440.0	69.0	6.54	2.98
4450.0	65.0	4.37	7.03
4450.0	66.0	4.23	6.28
4450.0	67.0	8.76	6.10
4450.0	68.0	4.44	3.90
4450.0	69.0	7.31	3.00
4460.0	65.0	4.00	7.07
4460.0	66.0	3.86	6.30
4460.0	67.0	8.29	6.23
4460.0	68.0	4.86	3.88
4460.0	69.0	8.10	3.02
4460.0	70.0	5.13	4.55
4470.0	65.0	3.64	7.11
4470.0	66.0	3.50	6.30
4470.0	67.0	7.82	6.33
4470.0	68.0	5.31	3.86
4470.0	69.0	8.90	3.05
4470.0	70.0	5.57	4.54
4480.0	65.0	3.25	7.08
4480.0	66.0	3.14	6.29
4480.0	67.0	7.36	6.34
4480.0	68.0	5.81	3.84
4480.0	69.0	9.71	3.07
4480.0	70.0	6.02	4.52
4490.0	65.0	2.87	7.05
4490.0	66.0	2.78	6.29
4490.0	67.0	6.90	6.36
4490.0	68.0	6.31	3.81
4490.0	69.0	10.54	3.08
4490.0	70.0	6.46	4.51
4500.0	65.0	2.49	7.02
4500.0	66.0	2.42	6.28
4500.0	67.0	6.43	6.37
4500.0	68.0	6.80	3.80
4500.0	69.0	11.37	3.10
4500.0	70.0	6.87	4.52
4510.0	65.0	2.11	6.99
4510.0	66.0	2.07	6.28
4510.0	67.0	5.97	6.38
4510.0	68.0	7.20	3.85
4510.0	69.0	12.19	3.12
4510.0	70.0	7.28	4.52
4520.0	65.0	1.75	7.01
4520.0	66.0	1.72	6.30
4520.0	67.0	5.51	6.40
4520.0	68.0	7.60	3.90
4520.0	69.0	13.00	3.14
4520.0	70.0	7.69	4.53
4530.0	65.0	1.43	7.10
4530.0	66.0	1.40	6.36
4530.0	67.0	5.06	6.44
4530.0	68.0	8.00	3.95
4530.0	69.0	13.81	3.16
4530.0	70.0	8.08	4.55
4530.0	71.0	0.17	5.57
4540.0	65.0	1.11	7.19
4540.0	66.0	1.08	6.42
4540.0	67.0	4.61	6.48
4540.0	68.0	8.40	3.95
4540.0	69.0	14.62	3.19
4540.0	70.0	8.46	4.58
4540.0	71.0	0.61	5.23
4550.0	65.0	0.78	7.27
4550.0	66.0	0.76	6.48
4550.0	67.0	4.16	6.52
4550.0	68.0	8.80	3.92
4550.0	69.0	15.43	3.21
4550.0	70.0	8.83	4.61
4550.0	71.0	1.05	4.88
4560.0	65.0	0.46	7.36
4560.0	66.0	0.44	6.54
4560.0	67.0	3.70	6.56
4560.0	68.0	9.19	3.90
4560.0	70.0	9.19	4.64
4560.0	71.0	1.48	4.55
4570.0	65.0	0.13	7.45
4570.0	66.0	0.11	6.61
4570.0	67.0	3.29	6.56
4570.0	68.0	9.57	3.90
4570.0	70.0	9.47	4.72
4570.0	71.0	1.91	4.23
4580.0	67.0	2.88	6.56
4580.0	68.0	9.89	3.94
4580.0	70.0	9.75	4.79
4580.0	71.0	2.34	3.91
4590.0	67.0	2.46	6.55
4590.0	68.0	10.21	3.99
4590.0	70.0	10.03	4.86
4590.0	71.0	2.70	3.63
4600.0	67.0	2.05	6.55
4600.0	68.0	10.53	4.03
4600.0	70.0	10.29	4.94
4600.0	71.0	3.07	3.35
4610.0	67.0	1.63	6.54
4610.0	68.0	10.83	4.16
4610.0	70.0	10.54	5.02
4610.0	71.0	3.44	3.08
4620.0	67.0	1.22	6.54
4620.0	68.0	11.13	4.30
4620.0	70.0	10.79	5.10
4620.0	71.0	3.80	2.80
4630.0	67.0	0.80	6.60
4630.0	68.0	11.37	4.45
4630.0	70.0	11.05	5.19
4640.0	67.0	0.38	6.67
4640.0	68.0	11.60	4.60
4640.0	70.0	11.30	5.27
4650.0	67.0	-0.04	6.74
4650.0	68.0	11.84	4.75
4650.0	70.0	11.57	5.42
4660.0	68.0	12.09	4.90
4660.0	70.0	11.85	5.57
4670.0	68.0	12.36	5.07
4670.0	70.0	12.12	5.72
4670.0	72.0	0.52	4.11
4680.0	68.0	12.63	5.23
4680.0	70.0	12.37	5.87
4680.0	72.0	1.11	4.17
4690.0	68.0	12.93	5.42
4690.0	70.0	12.55	6.04
4690.0	72.0	1.69	4.23
4700.0	68.0	13.27	5.62
4700.0	70.0	12.73	6.21
4700.0	72.0	2.28	4.29
4710.0	68.0	13.60	5.83
4710.0	70.0	12.92	6.38
4710.0	72.0	2.82	4.20
4720.0	68.0	13.94	6.02
4720.0	70.0	13.14	6.51
4720.0	72.0	3.36	4.10
4730.0	68.0	14.27	6.15
4730.0	70.0	13.41	6.58
4730.0	72.0	3.90	3.99
4740.0	68.0	14.60	6.28
4740.0	70.0	13.68	6.66
4740.0	72.0	4.44	3.95
4750.0	68.0	14.93	6.41
4750.0	70.0	13.94	6.74
4750.0	72.0	4.98	3.99
4750.0	73.0	14.72	4.65
4750.0	74.0	15.05	5.18
4760.0	70.0	14.24	6.88
4760.0	72.0	5.52	4.02
4760.0	73.0	14.11	4.60
4760.0	74.0	14.50	5.21
4770.0	70.0	14.55	7.04
4770.0	72.0	6.06	4.06
4770.0	73.0	13.51	4.54
4770.0	74.0	13.96	5.24
4780.0	70.0	14.85	7.20
4780.0	72.0	6.61	4.09
4780.0	73.0	12.97	4.45
4780.0	74.0	13.41	5.27
4790.0	70.0	15.16	7.36
4790.0	72.0	7.16	4.12
4790.0	73.0	12.43	4.37
4790.0	74.0	12.83	5.30
4800.0	72.0	7.72	4.15
4800.0	73.0	11.88	4.32
4800.0	74.0	12.24	5.33
4810.0	72.0	8.27	4.15
4810.0	73.0	11.31	4.45
4810.0	74.0	11.66	5.36
4820.0	72.0	8.81	4.08
4820.0	73.0	10.74	4.57
4820.0	74.0	11.07	5.39
4820.0	75.0	15.27	4.35
4830.0	72.0	9.36	4.00
4830.0	73.0	10.16	4.70
4830.0	74.0	10.51	5.40
4830.0	75.0	14.56	4.45
4840.0	72.0	9.90	3.92
4840.0	73.0	9.60	4.71
4840.0	74.0	9.94	5.41
4840.0	75.0	13.84	4.54
4850.0	72.0	10.44	3.98
4850.0	73.0	9.04	4.64
4850.0	74.0	9.38	5.41
4850.0	75.0	13.13	4.64
4860.0	72.0	10.99	4.06
4860.0	73.0	8.48	4.58
4860.0	74.0	8.82	5.42
4860.0	75.0	12.47	4.78
4870.0	72.0	11.53	4.13
4870.0	73.0	7.93	4.51
4870.0	74.0	8.27	5.41
4870.0	75.0	11.81	4.91
4880.0	72.0	12.08	4.21
4880.0	73.0	7.39	4.41
4880.0	74.0	7.71	5.40
4880.0	75.0	11.16	5.05
4890.0	72.0	12.63	4.29
4890.0	73.0	6.86	4.29
4890.0	74.0	7.16	5.39
4890.0	75.0	10.53	5.16
4900.0	72.0	13.18	4.37
4900.0	73.0	6.33	4.16
4900.0	74.0	6.61	5.38
4900.0	75.0	9.91	5.27
4910.0	72.0	13.73	4.45
4910.0	73.0	5.81	4.03
4910.0	74.0	6.04	5.35
4910.0	75.0	9.28	5.38
4920.0	72.0	14.29	4.53
4920.0	73.0	5.25	3.98
4920.0	74.0	5.46	5.30
4920.0	75.0	8.68	5.50
4930.0	72.0	14.84	4.61
4930.0	73.0	4.70	3.93
4930.0	74.0	4.87	5.26
4930.0	75.0	8.09	5.61
4940.0	73.0	4.15	3.88
4940.0	74.0	4.28	5.21
4940.0	75.0	7.49	5.73
4950.0	73.0	3.60	3.83
4950.0	74.0	3.72	5.15
4950.0	75.0	6.89	5.84
4960.0	73.0	3.07	3.76
4960.0	74.0	3.22	5.07
4960.0	75.0	6.30	5.93
4970.0	73.0	2.54	3.69
4970.0	74.0	2.71	4.99
4970.0	75.0	5.70	6.03
4980.0	73.0	2.01	3.61
4980.0	74.0	2.21	4.91
4980.0	75.0	5.10	6.12
4990.0	73.0	1.47	3.54
4990.0	74.0	1.70	4.87
4990.0	75.0	4.50	6.22
5000.0	73.0	0.94	3.47
5000.0	74.0	1.18	4.83
5000.0	75.0	3.90	6.31
5000.0	76.0	15.02	3.89
5010.0	73.0	0.41	3.40
5010.0	74.0	0.67	4.80
5010.0	75.0	3.30	6.41
5010.0	76.0	14.63	3.90
5020.0	73.0	-0.12	3.33
5020.0	74.0	0.16	4.77
5020.0	75.0	2.70	6.51
5020.0	76.0	14.24	3.90
5030.0	75.0	2.16	6.72
5030.0	76.0	13.85	3.91
5030.0	77.0	14.92	7.48
5040.0	75.0	1.62	6.94
5040.0	76.0	13.60	3.90
5040.0	77.0	14.59	7.16
5040.0	78.0	15.14	7.37
5050.0	75.0	1.08	7.15
5050.0	76.0	13.48	3.88
5050.0	77.0	14.27	6.85
5050.0	78.0	14.90	7.02
5060.0	75.0	0.69	7.42
5060.0	76.0	13.36	3.86
5060.0	77.0	14.06	6.67
5060.0	78.0	14.67	6.68
5060.0	79.0	0.18	3.93
5070.0	75.0	0.41	7.72
5070.0	76.0	13.24	3.84
5070.0	77.0	13.85	6.48
5070.0	78.0	14.43	6.34
5070.0	79.0	0.67	4.01
5080.0	75.0	0.13	8.03
5080.0	76.0	13.09	3.84
5080.0	77.0	13.65	6.29
5080.0	78.0	14.21	6.04
5080.0	79.0	1.16	4.08
5090.0	76.0	12.94	3.84
5090.0	77.0	13.47	6.13
5090.0	78.0	13.98	5.73
5090.0	79.0	1.64	4.15
5090.0	80.0	0.00	3.86
5090.0	81.0	15.17	6.99
5100.0	76.0	12.79	3.84
5100.0	77.0	13.30	5.96
5100.0	78.0	13.74	5.46
5100.0	79.0	2.07	4.13
5100.0	80.0	0.52	3.94
5100.0	81.0	14.84	6.93
5100.0	82.0	15.07	6.11
5110.0	76.0	12.63	3.84
5110.0	77.0	13.12	5.80
5110.0	78.0	13.46	5.29
5110.0	79.0	2.51	4.10
5110.0	80.0	1.04	4.03
5110.0	81.0	14.51	6.87
5110.0	82.0	14.82	6.13
5120.0	76.0	12.42	3.85
5120.0	77.0	12.90	5.73
5120.0	78.0	13.17	5.12
5120.0	79.0	2.94	4.08
5120.0	80.0	1.56	4.11
5120.0	81.0	14.18	6.81
5120.0	82.0	14.56	6.14
5120.0	85.0	0.34	2.91
5130.0	76.0	12.22	3.85
5130.0	77.0	12.66	5.71
5130.0	78.0	12.87	5.02
5130.0	79.0	3.37	4.05
5130.0	80.0	2.05	4.16
5130.0	81.0	13.91	6.74
5130.0	82.0	14.31	6.16
5130.0	83.0	0.15	6.73
5130.0	85.0	0.69	2.90
5140.0	76.0	12.01	3.86
5140.0	77.0	12.42	5.68
5140.0	78.0	12.56	5.00
5140.0	79.0	3.84	3.98
5140.0	80.0	2.54	4.21
5140.0	81.0	13.68	6.68
5140.0	82.0	14.08	6.03
5140.0	83.0	0.49	6.45
5140.0	85.0	1.03	2.89
5150.0	76.0	11.80	3.86
5150.0	77.0	12.19	5.66
5150.0	78.0	12.25	4.97
5150.0	79.0	4.30	3.91
5150.0	80.0	3.02	4.25
5150.0	81.0	13.46	6.61
5150.0	82.0	13.84	5.90
5150.0	83.0	0.83	6.17
5150.0	84.0	0.19	5.80
5150.0	85.0	1.16	2.89
5160.0	76.0	11.55	3.89
5160.0	77.0	11.90	5.63
5160.0	78.0	11.94	4.94
5160.0	79.0	4.77	3.83
5160.0	80.0	3.50	4.28
5160.0	81.0	13.24	6.54
5160.0	82.0	13.61	5.77
5160.0	83.0	1.18	5.89
5160.0	84.0	0.65	5.59
5160.0	85.0	1.20	2.90
5170.0	76.0	11.23	3.94
5170.0	77.0	11.62	5.60
5170.0	78.0	11.61	4.95
5170.0	79.0	5.23	3.76
5170.0	80.0	3.98	4.29
5170.0	81.0	12.94	6.39
5170.0	82.0	13.29	5.63
5170.0	83.0	1.57	5.79
5170.0	84.0	1.11	5.38
5170.0	85.0	1.24	2.91
5180.0	76.0	10.91	4.00
5180.0	77.0	11.34	5.58
5180.0	78.0	11.27	4.95
5180.0	79.0	5.69	3.69
5180.0	80.0	4.45	4.30
5180.0	81.0	12.64	6.24
5180.0	82.0	12.89	5.48
5180.0	83.0	1.97	5.68
5180.0	84.0	1.56	5.21
5180.0	85.0	1.28	2.91
5190.0	76.0	10.59	4.05
5190.0	77.0	11.05	5.55
5190.0	78.0	10.93	4.96
5190.0	79.0	6.15	3.62
5190.0	80.0	4.93	4.31
5190.0	81.0	12.35	6.10
5190.0	82.0	12.48	5.33
5190.0	83.0	2.37	5.58
5190.0	84.0	1.98	5.16
5190.0	85.0	1.32	2.92
5200.0	76.0	10.27	4.10
5200.0	77.0	10.78	5.56
5200.0	78.0	10.62	4.96
5200.0	79.0	6.61	3.55
5200.0	80.0	5.40	4.27
5200.0	81.0	12.05	5.99
5200.0	82.0	12.08	5.18
5200.0	83.0	2.81	5.44
5200.0	84.0	2.40	5.11
5200.0	85.0	1.36	2.93
5210.0	76.0	9.96	4.15
5210.0	77.0	10.54	5.61
5210.0	78.0	10.38	4.95
5210.0	79.0	7.07	3.48
5210.0	80.0	5.85	4.10
5210.0	81.0	11.75	5.90
5210.0	82.0	11.77	4.99
5210.0	83.0	3.27	5.29
5210.0	84.0	2.83	5.00
5210.0	85.0	1.40	2.94
5220.0	76.0	9.66	4.20
5220.0	77.0	10.29	5.67
5220.0	78.0	10.15	4.95
5220.0	79.0	7.55	3.48
5220.0	80.0	6.30	3.92
5220.0	81.0	11.45	5.82
5220.0	82.0	11.49	4.79
5220.0	83.0	3.74	5.13
5220.0	84.0	3.28	4.79
5220.0	85.0	1.45	2.96
5230.0	76.0	9.35	4.25
5230.0	77.0	10.05	5.72
5230.0	78.0	9.91	4.95
5230.0	79.0	8.02	3.47
5230.0	80.0	6.75	3.75
5230.0	81.0	11.16	5.70
5230.0	82.0	11.21	4.59
5230.0	83.0	4.21	4.97
5230.0	84.0	3.73	4.58
5230.0	85.0	1.50	2.98
5240.0	76.0	9.04	4.30
5240.0	77.0	9.80	5.77
5240.0	78.0	9.67	4.99
5240.0	79.0	8.49	3.47
5240.0	80.0	7.08	3.61
5240.0	81.0	10.87	5.55
5240.0	82.0	10.92	4.39
5240.0	83.0	4.64	4.81
5240.0	84.0	4.17	4.38
5240.0	85.0	1.54	2.99
5250.0	76.0	8.78	4.38
5250.0	77.0	9.57	5.82
5250.0	78.0	9.44	5.04
5250.0	79.0	8.97	3.46
5250.0	80.0	7.37	3.49
5250.0	81.0	10.58	5.40
5250.0	82.0	10.66	4.29
5250.0	83.0	5.05	4.64
5250.0	84.0	4.60	4.20
5250.0	85.0	1.59	3.01
5260.0	76.0	8.54	4.46
5260.0	77.0	9.36	5.86
5260.0	78.0	9.20	5.09
5260.0	79.0	9.42	3.48
5260.0	80.0	7.65	3.37
5260.0	81.0	10.30	5.22
5260.0	82.0	10.40	4.19
5260.0	83.0	5.45	4.47
5260.0	84.0	5.02	4.01
5260.0	85.0	1.64	3.03
5270.0	76.0	8.30	4.54
5270.0	77.0	9.14	5.89
5270.0	78.0	8.97	5.14
5270.0	79.0	9.87	3.50
5270.0	80.0	7.93	3.25
5270.0	81.0	10.03	5.01
5270.0	82.0	10.12	4.09
5270.0	83.0	5.85	4.31
5270.0	84.0	5.45	3.83
5270.0	85.0	1.69	3.05
5280.0	76.0	8.06	4.63
5280.0	77.0	8.93	5.93
5280.0	78.0	8.73	5.20
5280.0	79.0	10.33	3.52
5280.0	80.0	8.25	3.17
5280.0	81.0	9.75	4.79
5280.0	82.0	9.81	4.02
5280.0	83.0	6.28	4.13
5280.0	84.0	5.86	3.63
5280.0	85.0	1.96	3.08
5290.0	76.0	7.83	4.70
5290.0	77.0	8.72	5.97
5290.0	78.0	8.50	5.29
5290.0	79.0	10.78	3.55
5290.0	80.0	8.56	3.09
5290.0	81.0	9.45	4.79
5290.0	82.0	9.49	3.95
5290.0	83.0	6.70	3.95
5290.0	84.0	6.28	3.44
5290.0	85.0	2.33	3.11
5290.0	86.0	0.41	3.61
5300.0	76.0	7.64	4.75
5300.0	77.0	8.50	6.07
5300.0	78.0	8.28	5.39
5300.0	79.0	11.25	3.68
5300.0	80.0	8.87	3.01
5300.0	81.0	9.16	4.81
5300.0	82.0	9.17	3.89
5300.0	83.0	7.13	3.78
5300.0	84.0	6.69	3.25
5300.0	85.0	2.70	3.14
5300.0	86.0	0.95	3.63
5310.0	76.0	7.44	4.80
5310.0	77.0	8.29	6.23
5310.0	78.0	8.05	5.49
5310.0	79.0	11.72	3.82
5310.0	80.0	9.23	2.95
5310.0	81.0	8.86	4.83
5310.0	82.0	8.81	3.91
5310.0	83.0	7.56	3.61
5310.0	84.0	7.14	3.13
5310.0	85.0	3.07	3.17
5310.0	86.0	1.48	3.65
5320.0	76.0	7.24	4.85
5320.0	77.0	8.08	6.40
5320.0	78.0	7.82	5.58
5320.0	79.0	12.18	3.96
5320.0	80.0	9.70	2.91
5320.0	81.0	8.55	4.84
5320.0	82.0	8.45	3.92
5320.0	83.0	7.98	3.49
5320.0	84.0	7.59	3.02
5320.0	85.0	3.63	3.12
5320.0	86.0	1.96	3.62
5320.0	87.0	0.44	3.75
5320.0	88.0	0.52	4.34
5320.0	89.0	14.92	6.82
5330.0	76.0	7.05	4.91
5330.0	77.0	7.87	6.56
5330.0	78.0	7.60	5.68
5330.0	79.0	12.65	4.10
5330.0	80.0	10.16	2.86
5330.0	81.0	8.23	4.76
5330.0	82.0	8.10	3.93
5330.0	83.0	8.41	3.36
5330.0	84.0	8.04	2.91
5330.0	85.0	4.19	3.06
5330.0	86.0	2.41	3.56
5330.0	87.0	0.94	3.76
5330.0	88.0	1.09	4.37
5330.0	89.0	14.39	6.69
5340.0	76.0	6.82	4.99
5340.0	77.0	7.66	6.71
5340.0	78.0	7.36	5.76
5340.0	79.0	13.05	4.24
5340.0	80.0	10.65	2.83
5340.0	81.0	7.91	4.69
5340.0	82.0	7.73	3.92
5340.0	83.0	8.84	3.24
5340.0	84.0	8.54	2.81
5340.0	85.0	4.75	3.00
5340.0	86.0	2.86	3.51
5340.0	87.0	1.45	3.77
5340.0	88.0	1.66	4.40
5340.0	89.0	13.85	6.57
5340.0	90.0	12.08	12.39
5350.0	76.0	6.58	5.07
5350.0	77.0	7.44	6.78
5350.0	78.0	7.11	5.84
5350.0	79.0	13.40	4.40
5350.0	80.0	11.16	2.80
5350.0	81.0	7.59	4.61
5350.0	82.0	7.36	3.90
5350.0	83.0	9.31	3.20
5350.0	84.0	9.10	2.73
5350.0	85.0	5.28	2.97
5350.0	86.0	3.33	3.47
5350.0	87.0	1.94	3.76
5350.0	88.0	2.18	4.40
5350.0	89.0	13.28	6.40
5350.0	90.0	12.07	12.15
5360.0	76.0	6.34	5.16
5360.0	77.0	7.23	6.85
5360.0	78.0	6.87	5.92
5360.0	79.0	13.75	4.55
5360.0	80.0	11.68	2.77
5360.0	81.0	7.26	4.57
5360.0	82.0	6.99	3.88
5360.0	83.0	9.79	3.20
5360.0	84.0	9.66	2.65
5360.0	85.0	5.78	3.02
5360.0	86.0	3.80	3.43
5360.0	87.0	2.44	3.74
5360.0	88.0	2.65	4.36
5360.0	89.0	12.69	6.23
5360.0	90.0	12.06	11.91
5370.0	76.0	6.11	5.24
5370.0	77.0	7.01	6.92
5370.0	78.0	6.64	6.01
5370.0	79.0	14.10	4.70
5370.0	80.0	12.20	2.74
5370.0	81.0	6.92	4.59
5370.0	82.0	6.63	3.85
5370.0	83.0	10.28	3.20
5370.0	84.0	10.22	2.58
5370.0	85.0	6.28	3.06
5370.0	86.0	4.27	3.38
5370.0	87.0	2.93	3.72
5370.0	88.0	3.11	4.32
5370.0	89.0	12.12	6.09
5370.0	90.0	12.05	11.67
5370.0	91.0	15.05	4.23
5370.0	92.0	15.15	3.09
5380.0	76.0	5.87	5.33
5380.0	77.0	6.80	6.99
5380.0	78.0	6.40	6.09
5380.0	79.0	14.44	4.83
5380.0	80.0	12.73	2.71
5380.0	81.0	6.58	4.61
5380.0	82.0	6.29	3.88
5380.0	83.0	10.75	3.21
5380.0	84.0	10.77	2.63
5380.0	85.0	6.78	3.10
5380.0	86.0	4.69	3.30
5380.0	87.0	3.41	3.68
5380.0	88.0	3.57	4.28
5380.0	89.0	11.54	5.99
5380.0	90.0	12.04	11.43
5380.0	91.0	14.62	4.29
5380.0	92.0	14.68	3.20
5380.0	93.0	15.01	3.84
5390.0	76.0	5.59	5.41
5390.0	77.0	6.53	7.03
5390.0	78.0	6.17	6.18
5390.0	79.0	14.79	4.86
5390.0	80.0	13.27	2.69
5390.0	81.0	6.23	4.64
5390.0	82.0	5.97	3.96
5390.0	83.0	11.18	3.24
5390.0	84.0	11.31	2.68
5390.0	85.0	7.29	3.12
5390.0	86.0	5.08	3.20
5390.0	87.0	3.83	3.57
5390.0	88.0	3.99	4.15
5390.0	89.0	10.97	5.88
5390.0	90.0	12.04	11.29
5390.0	91.0	14.20	4.35
5390.0	92.0	14.20	3.31
5390.0	93.0	14.56	3.83
5400.0	76.0	5.32	5.49
5400.0	77.0	6.26	7.06
5400.0	78.0	5.94	6.27
5400.0	79.0	15.14	4.90
5400.0	80.0	13.81	2.66
5400.0	81.0	5.89	4.66
5400.0	82.0	5.66	4.03
5400.0	83.0	11.60	3.28
5400.0	84.0	11.84	2.72
5400.0	85.0	7.81	3.12
5400.0	86.0	5.46	3.10
5400.0	87.0	4.25	3.47
5400.0	88.0	4.39	3.99
5400.0	89.0	10.39	5.94
5400.0	90.0	12.03	11.15
5400.0	91.0	13.77	4.41
5400.0	92.0	13.73	3.42
5400.0	93.0	14.12	3.83
5410.0	76.0	5.05	5.57
5410.0	77.0	5.99	7.10
5410.0	78.0	5.73	6.35
5410.0	80.0	14.35	2.63
5410.0	81.0	5.53	4.70
5410.0	82.0	5.35	4.11
5410.0	83.0	12.02	3.32
5410.0	84.0	12.21	2.68
5410.0	85.0	8.33	3.11
5410.0	86.0	5.87	3.13
5410.0	87.0	4.67	3.37
5410.0	88.0	4.80	3.87
5410.0	89.0	9.82	6.07
5410.0	90.0	12.03	11.02
5410.0	91.0	13.34	4.47
5410.0	92.0	13.27	3.50
5410.0	93.0	13.68	3.83
5410.0	94.0	14.92	3.33
5420.0	76.0	4.78	5.65
5420.0	77.0	5.76	7.13
5420.0	78.0	5.54	6.42
5420.0	80.0	14.89	2.60
5420.0	81.0	5.18	4.74
5420.0	82.0	4.97	4.14
5420.0	83.0	12.44	3.31
5420.0	84.0	12.57	2.64
5420.0	85.0	8.85	3.10
5420.0	86.0	6.28	3.19
5420.0	87.0	5.12	3.36
5420.0	88.0	5.22	3.90
5420.0	89.0	9.24	6.20
5420.0	90.0	12.03	10.89
5420.0	91.0	12.86	4.56
5420.0	92.0	12.82	3.56
5420.0	93.0	13.25	3.95
5420.0	94.0	14.48	3.47
5420.0	95.0	14.77	4.16
5430.0	76.0	4.51	5.73
5430.0	77.0	5.57	7.16
5430.0	78.0	5.34	6.48
5430.0	81.0	4.82	4.78
5430.0	82.0	4.55	4.15
5430.0	83.0	12.86	3.30
5430.0	84.0	12.94	2.59
5430.0	85.0	9.37	3.10
5430.0	86.0	6.70	3.25
5430.0	87.0	5.57	3.35
5430.0	88.0	5.65	3.95
5430.0	89.0	8.68	6.33
5430.0	90.0	12.03	10.75
5430.0	91.0	12.37	4.66
5430.0	92.0	12.37	3.61
5430.0	93.0	12.83	4.08
5430.0	94.0	14.03	3.60
5430.0	95.0	14.33	4.26
5430.0	96.0	0.32	2.63
5430.0	97.0	0.32	3.58
5440.0	76.0	4.26	5.80
5440.0	77.0	5.38	7.20
5440.0	78.0	5.14	6.55
5440.0	81.0	4.47	4.81
5440.0	82.0	4.13	4.17
5440.0	83.0	13.29	3.33
5440.0	84.0	13.29	2.50
5440.0	85.0	9.90	3.09
5440.0	86.0	7.11	3.32
5440.0	87.0	6.02	3.35
5440.0	88.0	6.09	4.01
5440.0	89.0	8.13	6.46
5440.0	90.0	12.02	10.62
5440.0	91.0	11.88	4.75
5440.0	92.0	11.92	3.66
5440.0	93.0	12.40	4.20
5440.0	94.0	13.60	3.74
5440.0	95.0	13.90	4.37
5440.0	96.0	0.85	2.65
5440.0	97.0	0.81	3.55
5450.0	76.0	4.11	5.78
5450.0	77.0	5.19	7.23
5450.0	78.0	4.94	6.61
5450.0	81.0	4.10	4.84
5450.0	82.0	3.70	4.14
5450.0	83.0	13.74	3.41
5450.0	84.0	13.65	2.41
5450.0	85.0	10.42	3.08
5450.0	86.0	7.52	3.28
5450.0	87.0	6.40	3.42
5450.0	88.0	6.52	4.06
5450.0	89.0	7.59	6.58
5450.0	90.0	12.02	10.49
5450.0	91.0	11.39	4.84
5450.0	92.0	11.47	3.72
5450.0	93.0	11.98	4.29
5450.0	94.0	13.21	3.86
5450.0	95.0	13.48	4.46
5450.0	96.0	1.38	2.68
5450.0	97.0	1.30	3.53
5460.0	76.0	3.95	5.76
5460.0	77.0	4.97	7.28
5460.0	78.0	4.71	6.63
5460.0	81.0	3.63	4.82
5460.0	82.0	3.26	4.06
5460.0	83.0	14.18	3.49
5460.0	84.0	14.10	2.44
5460.0	85.0	10.94	3.08
5460.0	86.0	7.93	3.24
5460.0	87.0	6.78	3.49
5460.0	88.0	6.90	4.08
5460.0	89.0	7.08	6.74
5460.0	90.0	12.02	10.32
5460.0	91.0	10.97	4.90
5460.0	92.0	11.04	3.84
5460.0	93.0	11.55	4.34
5460.0	94.0	12.82	3.98
5460.0	95.0	13.08	4.55
5460.0	96.0	1.90	2.70
5460.0	97.0	1.79	3.50
5470.0	76.0	3.80	5.75
5470.0	77.0	4.72	7.34
5470.0	78.0	4.48	6.65
5470.0	81.0	3.17	4.81
5470.0	82.0	2.82	3.98
5470.0	83.0	14.62	3.55
5470.0	84.0	14.58	2.51
5470.0	85.0	11.46	3.07
5470.0	86.0	8.34	3.19
5470.0	87.0	7.17	3.56
5470.0	88.0	7.28	4.11
5470.0	89.0	6.59	6.91
5470.0	90.0	12.04	10.01
5470.0	91.0	10.55	4.96
5470.0	92.0	10.61	3.96
5470.0	93.0	11.13	4.39
5470.0	94.0	12.42	4.10
5470.0	95.0	12.68	4.64
5470.0	96.0	2.43	2.70
5470.0	97.0	2.27	3.48
5480.0	76.0	3.65	5.73
5480.0	77.0	4.47	7.40
5480.0	78.0	4.26	6.66
5480.0	81.0	2.71	4.79
5480.0	82.0	2.38	3.91
5480.0	83.0	15.07	3.60
5480.0	84.0	15.05	2.58
5480.0	85.0	11.98	3.06
5480.0	86.0	8.78	3.16
5480.0	87.0	7.56	3.53
5480.0	88.0	7.65	4.12
5480.0	89.0	6.11	7.07
5480.0	90.0	12.06	9.71
5480.0	91.0	10.14	5.01
5480.0	92.0	10.18	4.08
5480.0	93.0	10.71	4.43
5480.0	94.0	12.01	4.19
5480.0	95.0	12.28	4.72
5480.0	96.0	2.95	2.70
5480.0	97.0	2.75	3.47
5490.0	76.0	3.49	5.72
5490.0	77.0	4.21	7.46
5490.0	78.0	4.03	6.68
5490.0	81.0	2.25	4.75
5490.0	82.0	1.96	3.83
5490.0	85.0	12.50	3.05
5490.0	86.0	9.26	3.14
5490.0	87.0	7.95	3.46
5490.0	88.0	8.00	4.06
5490.0	89.0	5.62	7.24
5490.0	90.0	12.08	9.40
5490.0	91.0	9.72	5.07
5490.0	92.0	9.74	4.20
5490.0	93.0	10.30	4.54
5490.0	94.0	11.60	4.28
5490.0	95.0	11.88	4.82
5490.0	96.0	3.47	2.70
5490.0	97.0	3.22	3.45
5500.0	76.0	3.34	5.70
5500.0	77.0	3.94	7.51
5500.0	78.0	3.77	6.70
5500.0	81.0	1.83	4.63
5500.0	82.0	1.55	3.76
5500.0	85.0	13.01	3.07
5500.0	86.0	9.74	3.11
5500.0	87.0	8.35	3.39
5500.0	88.0	8.35	4.00
5500.0	89.0	5.13	7.41
5500.0	90.0	12.11	9.09
5500.0	91.0	9.33	5.10
5500.0	92.0	9.40	4.24
5500.0	93.0	9.88	4.65
5500.0	94.0	11.19	4.36
5500.0	95.0	11.48	4.92
5500.0	96.0	3.99	2.70
5500.0	97.0	3.69	3.44
5510.0	76.0	3.18	5.68
5510.0	77.0	3.62	7.55
5510.0	78.0	3.50	6.73
5510.0	81.0	1.41	4.52
5510.0	82.0	1.14	3.68
5510.0	85.0	13.52	3.08
5510.0	86.0	10.22	3.08
5510.0	87.0	8.74	3.32
5510.0	88.0	8.77	3.93
5510.0	89.0	4.70	7.46
5510.0	90.0	12.14	8.77
5510.0	91.0	8.95	5.13
5510.0	92.0	9.05	4.28
5510.0	93.0	9.47	4.76
5510.0	94.0	10.78	4.48
5510.0	95.0	11.07	5.02
5510.0	96.0	4.48	2.77
5510.0	97.0	4.18	3.47
5520.0	76.0	2.96	5.66
5520.0	77.0	3.30	7.59
5520.0	78.0	3.22	6.75
5520.0	81.0	0.99	4.40
5520.0	82.0	0.73	3.61
5520.0	85.0	14.02	3.10
5520.0	86.0	10.70	3.09
5520.0	87.0	9.21	3.31
5520.0	88.0	9.22	3.85
5520.0	89.0	4.29	7.48
5520.0	90.0	12.16	8.45
5520.0	91.0	8.57	5.15
5520.0	92.0	8.70	4.32
5520.0	93.0	9.07	4.85
5520.0	94.0	10.37	4.61
5520.0	95.0	10.67	5.12
5520.0	96.0	4.98	2.84
5520.0	97.0	4.66	3.52
5530.0	76.0	2.71	5.63
5530.0	77.0	2.99	7.63
5530.0	78.0	2.95	6.78
5530.0	81.0	0.59	4.26
5530.0	82.0	0.31	3.53
5530.0	85.0	14.53	3.11
5530.0	86.0	11.19	3.10
5530.0	87.0	9.71	3.34
5530.0	88.0	9.66	3.93
5530.0	89.0	3.89	7.49
5530.0	90.0	12.19	8.14
5530.0	91.0	8.19	5.18
5530.0	92.0	8.35	4.37
5530.0	93.0	8.73	4.87
5530.0	94.0	9.96	4.74
5530.0	95.0	10.31	5.30
5530.0	96.0	5.47	2.92
5530.0	97.0	5.14	3.56
5540.0	76.0	2.46	5.60
5540.0	77.0	2.68	7.66
5540.0	78.0	2.64	6.79
5540.0	81.0	0.19	4.11
5540.0	85.0	15.04	3.13
5540.0	86.0	11.68	3.11
5540.0	87.0	10.22	3.37
5540.0	88.0	10.11	4.03
5540.0	89.0	3.55	7.49
5540.0	90.0	12.21	7.82
5540.0	91.0	7.81	5.20
5540.0	92.0	8.00	4.41
5540.0	93.0	8.39	4.90
5540.0	94.0	9.55	4.87
5540.0	95.0	9.97	5.49
5540.0	96.0	5.96	2.99
5540.0	97.0	5.63	3.61
5550.0	76.0	2.21	5.57
5550.0	77.0	2.38	7.66
5550.0	78.0	2.33	6.80
5550.0	86.0	12.17	3.12
5550.0	87.0	10.72	3.40
5550.0	88.0	10.56	4.13
5550.0	89.0	3.22	7.48
5550.0	90.0	12.22	7.49
5550.0	91.0	7.47	5.16
5550.0	92.0	7.67	4.39
5550.0	93.0	8.05	4.92
5550.0	94.0	9.14	5.08
5550.0	95.0	9.62	5.68
5550.0	96.0	6.48	3.04
5550.0	97.0	6.21	3.65
5560.0	76.0	1.96	5.54
5560.0	77.0	2.08	7.66
5560.0	78.0	2.01	6.82
5560.0	86.0	12.66	3.14
5560.0	87.0	11.23	3.46
5560.0	88.0	11.05	4.22
5560.0	89.0	2.88	7.47
5560.0	90.0	12.23	7.17
5560.0	91.0	7.13	5.11
5560.0	92.0	7.34	4.36
5560.0	93.0	7.71	4.94
5560.0	94.0	8.72	5.31
5560.0	95.0	9.21	5.88
5560.0	96.0	7.02	3.06
5560.0	97.0	6.79	3.70
5570.0	76.0	1.70	5.50
5570.0	77.0	1.78	7.66
5570.0	78.0	1.71	6.84
5570.0	86.0	13.15	3.15
5570.0	87.0	11.74	3.55
5570.0	88.0	11.56	4.30
5570.0	89.0	2.61	7.50
5570.0	90.0	12.24	6.85
5570.0	91.0	6.79	5.06
5570.0	92.0	7.01	4.33
5570.0	93.0	7.38	4.94
5570.0	94.0	8.31	5.54
5570.0	95.0	8.71	6.09
5570.0	96.0	7.56	3.08
5570.0	97.0	7.37	3.75
5580.0	76.0	1.44	5.46
5580.0	77.0	1.48	7.66
5580.0	78.0	1.46	6.88
5580.0	86.0	13.65	3.16
5580.0	87.0	12.25	3.63
5580.0	88.0	12.06	4.38
5580.0	89.0	2.34	7.54
5580.0	90.0	12.22	6.55
5580.0	91.0	6.45	5.02
5580.0	92.0	6.67	4.26
5580.0	93.0	7.04	4.94
5580.0	94.0	7.85	5.70
5580.0	95.0	8.21	6.29
5580.0	96.0	8.11	3.10
5580.0	97.0	7.85	3.77
5590.0	76.0	1.16	5.41
5590.0	77.0	1.22	7.64
5590.0	78.0	1.20	6.92
5590.0	86.0	14.14	3.18
5590.0	87.0	12.77	3.71
5590.0	88.0	12.56	4.50
5590.0	89.0	2.07	7.57
5590.0	90.0	12.07	6.37
5590.0	91.0	6.10	4.98
5590.0	92.0	6.32	4.13
5590.0	93.0	6.71	4.94
5590.0	94.0	7.35	5.78
5590.0	95.0	7.71	6.49
5590.0	96.0	8.65	3.12
5590.0	97.0	8.34	3.79
5600.0	76.0	0.88	5.35
5600.0	77.0	0.97	7.61
5600.0	78.0	0.94	6.96
5600.0	86.0	14.63	3.19
5600.0	87.0	13.27	3.84
5600.0	88.0	13.04	4.63
5600.0	89.0	1.80	7.59
5600.0	90.0	11.92	6.19
5600.0	91.0	5.75	4.94
5600.0	92.0	5.97	4.00
5600.0	93.0	6.41	4.89
5600.0	94.0	6.85	5.86
5600.0	95.0	7.24	6.58
5600.0	96.0	9.16	3.13
5600.0	97.0	8.82	3.81
5610.0	76.0	0.60	5.29
5610.0	77.0	0.72	7.57
5610.0	78.0	0.68	6.98
5610.0	86.0	15.12	3.20
5610.0	87.0	13.77	3.97
5610.0	88.0	13.53	4.76
5610.0	89.0	1.54	7.61
5610.0	90.0	11.58	6.08
5610.0	91.0	5.40	4.91
5610.0	92.0	5.63	3.87
5610.0	93.0	6.12	4.80
5610.0	94.0	6.35	5.95
5610.0	95.0	6.77	6.66
5610.0	96.0	9.67	3.13
5610.0	97.0	9.34	3.82
5620.0	76.0	0.32	5.24
5620.0	77.0	0.47	7.54
5620.0	78.0	0.38	6.92
5620.0	87.0	14.27	4.10
5620.0	88.0	14.05	4.84
5620.0	89.0	1.27	7.63
5620.0	90.0	11.15	5.99
5620.0	91.0	5.05	4.87
5620.0	92.0	5.26	3.76
5620.0	93.0	5.84	4.71
5620.0	94.0	5.85	6.05
5620.0	95.0	6.31	6.73
5620.0	96.0	10.18	3.13
5620.0	97.0	9.87	3.82
5630.0	77.0	0.22	7.51
5630.0	78.0	0.08	6.87
5630.0	87.0	14.77	4.23
5630.0	88.0	14.58	4.91
5630.0	89.0	1.01	7.88
5630.0	90.0	10.75	5.99
5630.0	91.0	4.72	4.90
5630.0	92.0	4.90	3.65
5630.0	93.0	5.56	4.62
5630.0	94.0	5.35	6.15
5630.0	95.0	5.84	6.78
5630.0	96.0	10.69	3.13
5630.0	97.0	10.40	3.82
5640.0	88.0	15.11	4.98
5640.0	89.0	0.74	8.16
5640.0	90.0	10.38	6.10
5640.0	91.0	4.38	4.93
5640.0	92.0	4.53	3.54
5640.0	93.0	5.19	4.51
5640.0	94.0	4.84	6.25
5640.0	95.0	5.37	6.83
5640.0	96.0	11.20	3.13
5640.0	97.0	10.93	3.82
5650.0	89.0	0.48	8.43
5650.0	90.0	10.01	6.21
5650.0	91.0	4.04	4.97
5650.0	92.0	4.18	3.47
5650.0	93.0	4.76	4.39
5650.0	94.0	4.35	6.28
5650.0	95.0	4.90	6.87
5650.0	96.0	11.71	3.13
5650.0	97.0	11.46	3.80
5660.0	89.0	0.27	8.95
5660.0	90.0	9.64	6.38
5660.0	91.0	3.71	5.00
5660.0	92.0	3.85	3.49
5660.0	93.0	4.35	4.29
5660.0	94.0	3.87	6.28
5660.0	95.0	4.43	6.91
5660.0	96.0	12.23	3.14
5660.0	97.0	11.99	3.76
5670.0	89.0	0.09	9.63
5670.0	90.0	9.28	6.57
5670.0	91.0	3.37	5.03
5670.0	92.0	3.53	3.51
5670.0	93.0	3.98	4.25
5670.0	94.0	3.38	6.28
5670.0	95.0	4.00	6.93
5670.0	96.0	12.74	3.15
5670.0	97.0	12.52	3.73
5680.0	90.0	8.92	6.73
5680.0	91.0	3.03	4.99
5680.0	92.0	3.21	3.53
5680.0	93.0	3.62	4.21
5680.0	94.0	2.90	6.28
5680.0	95.0	3.58	6.94
5680.0	96.0	13.25	3.16
5680.0	97.0	13.05	3.69
5690.0	90.0	8.58	6.87
5690.0	91.0	2.70	4.93
5690.0	92.0	2.85	3.49
5690.0	93.0	3.25	4.17
5690.0	94.0	2.41	6.36
5690.0	95.0	3.16	6.95
5690.0	96.0	13.76	3.17
5690.0	97.0	13.58	3.66
5700.0	90.0	8.24	7.01
5700.0	91.0	2.36	4.86
5700.0	92.0	2.49	3.45
5700.0	93.0	2.86	4.13
5700.0	94.0	1.92	6.44
5700.0	95.0	2.74	6.96
5700.0	96.0	14.27	3.18
5700.0	97.0	14.11	3.62
5710.0	90.0	7.88	7.06
5710.0	91.0	2.02	4.80
5710.0	92.0	2.13	3.41
5710.0	93.0	2.43	4.10
5710.0	94.0	1.44	6.53
5710.0	95.0	2.36	7.00
5710.0	96.0	14.78	3.19
5710.0	97.0	14.65	3.58
5710.0	98.0	14.96	2.53
5720.0	90.0	7.51	7.04
5720.0	91.0	1.69	4.72
5720.0	92.0	1.78	3.37
5720.0	93.0	2.01	4.06
5720.0	94.0	1.13	6.66
5720.0	95.0	2.03	7.07
5720.0	97.0	15.18	3.55
5720.0	98.0	14.49	2.63
5730.0	90.0	7.14	7.03
5730.0	91.0	1.36	4.62
5730.0	92.0	1.42	3.34
5730.0	93.0	1.58	4.03
5730.0	94.0	0.81	6.79
5730.0	95.0	1.70	7.14
5730.0	98.0	14.01	2.73
5740.0	90.0	6.77	7.01
5740.0	91.0	1.03	4.52
5740.0	92.0	1.06	3.32
5740.0	93.0	1.24	3.98
5740.0	94.0	0.49	6.92
5740.0	95.0	1.37	7.21
5740.0	98.0	13.53	2.83
5750.0	90.0	6.39	6.99
5750.0	91.0	0.70	4.41
5750.0	92.0	0.71	3.29
5750.0	93.0	0.99	3.93
5750.0	94.0	0.18	7.06
5750.0	95.0	1.17	7.39
5750.0	98.0	13.06	2.86
5760.0	90.0	6.02	6.97
5760.0	91.0	0.37	4.31
5760.0	92.0	0.35	3.26
5760.0	93.0	0.74	3.89
5760.0	95.0	0.97	7.56
5760.0	98.0	12.60	2.86
5770.0	90.0	5.64	6.95
5770.0	91.0	0.04	4.21
5770.0	92.0	-0.00	3.24
5770.0	93.0	0.49	3.84
5770.0	95.0	0.77	7.74
5770.0	98.0	12.14	2.85
5780.0	90.0	5.28	6.95
5780.0	93.0	0.24	3.79
5780.0	95.0	0.59	7.92
5780.0	98.0	11.68	2.84
5790.0	90.0	4.94	6.95
5790.0	95.0	0.56	8.11
5790.0	98.0	11.21	2.84
5800.0	90.0	4.59	6.96
5800.0	95.0	0.53	8.31
5800.0	98.0	10.75	2.81
5810.0	90.0	4.24	6.97
5810.0	95.0	0.50	8.50
5810.0	98.0	10.28	2.78
5820.0	90.0	3.90	6.97
5820.0	95.0	0.47	8.69
5820.0	98.0	9.82	2.75
5830.0	90.0	3.59	6.96
5830.0	98.0	9.38	2.77
5840.0	90.0	3.28	6.95
5840.0	98.0	8.96	2.80
5850.0	90.0	2.96	6.94
5850.0	98.0	8.53	2.84
5860.0	90.0	2.65	6.93
5860.0	98.0	8.11	2.87
5860.0	99.0	0.48	5.80
5860.0	100.0	0.26	4.94
5870.0	90.0	2.34	6.92
5870.0	98.0	7.69	2.90
5870.0	99.0	0.89	5.79
5870.0	100.0	0.62	4.91
5880.0	90.0	2.07	6.99
5880.0	98.0	7.26	2.93
5880.0	99.0	1.30	5.78
5880.0	100.0	0.98	4.89
5890.0	90.0	1.82	7.08
5890.0	98.0	6.79	2.88
5890.0	99.0	1.71	5.78
5890.0	100.0	1.35	4.86
5900.0	90.0	1.56	7.16
5900.0	98.0	6.32	2.83
5900.0	99.0	2.11	5.74
5900.0	100.0	1.73	4.83
5910.0	90.0	1.31	7.25
5910.0	98.0	5.84	2.77
5910.0	99.0	2.50	5.71
5910.0	100.0	2.18	4.80
5920.0	90.0	1.11	7.39
5920.0	98.0	5.36	2.71
5920.0	99.0	2.90	5.67
5920.0	100.0	2.62	4.76
5920.0	101.0	14.56	3.95
5930.0	90.0	0.98	7.59
5930.0	98.0	4.89	2.65
5930.0	99.0	3.30	5.64
5930.0	100.0	3.07	4.72
5930.0	101.0	13.84	3.94
5940.0	90.0	0.85	7.80
5940.0	98.0	4.40	2.64
5940.0	99.0	3.70	5.61
5940.0	100.0	3.51	4.68
5940.0	101.0	13.12	3.92
5950.0	90.0	0.72	8.01
5950.0	98.0	3.89	2.68
5950.0	99.0	4.11	5.57
5950.0	100.0	3.96	4.65
5950.0	101.0	12.42	3.87
5960.0	90.0	0.59	8.22
5960.0	98.0	3.38	2.72
5960.0	99.0	4.54	5.54
5960.0	100.0	4.41	4.61
5960.0	101.0	11.73	3.75
5970.0	90.0	0.46	8.43
5970.0	98.0	2.88	2.76
5970.0	99.0	4.98	5.51
5970.0	100.0	4.85	4.58
5970.0	101.0	11.04	3.63
5980.0	98.0	2.37	2.79
5980.0	99.0	5.41	5.49
5980.0	100.0	5.30	4.54
5980.0	101.0	10.36	3.51
5980.0	102.0	14.69	3.53
5990.0	98.0	1.90	2.76
5990.0	99.0	5.84	5.46
5990.0	100.0	5.75	4.51
5990.0	101.0	9.64	3.43
5990.0	102.0	13.88	3.63
6000.0	98.0	1.42	2.74
6000.0	99.0	6.30	5.44
6000.0	100.0	6.20	4.48
6000.0	101.0	8.92	3.39
6000.0	102.0	13.07	3.72
6010.0	98.0	0.94	2.71
6010.0	99.0	6.77	5.43
6010.0	100.0	6.65	4.46
6010.0	101.0	8.19	3.34
6010.0	102.0	12.28	3.79
6020.0	98.0	0.46	2.68
6020.0	99.0	7.24	5.42
6020.0	100.0	7.10	4.43
6020.0	101.0	7.46	3.29
6020.0	102.0	11.60	3.74
6030.0	99.0	7.72	5.41
6030.0	100.0	7.56	4.41
6030.0	101.0	6.73	3.25
6030.0	102.0	10.91	3.69
6040.0	99.0	8.19	5.40
6040.0	100.0	8.02	4.41
6040.0	101.0	6.06	3.28
6040.0	102.0	10.23	3.65
6050.0	99.0	8.66	5.41
6050.0	100.0	8.52	4.46
6050.0	101.0	5.39	3.31
6050.0	102.0	9.54	3.64
6060.0	99.0	9.14	5.44
6060.0	100.0	9.02	4.51
6060.0	101.0	4.72	3.34
6060.0	102.0	8.84	3.67
6070.0	99.0	9.62	5.47
6070.0	100.0	9.52	4.57
6070.0	101.0	4.04	3.37
6070.0	102.0	8.14	3.69
6070.0	103.0	0.13	7.06
6070.0	104.0	0.36	8.04
6080.0	99.0	10.10	5.50
6080.0	100.0	10.02	4.62
6080.0	101.0	3.36	3.39
6080.0	102.0	7.45	3.72
6080.0	103.0	0.50	6.86
6080.0	104.0	0.73	7.80
6090.0	99.0	10.58	5.53
6090.0	100.0	10.52	4.67
6090.0	101.0	2.66	3.38
6090.0	102.0	6.75	3.69
6090.0	103.0	0.87	6.67
6090.0	104.0	1.10	7.55
6100.0	99.0	10.94	5.57
6100.0	100.0	10.98	4.73
6100.0	101.0	1.96	3.38
6100.0	102.0	6.05	3.65
6100.0	103.0	1.25	6.47
6100.0	104.0	1.48	7.32
6110.0	99.0	11.27	5.60
6110.0	100.0	11.43	4.80
6110.0	101.0	1.26	3.37
6110.0	102.0	5.35	3.61
6110.0	103.0	1.75	6.24
6110.0	104.0	1.92	7.15
6120.0	99.0	11.61	5.64
6120.0	100.0	11.89	4.86
6120.0	101.0	0.56	3.37
6120.0	102.0	4.65	3.57
6120.0	103.0	2.25	6.00
6120.0	104.0	2.36	6.98
6130.0	99.0	11.94	5.68
6130.0	100.0	12.35	4.92
6130.0	101.0	-0.14	3.36
6130.0	102.0	3.95	3.52
6130.0	103.0	2.75	5.77
6130.0	104.0	2.80	6.81
6130.0	105.0	15.15	4.06
6140.0	99.0	12.34	5.84
6140.0	100.0	12.79	5.04
6140.0	102.0	3.25	3.48
6140.0	103.0	3.25	5.65
6140.0	104.0	3.28	6.69
6140.0	105.0	14.52	4.15
6140.0	106.0	14.78	3.21
6150.0	99.0	12.75	6.02
6150.0	100.0	13.20	5.27
6150.0	102.0	2.50	3.45
6150.0	103.0	3.74	5.61
6150.0	104.0	3.77	6.57
6150.0	105.0	13.89	4.25
6150.0	106.0	14.12	3.25
6160.0	99.0	13.16	6.20
6160.0	100.0	13.60	5.51
6160.0	102.0	1.75	3.42
6160.0	103.0	4.24	5.57
6160.0	104.0	4.27	6.46
6160.0	105.0	13.26	4.32
6160.0	106.0	13.47	3.29
6170.0	99.0	13.57	6.40
6170.0	100.0	14.01	5.75
6170.0	102.0	1.00	3.40
6170.0	103.0	4.74	5.52
6170.0	104.0	4.76	6.34
6170.0	105.0	12.64	4.30
6170.0	106.0	12.82	3.32
6180.0	99.0	13.99	6.66
6180.0	100.0	14.40	5.97
6180.0	102.0	0.24	3.37
6180.0	103.0	5.22	5.42
6180.0	104.0	5.26	6.23
6180.0	105.0	12.02	4.28
6180.0	106.0	12.19	3.34
6190.0	99.0	14.40	6.92
6190.0	100.0	14.75	6.13
6190.0	103.0	5.70	5.30
6190.0	104.0	5.80	6.15
6190.0	105.0	11.40	4.26
6190.0	106.0	11.55	3.36
6200.0	99.0	14.82	7.18
6200.0	100.0	15.10	6.28
6200.0	103.0	6.18	5.19
6200.0	104.0	6.34	6.06
6200.0	105.0	10.77	4.24
6200.0	106.0	10.92	3.37
6210.0	103.0	6.65	5.07
6210.0	104.0	6.87	5.97
6210.0	105.0	10.13	4.23
6210.0	106.0	10.29	3.39
6220.0	103.0	7.15	4.98
6220.0	104.0	7.40	5.89
6220.0	105.0	9.49	4.21
6220.0	106.0	9.67	3.40
6230.0	103.0	7.70	4.95
6230.0	104.0	7.89	5.85
6230.0	105.0	8.85	4.19
6230.0	106.0	9.05	3.41
6240.0	103.0	8.24	4.92
6240.0	104.0	8.39	5.82
6240.0	105.0	8.21	4.18
6240.0	106.0	8.43	3.42
6250.0	103.0	8.79	4.90
6250.0	104.0	8.88	5.78
6250.0	105.0	7.63	4.28
6250.0	106.0	7.81	3.44
6260.0	103.0	9.34	4.87
6260.0	104.0	9.37	5.75
6260.0	105.0	7.06	4.38
6260.0	106.0	7.27	3.48
6270.0	103.0	9.88	4.83
6270.0	104.0	9.88	5.69
6270.0	105.0	6.49	4.49
6270.0	106.0	6.74	3.53
6280.0	103.0	10.36	4.70
6280.0	104.0	10.39	5.63
6280.0	105.0	5.91	4.59
6280.0	106.0	6.21	3.58
6280.0	107.0	0.14	2.48
6290.0	103.0	10.85	4.56
6290.0	104.0	10.90	5.57
6290.0	105.0	5.35	4.69
6290.0	106.0	5.68	3.63
6290.0	107.0	0.72	2.47
6290.0	108.0	0.22	3.08
6300.0	103.0	11.33	4.43
6300.0	104.0	11.39	5.44
6300.0	105.0	4.80	4.78
6300.0	106.0	5.14	3.68
6300.0	107.0	1.30	2.45
6300.0	108.0	0.77	3.07
6310.0	103.0	11.82	4.30
6310.0	104.0	11.87	5.23
6310.0	105.0	4.25	4.88
6310.0	106.0	4.51	3.77
6310.0	107.0	1.88	2.44
6310.0	108.0	1.31	3.06
6320.0	103.0	12.32	4.19
6320.0	104.0	12.34	5.03
6320.0	105.0	3.69	4.97
6320.0	106.0	3.88	3.85
6320.0	107.0	2.41	2.45
6320.0	108.0	1.85	3.05
6330.0	103.0	12.83	4.09
6330.0	104.0	12.82	4.83
6330.0	105.0	3.12	5.00
6330.0	106.0	3.26	3.93
6330.0	107.0	2.94	2.47
6330.0	108.0	2.41	3.09
6340.0	103.0	13.33	3.98
6340.0	104.0	13.28	4.72
6340.0	105.0	2.54	4.97
6340.0	106.0	2.64	4.01
6340.0	107.0	3.47	2.49
6340.0	108.0	2.96	3.12
6350.0	103.0	13.83	3.87
6350.0	104.0	13.74	4.66
6350.0	105.0	1.96	4.95
6350.0	106.0	2.05	3.98
6350.0	107.0	4.00	2.51
6350.0	108.0	3.51	3.16
6360.0	103.0	14.33	3.77
6360.0	104.0	14.20	4.60
6360.0	105.0	1.37	4.92
6360.0	106.0	1.46	3.95
6360.0	107.0	4.52	2.53
6360.0	108.0	4.07	3.19
6370.0	103.0	14.83	3.66
6370.0	104.0	14.66	4.55
6370.0	105.0	0.81	4.86
6370.0	106.0	0.87	3.93
6370.0	107.0	5.02	2.56
6370.0	108.0	4.62	3.23
6380.0	104.0	15.12	4.49
6380.0	105.0	0.26	4.79
6380.0	106.0	0.28	3.90
6380.0	107.0	5.51	2.59
6380.0	108.0	5.15	3.27
6390.0	107.0	6.01	2.62
6390.0	108.0	5.68	3.32
6400.0	107.0	6.50	2.65
6400.0	108.0	6.22	3.36
6400.0	109.0	0.45	3.41
6400.0	110.0	0.40	2.56
6410.0	107.0	7.03	2.68
6410.0	108.0	6.75	3.41
6410.0	109.0	0.94	3.41
6410.0	110.0	0.92	2.61
6420.0	107.0	7.59	2.69
6420.0	108.0	7.28	3.45
6420.0	109.0	1.43	3.41
6420.0	110.0	1.44	2.65
6430.0	107.0	8.16	2.71
6430.0	108.0	7.84	3.48
6430.0	109.0	1.92	3.42
6430.0	110.0	1.96	2.69
6440.0	107.0	8.73	2.72
6440.0	108.0	8.41	3.50
6440.0	109.0	2.43	3.43
6440.0	110.0	2.48	2.72
6450.0	107.0	9.30	2.74
6450.0	108.0	8.98	3.52
6450.0	109.0	2.93	3.45
6450.0	110.0	2.98	2.73
6460.0	107.0	9.87	2.75
6460.0	108.0	9.55	3.54
6460.0	109.0	3.44	3.46
6460.0	110.0	3.49	2.74
6470.0	107.0	10.44	2.77
6470.0	108.0	10.12	3.56
6470.0	109.0	3.94	3.47
6470.0	110.0	3.99	2.75
6480.0	107.0	11.01	2.78
6480.0	108.0	10.68	3.58
6480.0	109.0	4.45	3.49
6480.0	110.0	4.50	2.76
6480.0	111.0	14.94	5.27
6490.0	107.0	11.58	2.79
6490.0	108.0	11.22	3.57
6490.0	109.0	4.95	3.50
6490.0	110.0	5.00	2.77
6490.0	111.0	14.49	5.41
6500.0	107.0	12.14	2.74
6500.0	108.0	11.76	3.57
6500.0	109.0	5.46	3.52
6500.0	110.0	5.48	2.78
6500.0	111.0	14.03	5.55
6510.0	107.0	12.69	2.67
6510.0	108.0	12.30	3.56
6510.0	109.0	5.96	3.53
6510.0	110.0	5.96	2.78
6510.0	111.0	13.58	5.68
6510.0	112.0	14.88	4.44
6520.0	107.0	13.25	2.61
6520.0	108.0	12.84	3.56
6520.0	109.0	6.47	3.54
6520.0	110.0	6.44	2.79
6520.0	111.0	13.18	5.70
6520.0	112.0	14.45	4.62
6520.0	113.0	15.01	5.19
6530.0	107.0	13.80	2.54
6530.0	108.0	13.39	3.56
6530.0	109.0	6.98	3.56
6530.0	110.0	6.92	2.80
6530.0	111.0	12.77	5.73
6530.0	112.0	14.02	4.81
6530.0	113.0	14.62	5.32
6530.0	114.0	0.32	6.23
6530.0	115.0	0.21	6.95
6530.0	116.0	0.27	3.68
6540.0	107.0	14.35	2.48
6540.0	108.0	13.97	3.56
6540.0	109.0	7.50	3.58
6540.0	110.0	7.40	2.81
6540.0	111.0	12.37	5.75
6540.0	112.0	13.56	4.90
6540.0	113.0	14.22	5.45
6540.0	114.0	0.75	6.18
6540.0	115.0	0.76	6.92
6540.0	116.0	0.69	3.73
6550.0	107.0	14.91	2.42
6550.0	108.0	14.55	3.56
6550.0	109.0	8.02	3.61
6550.0	110.0	7.87	2.81
6550.0	111.0	12.14	5.73
6550.0	112.0	13.04	4.88
6550.0	113.0	13.83	5.58
6550.0	114.0	1.19	6.13
6550.0	115.0	1.31	6.90
6550.0	116.0	1.12	3.78
6560.0	108.0	15.13	3.56
6560.0	109.0	8.54	3.63
6560.0	110.0	8.42	2.81
6560.0	111.0	11.93	5.71
6560.0	112.0	12.52	4.85
6560.0	113.0	13.39	5.57
6560.0	114.0	1.62	6.08
6560.0	115.0	1.83	6.86
6560.0	116.0	1.54	3.84
6570.0	109.0	9.06	3.65
6570.0	110.0	8.99	2.81
6570.0	111.0	11.54	5.70
6570.0	112.0	12.01	4.82
6570.0	113.0	12.94	5.55
6570.0	114.0	2.08	6.05
6570.0	115.0	2.33	6.82
6570.0	116.0	1.96	3.89
6580.0	109.0	9.59	3.68
6580.0	110.0	9.56	2.81
6580.0	111.0	11.10	5.69
6580.0	112.0	11.55	4.78
6580.0	113.0	12.50	5.54
6580.0	114.0	2.53	6.02
6580.0	115.0	2.84	6.77
6580.0	116.0	2.38	3.97
6590.0	109.0	10.11	3.70
6590.0	110.0	10.13	2.80
6590.0	111.0	10.66	5.69
6590.0	112.0	11.08	4.74
6590.0	113.0	11.97	5.49
6590.0	114.0	2.99	5.99
6590.0	115.0	3.29	6.75
6590.0	116.0	2.81	4.04
6600.0	109.0	10.63	3.72
6600.0	110.0	10.70	2.80
6600.0	111.0	10.23	5.73
6600.0	112.0	10.62	4.71
6600.0	113.0	11.43	5.45
6600.0	114.0	3.44	5.97
6600.0	115.0	3.73	6.74
6600.0	116.0	3.24	4.12
6600.0	117.0	0.53	4.68
6610.0	109.0	11.20	3.68
6610.0	110.0	11.26	2.80
6610.0	111.0	9.79	5.76
6610.0	112.0	10.17	4.68
6610.0	113.0	10.92	5.42
6610.0	114.0	3.90	5.97
6610.0	115.0	4.16	6.73
6610.0	116.0	3.70	4.16
6610.0	117.0	0.95	4.67
6610.0	118.0	0.56	3.84
6620.0	109.0	11.77	3.64
6620.0	110.0	11.83	2.79
6620.0	111.0	9.39	5.76
6620.0	112.0	9.77	4.71
6620.0	113.0	10.47	5.44
6620.0	114.0	4.36	5.97
6620.0	115.0	4.61	6.72
6620.0	116.0	4.19	4.16
6620.0	117.0	1.38	4.66
6620.0	118.0	1.00	3.87
6630.0	109.0	12.34	3.60
6630.0	110.0	12.39	2.78
6630.0	111.0	9.00	5.74
6630.0	112.0	9.37	4.75
6630.0	113.0	10.02	5.46
6630.0	114.0	4.81	5.97
6630.0	115.0	5.08	6.71
6630.0	116.0	4.69	4.17
6630.0	117.0	1.81	4.66
6630.0	118.0	1.44	3.91
6640.0	109.0	12.91	3.56
6640.0	110.0	12.95	2.76
6640.0	111.0	8.62	5.72
6640.0	112.0	8.97	4.78
6640.0	113.0	9.57	5.48
6640.0	114.0	5.26	5.99
6640.0	115.0	5.55	6.70
6640.0	116.0	5.18	4.17
6640.0	117.0	2.23	4.65
6640.0	118.0	1.88	3.93
6650.0	109.0	13.48	3.52
6650.0	110.0	13.51	2.74
6650.0	111.0	8.24	5.70
6650.0	112.0	8.57	4.80
6650.0	113.0	9.15	5.46
6650.0	114.0	5.69	6.08
6650.0	115.0	6.01	6.69
6650.0	116.0	5.69	4.14
6650.0	117.0	2.69	4.60
6650.0	118.0	2.34	3.89
6660.0	109.0	14.05	3.47
6660.0	110.0	14.07	2.72
6660.0	111.0	7.86	5.68
6660.0	112.0	8.16	4.80
6660.0	113.0	8.75	5.40
6660.0	114.0	6.13	6.17
6660.0	115.0	6.49	6.68
6660.0	116.0	6.20	4.06
6660.0	117.0	3.14	4.55
6660.0	118.0	2.81	3.84
6670.0	109.0	14.62	3.43
6670.0	110.0	14.63	2.70
6670.0	111.0	7.48	5.67
6670.0	112.0	7.75	4.80
6670.0	113.0	8.36	5.34
6670.0	114.0	6.56	6.26
6670.0	115.0	6.98	6.67
6670.0	116.0	6.71	3.99
6670.0	117.0	3.59	4.50
6670.0	118.0	3.28	3.79
6680.0	109.0	15.19	3.39
6680.0	111.0	7.08	5.65
6680.0	112.0	7.34	4.80
6680.0	113.0	7.97	5.30
6680.0	114.0	6.99	6.34
6680.0	115.0	7.48	6.67
6680.0	116.0	7.22	3.91
6680.0	117.0	4.04	4.44
6680.0	118.0	3.75	3.75
6690.0	111.0	6.62	5.61
6690.0	112.0	6.92	4.81
6690.0	113.0	7.61	5.31
6690.0	114.0	7.44	6.27
6690.0	115.0	7.97	6.66
6690.0	116.0	7.68	4.02
6690.0	117.0	4.48	4.34
6690.0	118.0	4.17	3.66
6700.0	111.0	6.16	5.57
6700.0	112.0	6.49	4.83
6700.0	113.0	7.24	5.32
6700.0	114.0	7.90	6.19
6700.0	115.0	8.45	6.60
6700.0	116.0	8.14	4.12
6700.0	117.0	4.91	4.24
6700.0	118.0	4.60	3.58
6710.0	111.0	5.71	5.56
6710.0	112.0	6.06	4.84
6710.0	113.0	6.86	5.32
6710.0	114.0	8.35	6.12
6710.0	115.0	8.92	6.50
6710.0	116.0	8.60	4.22
6710.0	117.0	5.34	4.14
6710.0	118.0	5.03	3.49
6720.0	111.0	5.29	5.62
6720.0	112.0	5.63	4.86
6720.0	113.0	6.43	5.32
6720.0	114.0	8.85	5.98
6720.0	115.0	9.39	6.40
6720.0	116.0	9.08	4.31
6720.0	117.0	5.80	4.11
6720.0	118.0	5.46	3.41
6730.0	111.0	4.88	5.69
6730.0	112.0	5.20	4.88
6730.0	113.0	6.01	5.32
6730.0	114.0	9.35	5.84
6730.0	115.0	9.90	6.34
6730.0	116.0	9.58	4.37
6730.0	117.0	6.28	4.12
6730.0	118.0	5.94	3.40
6740.0	111.0	4.46	5.73
6740.0	112.0	4.78	4.88
6740.0	113.0	5.58	5.32
6740.0	114.0	9.85	5.70
6740.0	115.0	10.42	6.29
6740.0	116.0	10.09	4.43
6740.0	117.0	6.76	4.13
6740.0	118.0	6.43	3.39
6750.0	111.0	4.05	5.73
6750.0	112.0	4.36	4.86
6750.0	113.0	5.16	5.32
6750.0	114.0	10.34	5.70
6750.0	115.0	10.92	6.27
6750.0	116.0	10.60	4.49
6750.0	117.0	7.23	4.14
6750.0	118.0	6.91	3.37
6760.0	111.0	3.63	5.73
6760.0	112.0	3.95	4.84
6760.0	113.0	4.74	5.35
6760.0	114.0	10.84	5.70
6760.0	115.0	11.42	6.26
6760.0	116.0	11.11	4.55
6760.0	117.0	7.71	4.15
6760.0	118.0	7.41	3.36
6770.0	111.0	3.22	5.73
6770.0	112.0	3.53	4.82
6770.0	113.0	4.31	5.38
6770.0	114.0	11.34	5.70
6770.0	115.0	11.93	6.25
6770.0	116.0	11.59	4.64
6770.0	117.0	8.18	4.18
6770.0	118.0	7.92	3.34
6770.0	119.0	14.99	3.72
6780.0	111.0	2.80	5.72
6780.0	112.0	3.11	4.80
6780.0	113.0	3.89	5.41
6780.0	114.0	11.83	5.73
6780.0	115.0	12.47	6.31
6780.0	116.0	12.08	4.74
6780.0	117.0	8.64	4.22
6780.0	118.0	8.43	3.33
6780.0	119.0	14.37	3.71
6790.0	111.0	2.39	5.71
6790.0	112.0	2.69	4.82
6790.0	113.0	3.47	5.44
6790.0	114.0	12.32	5.78
6790.0	115.0	13.03	6.37
6790.0	116.0	12.57	4.83
6790.0	117.0	9.11	4.26
6790.0	118.0	8.95	3.31
6790.0	119.0	13.76	3.70
6800.0	111.0	1.97	5.69
6800.0	112.0	2.26	4.85
6800.0	113.0	3.06	5.47
6800.0	114.0	12.81	5.83
6800.0	115.0	13.58	6.44
6800.0	116.0	13.04	4.95
6800.0	117.0	9.57	4.30
6800.0	118.0	9.46	3.30
6800.0	119.0	13.16	3.54
6810.0	111.0	1.56	5.68
6810.0	112.0	1.83	4.88
6810.0	113.0	2.67	5.47
6810.0	114.0	13.30	5.88
6810.0	115.0	13.98	6.58
6810.0	116.0	13.50	5.07
6810.0	117.0	10.03	4.34
6810.0	118.0	9.94	3.42
6810.0	119.0	12.58	3.27
6810.0	120.0	0.71	3.95
6810.0	121.0	0.16	3.22
6820.0	111.0	1.21	5.61
6820.0	112.0	1.40	4.91
6820.0	113.0	2.28	5.47
6820.0	114.0	13.76	5.95
6820.0	115.0	14.36	6.74
6820.0	116.0	13.96	5.20
6820.0	117.0	10.54	4.35
6820.0	118.0	10.42	3.53
6820.0	119.0	12.02	3.05
6820.0	120.0	0.96	4.01
6820.0	121.0	0.55	3.22
6830.0	111.0	0.87	5.55
6830.0	112.0	0.97	4.93
6830.0	113.0	1.90	5.47
6830.0	114.0	14.16	6.07
6830.0	115.0	14.74	6.89
6830.0	116.0	14.43	5.32
6830.0	117.0	11.04	4.36
6830.0	118.0	10.91	3.63
6830.0	119.0	11.50	2.92
6830.0	120.0	1.22	4.06
6830.0	121.0	0.94	3.21
6840.0	111.0	0.52	5.48
6840.0	112.0	0.63	4.80
6840.0	113.0	1.51	5.43
6840.0	114.0	14.56	6.19
6840.0	115.0	15.12	7.05
6840.0	116.0	14.89	5.45
6840.0	117.0	11.55	4.37
6840.0	118.0	11.38	3.68
6840.0	119.0	10.97	2.81
6840.0	120.0	1.50	4.11
6840.0	121.0	1.32	3.20
6850.0	111.0	0.18	5.41
6850.0	112.0	0.32	4.63
6850.0	113.0	1.12	5.34
6850.0	114.0	14.97	6.31
6850.0	117.0	12.05	4.38
6850.0	118.0	11.85	3.73
6850.0	119.0	10.37	2.77
6850.0	120.0	1.93	4.11
6850.0	121.0	1.76	3.20
6860.0	113.0	0.74	5.24
6860.0	117.0	12.56	4.39
6860.0	118.0	12.32	3.78
6860.0	119.0	9.77	2.73
6860.0	120.0	2.36	4.12
6860.0	121.0	2.28	3.19
6870.0	113.0	0.35	5.15
6870.0	117.0	13.03	4.37
6870.0	118.0	12.78	3.73
6870.0	119.0	9.18	2.69
6870.0	120.0	2.80	4.13
6870.0	121.0	2.79	3.18
6880.0	117.0	13.50	4.36
6880.0	118.0	13.22	3.65
6880.0	119.0	8.62	2.68
6880.0	120.0	3.22	4.14
6880.0	121.0	3.30	3.18
6890.0	117.0	13.97	4.34
6890.0	118.0	13.67	3.56
6890.0	119.0	8.06	2.66
6890.0	120.0	3.64	4.15
6890.0	121.0	3.80	3.21
6900.0	117.0	14.44	4.32
6900.0	118.0	14.16	3.53
6900.0	119.0	7.51	2.65
6900.0	120.0	4.06	4.16
6900.0	121.0	4.27	3.28
6910.0	117.0	14.91	4.30
6910.0	118.0	14.67	3.52
6910.0	119.0	6.95	2.64
6910.0	120.0	4.48	4.18
6910.0	121.0	4.75	3.35
6920.0	118.0	15.18	3.51
6920.0	119.0	6.40	2.63
6920.0	120.0	4.97	4.24
6920.0	121.0	5.23	3.42
6930.0	119.0	5.85	2.62
6930.0	120.0	5.46	4.31
6930.0	121.0	5.72	3.48
6940.0	119.0	5.29	2.61
6940.0	120.0	5.96	4.38
6940.0	121.0	6.25	3.48
6950.0	119.0	4.76	2.63
6950.0	120.0	6.45	4.46
6950.0	121.0	6.79	3.48
6960.0	119.0	4.25	2.67
6960.0	120.0	6.92	4.53
6960.0	121.0	7.33	3.48
6970.0	119.0	3.73	2.71
6970.0	120.0	7.39	4.61
6970.0	121.0	7.86	3.48
6980.0	119.0	3.22	2.75
6980.0	120.0	7.85	4.69
6980.0	121.0	8.39	3.49
6980.0	122.0	0.23	3.17
6980.0	123.0	-0.05	4.27
6990.0	119.0	2.71	2.78
6990.0	120.0	8.32	4.77
6990.0	121.0	8.87	3.51
6990.0	122.0	0.74	3.35
6990.0	123.0	0.50	4.40
7000.0	119.0	2.19	2.68
7000.0	120.0	8.78	4.85
7000.0	121.0	9.36	3.54
7000.0	122.0	1.24	3.52
7000.0	123.0	1.04	4.53
7010.0	119.0	1.68	2.58
7010.0	120.0	9.28	4.85
7010.0	121.0	9.85	3.56
7010.0	122.0	1.74	3.67
7010.0	123.0	1.59	4.66
7010.0	124.0	0.40	3.91
7010.0	125.0	0.15	3.29
7020.0	119.0	1.22	2.64
7020.0	120.0	9.78	4.86
7020.0	121.0	10.33	3.59
7020.0	122.0	2.24	3.81
7020.0	123.0	2.10	4.75
7020.0	124.0	0.91	3.97
7020.0	125.0	0.71	3.31
7030.0	119.0	0.75	2.71
7030.0	120.0	10.28	4.86
7030.0	121.0	10.83	3.59
7030.0	122.0	2.74	3.94
7030.0	123.0	2.61	4.83
7030.0	124.0	1.41	4.02
7030.0	125.0	1.26	3.34
7040.0	119.0	0.28	2.78
7040.0	120.0	10.78	4.87
7040.0	121.0	11.36	3.56
7040.0	122.0	3.24	4.05
7040.0	123.0	3.13	4.91
7040.0	124.0	1.92	4.08
7040.0	125.0	1.82	3.36
7050.0	120.0	11.28	4.85
7050.0	121.0	11.89	3.53
7050.0	122.0	3.74	4.13
7050.0	123.0	3.66	4.98
7050.0	124.0	2.42	4.20
7050.0	125.0	2.35	3.48
7060.0	120.0	11.78	4.82
7060.0	121.0	12.41	3.50
7060.0	122.0	4.25	4.21
7060.0	123.0	4.19	5.06
7060.0	124.0	2.93	4.33
7060.0	125.0	2.87	3.60
7070.0	120.0	12.28	4.79
7070.0	121.0	12.94	3.47
7070.0	122.0	4.76	4.27
7070.0	123.0	4.73	5.13
7070.0	124.0	3.44	4.45
7070.0	125.0	3.40	3.73
7080.0	120.0	12.79	4.75
7080.0	121.0	13.46	3.50
7080.0	122.0	5.33	4.24
7080.0	123.0	5.28	5.20
7080.0	124.0	3.95	4.57
7080.0	125.0	3.93	3.85
7090.0	120.0	13.33	4.69
7090.0	121.0	13.97	3.54
7090.0	122.0	5.90	4.22
7090.0	123.0	5.84	5.26
7090.0	124.0	4.50	4.64
7090.0	125.0	4.47	3.93
7100.0	120.0	13.87	4.63
7100.0	121.0	14.48	3.58
7100.0	122.0	6.46	4.19
7100.0	123.0	6.41	5.31
7100.0	124.0	5.05	4.71
7100.0	125.0	5.03	3.96
7110.0	120.0	14.40	4.57
7110.0	121.0	14.99	3.63
7110.0	122.0	7.03	4.18
7110.0	123.0	6.98	5.37
7110.0	124.0	5.60	4.78
7110.0	125.0	5.59	4.00
7120.0	120.0	14.94	4.51
7120.0	122.0	7.58	4.19
7120.0	123.0	7.50	5.41
7120.0	124.0	6.14	4.86
7120.0	125.0	6.15	4.03
7130.0	122.0	8.13	4.21
7130.0	123.0	7.98	5.43
7130.0	124.0	6.68	4.89
7130.0	125.0	6.70	4.06
7140.0	122.0	8.69	4.22
7140.0	123.0	8.46	5.45
7140.0	124.0	7.20	4.90
7140.0	125.0	7.20	4.05
7150.0	122.0	9.23	4.21
7150.0	123.0	8.94	5.48
7150.0	124.0	7.72	4.90
7150.0	125.0	7.70	4.04
7160.0	122.0	9.78	4.19
7160.0	123.0	9.45	5.49
7160.0	124.0	8.24	4.91
7160.0	125.0	8.20	4.02
7170.0	122.0	10.32	4.18
7170.0	123.0	9.98	5.50
7170.0	124.0	8.76	4.91
7170.0	125.0	8.70	4.01
7180.0	122.0	10.87	4.16
7180.0	123.0	10.51	5.51
7180.0	124.0	9.27	4.93
7180.0	125.0	9.21	4.05
7190.0	122.0	11.38	4.13
7190.0	123.0	11.04	5.48
7190.0	124.0	9.79	4.95
7190.0	125.0	9.73	4.10
7200.0	122.0	11.89	4.10
7200.0	123.0	11.57	5.36
7200.0	124.0	10.30	4.97
7200.0	125.0	10.25	4.16
7210.0	122.0	12.39	4.07
7210.0	123.0	12.10	5.24
7210.0	124.0	10.81	4.99
7210.0	125.0	10.76	4.22
7220.0	122.0	12.90	4.04
7220.0	123.0	12.64	5.12
7220.0	124.0	11.33	5.01
7220.0	125.0	11.28	4.27
7230.0	122.0	13.40	3.97
7230.0	123.0	13.16	4.98
7230.0	124.0	11.86	4.98
7230.0	125.0	11.82	4.26
7240.0	122.0	13.90	3.78
7240.0	123.0	13.67	4.81
7240.0	124.0	12.40	4.95
7240.0	125.0	12.36	4.24
7250.0	122.0	14.41	3.59
7250.0	123.0	14.18	4.65
7250.0	124.0	12.94	4.91
7250.0	125.0	12.90	4.23
7260.0	122.0	14.91	3.39
7260.0	123.0	14.68	4.49
7260.0	124.0	13.45	4.83
7260.0	125.0	13.40	4.17
7270.0	124.0	13.94	4.69
7270.0	125.0	13.84	4.06
7280.0	124.0	14.42	4.54
7280.0	125.0	14.28	3.95
7290.0	124.0	14.91	4.40
7290.0	125.0	14.72	3.84
7300.0	125.0	15.16	3.72
7300.0	126.0	14.99	5.58
7310.0	126.0	14.69	5.59
7320.0	126.0	14.40	5.60
7330.0	126.0	14.11	5.61
7330.0	127.0	14.77	3.06
7330.0	129.0	15.00	5.40
7340.0	126.0	13.80	5.61
7340.0	127.0	14.33	3.21
7340.0	128.0	14.67	4.59
7340.0	129.0	14.65	5.33
7350.0	126.0	13.49	5.61
7350.0	127.0	13.88	3.37
7350.0	128.0	14.31	4.55
7350.0	129.0	14.30	5.27
7360.0	126.0	13.19	5.61
7360.0	127.0	13.44	3.52
7360.0	128.0	13.94	4.51
7360.0	129.0	13.96	5.20
7360.0	130.0	14.92	4.18
7370.0	126.0	12.88	5.61
7370.0	127.0	12.99	3.55
7370.0	128.0	13.55	4.48
7370.0	129.0	13.61	5.14
7370.0	130.0	14.44	4.01
7380.0	126.0	12.52	5.66
7380.0	127.0	12.55	3.51
7380.0	128.0	13.11	4.46
7380.0	129.0	13.16	5.13
7380.0	130.0	13.97	3.84
7390.0	126.0	12.16	5.71
7390.0	127.0	12.11	3.47
7390.0	128.0	12.68	4.44
7390.0	129.0	12.69	5.13
7390.0	130.0	13.49	3.67
7400.0	126.0	11.79	5.77
7400.0	127.0	11.67	3.43
7400.0	128.0	12.24	4.43
7400.0	129.0	12.23	5.13
7400.0	130.0	13.00	3.53
7410.0	126.0	11.40	5.81
7410.0	127.0	11.24	3.42
7410.0	128.0	11.80	4.40
7410.0	129.0	11.76	5.13
7410.0	130.0	12.47	3.44
7420.0	126.0	10.97	5.83
7420.0	127.0	10.81	3.42
7420.0	128.0	11.37	4.36
7420.0	129.0	11.33	5.14
7420.0	130.0	11.94	3.34
7430.0	126.0	10.53	5.85
7430.0	127.0	10.38	3.43
7430.0	128.0	10.94	4.32
7430.0	129.0	10.93	5.16
7430.0	130.0	11.42	3.25
7440.0	126.0	10.12	5.88
7440.0	127.0	9.96	3.44
7440.0	128.0	10.51	4.28
7440.0	129.0	10.53	5.18
7440.0	130.0	10.84	3.11
7450.0	126.0	9.75	5.91
7450.0	127.0	9.51	3.44
7450.0	128.0	10.08	4.26
7450.0	129.0	10.12	5.20
7450.0	130.0	10.23	2.96
7460.0	126.0	9.38	5.95
7460.0	127.0	9.05	3.44
7460.0	128.0	9.65	4.29
7460.0	129.0	9.72	5.22
7460.0	130.0	9.63	2.80
7470.0	126.0	9.01	5.98
7470.0	127.0	8.59	3.44
7470.0	128.0	9.23	4.32
7470.0	129.0	9.27	5.27
7470.0	130.0	9.03	2.64
7480.0	126.0	8.59	6.03
7480.0	127.0	8.13	3.44
7480.0	128.0	8.80	4.36
7480.0	129.0	8.81	5.32
7480.0	130.0	8.51	2.64
7490.0	126.0	8.14	6.10
7490.0	127.0	7.69	3.44
7490.0	128.0	8.38	4.40
7490.0	129.0	8.35	5.37
7490.0	130.0	8.01	2.65
7500.0	126.0	7.70	6.16
7500.0	127.0	7.29	3.47
7500.0	128.0	7.96	4.46
7500.0	129.0	7.89	5.42
7500.0	130.0	7.50	2.66
7500.0	131.0	15.01	4.22
7510.0	126.0	7.25	6.23
7510.0	127.0	6.89	3.50
7510.0	128.0	7.54	4.51
7510.0	129.0	7.42	5.47
7510.0	130.0	7.00	2.67
7510.0	131.0	14.48	4.30
7520.0	126.0	6.83	6.29
7520.0	127.0	6.50	3.53
7520.0	128.0	7.13	4.57
7520.0	129.0	7.03	5.54
7520.0	130.0	6.52	2.70
7520.0	131.0	13.95	4.37
7530.0	126.0	6.43	6.35
7530.0	127.0	6.10	3.55
7530.0	128.0	6.71	4.62
7530.0	129.0	6.68	5.61
7530.0	130.0	6.07	2.75
7530.0	131.0	13.43	4.44
7540.0	126.0	6.03	6.42
7540.0	127.0	5.70	3.58
7540.0	128.0	6.29	4.67
7540.0	129.0	6.32	5.69
7540.0	130.0	5.61	2.79
7540.0	131.0	12.85	4.47
7550.0	126.0	5.64	6.48
7550.0	127.0	5.33	3.68
7550.0	128.0	5.96	4.73
7550.0	129.0	5.97	5.77
7550.0	130.0	5.16	2.84
7550.0	131.0	12.28	4.51
7560.0	126.0	5.26	6.53
7560.0	127.0	4.96	3.79
7560.0	128.0	5.64	4.79
7560.0	129.0	5.62	5.85
7560.0	130.0	4.70	2.92
7560.0	131.0	11.70	4.54
7570.0	126.0	4.89	6.57
7570.0	127.0	4.59	3.89
7570.0	128.0	5.32	4.85
7570.0	129.0	5.26	5.92
7570.0	130.0	4.25	3.05
7570.0	131.0	11.19	4.58
7580.0	126.0	4.51	6.62
7580.0	127.0	4.22	3.99
7580.0	128.0	4.99	4.91
7580.0	129.0	4.86	5.95
7580.0	130.0	3.79	3.18
7580.0	131.0	10.71	4.62
7590.0	126.0	4.14	6.66
7590.0	127.0	3.88	4.13
7590.0	128.0	4.67	4.96
7590.0	129.0	4.46	5.98
7590.0	130.0	3.34	3.31
7590.0	131.0	10.24	4.66
7600.0	126.0	3.79	6.70
7600.0	127.0	3.60	4.31
7600.0	128.0	4.29	5.08
7600.0	129.0	4.05	6.01
7600.0	130.0	3.00	3.47
7600.0	131.0	9.76	4.70
7610.0	126.0	3.44	6.75
7610.0	127.0	3.31	4.49
7610.0	128.0	3.91	5.19
7610.0	129.0	3.65	6.04
7610.0	130.0	2.74	3.65
7610.0	131.0	9.28	4.73
7620.0	126.0	3.10	6.79
7620.0	127.0	3.02	4.67
7620.0	128.0	3.53	5.30
7620.0	129.0	3.27	6.08
7620.0	130.0	2.48	3.83
7620.0	131.0	8.77	4.75
7630.0	126.0	2.76	6.84
7630.0	127.0	2.74	4.84
7630.0	128.0	3.15	5.41
7630.0	129.0	3.00	6.18
7630.0	130.0	2.21	4.01
7630.0	131.0	8.25	4.77
7630.0	132.0	0.08	3.31
7640.0	126.0	2.44	6.89
7640.0	127.0	2.50	4.99
7640.0	128.0	2.78	5.56
7640.0	129.0	2.72	6.29
7640.0	130.0	1.94	4.21
7640.0	131.0	7.74	4.79
7640.0	132.0	0.58	3.33
7650.0	126.0	2.21	6.99
7650.0	127.0	2.25	5.13
7650.0	128.0	2.43	5.73
7650.0	129.0	2.45	6.39
7650.0	130.0	1.65	4.42
7650.0	131.0	7.23	4.81
7650.0	132.0	1.08	3.34
7660.0	126.0	1.98	7.08
7660.0	127.0	2.01	5.27
7660.0	128.0	2.07	5.90
7660.0	129.0	2.17	6.49
7660.0	130.0	1.35	4.63
7660.0	131.0	6.77	4.82
7660.0	132.0	1.59	3.36
7670.0	126.0	1.75	7.18
7670.0	127.0	1.77	5.41
7670.0	128.0	1.72	6.07
7670.0	129.0	1.87	6.61
7670.0	130.0	1.06	4.85
7670.0	131.0	6.35	4.83
7670.0	132.0	2.10	3.37
7670.0	133.0	15.13	4.62
7680.0	126.0	1.52	7.27
7680.0	127.0	1.54	5.55
7680.0	128.0	1.40	6.25
7680.0	129.0	1.49	6.78
7680.0	130.0	0.78	5.05
7680.0	131.0	5.92	4.83
7680.0	132.0	2.66	3.40
7680.0	133.0	14.64	4.65
7690.0	126.0	1.29	7.48
7690.0	127.0	1.33	5.71
7690.0	128.0	1.10	6.45
7690.0	129.0	1.11	6.95
7690.0	130.0	0.55	5.23
7690.0	131.0	5.50	4.84
7690.0	132.0	3.21	3.43
7690.0	133.0	14.16	4.68
7700.0	126.0	1.07	7.70
7700.0	127.0	1.12	5.88
7700.0	128.0	0.81	6.65
7700.0	129.0	0.73	7.12
7700.0	130.0	0.33	5.41
7700.0	131.0	5.07	4.84
7700.0	132.0	3.77	3.46
7700.0	133.0	13.67	4.71
7700.0	134.0	14.93	3.52
7710.0	126.0	0.85	7.92
7710.0	127.0	0.92	6.04
7710.0	128.0	0.51	6.84
7710.0	129.0	0.60	7.32
7710.0	130.0	0.11	5.58
7710.0	131.0	4.64	4.85
7710.0	132.0	4.33	3.49
7710.0	133.0	13.18	4.69
7710.0	134.0	14.35	3.57
7720.0	126.0	0.67	8.13
7720.0	127.0	0.71	6.20
7720.0	128.0	0.21	7.04
7720.0	129.0	0.50	7.52
7720.0	131.0	4.17	4.88
7720.0	132.0	4.85	3.52
7720.0	133.0	12.69	4.62
7720.0	134.0	13.77	3.62
7730.0	126.0	0.62	8.33
7730.0	127.0	0.50	6.36
7730.0	129.0	0.40	7.72
7730.0	131.0	3.70	4.91
7730.0	132.0	5.30	3.55
7730.0	133.0	12.19	4.56
7730.0	134.0	13.20	3.68
7740.0	126.0	0.58	8.53
7740.0	127.0	0.30	6.52
7740.0	129.0	0.29	7.92
7740.0	131.0	3.23	4.94
7740.0	132.0	5.74	3.58
7740.0	133.0	11.70	4.49
7740.0	134.0	12.71	3.73
7750.0	126.0	0.54	8.73
7750.0	131.0	2.75	4.97
7750.0	132.0	6.19	3.60
7750.0	133.0	11.23	4.53
7750.0	134.0	12.23	3.79
7760.0	131.0	2.28	4.99
7760.0	132.0	6.64	3.63
7760.0	133.0	10.75	4.58
7760.0	134.0	11.75	3.84
7760.0	135.0	0.14	2.86
7770.0	131.0	1.82	5.03
7770.0	132.0	7.11	3.61
7770.0	133.0	10.28	4.63
7770.0	134.0	11.24	3.89
7770.0	135.0	0.49	2.89
7770.0	136.0	-0.05	3.81
7780.0	131.0	1.35	5.06
7780.0	132.0	7.61	3.51
7780.0	133.0	9.85	4.68
7780.0	134.0	10.70	3.94
7780.0	135.0	0.84	2.93
7780.0	136.0	0.39	3.83
7790.0	131.0	0.88	5.10
7790.0	132.0	8.12	3.40
7790.0	133.0	9.48	4.75
7790.0	134.0	10.17	3.99
7790.0	135.0	1.19	2.97
7790.0	136.0	0.83	3.85
7800.0	131.0	0.41	5.13
7800.0	132.0	8.63	3.30
7800.0	133.0	9.11	4.82
7800.0	134.0	9.64	4.03
7800.0	135.0	1.53	3.00
7800.0	136.0	1.27	3.87
7810.0	131.0	-0.06	5.17
7810.0	132.0	9.13	3.20
7810.0	133.0	8.74	4.89
7810.0	134.0	9.14	4.10
7810.0	135.0	1.88	3.04
7810.0	136.0	1.70	3.89
7820.0	132.0	9.66	3.22
7820.0	133.0	8.37	4.96
7820.0	134.0	8.65	4.17
7820.0	135.0	2.27	3.06
7820.0	136.0	2.11	3.90
7830.0	132.0	10.18	3.25
7830.0	133.0	8.02	5.05
7830.0	134.0	8.16	4.23
7830.0	135.0	2.69	3.07
7830.0	136.0	2.52	3.91
7840.0	132.0	10.70	3.28
7840.0	133.0	7.66	5.15
7840.0	134.0	7.66	4.30
7840.0	135.0	3.11	3.08
7840.0	136.0	2.93	3.92
7850.0	132.0	11.21	3.35
7850.0	133.0	7.31	5.24
7850.0	134.0	7.22	4.43
7850.0	135.0	3.54	3.09
7850.0	136.0	3.33	3.93
7860.0	132.0	11.72	3.42
7860.0	133.0	6.96	5.34
7860.0	134.0	6.79	4.59
7860.0	135.0	3.96	3.11
7860.0	136.0	3.75	3.94
7870.0	132.0	12.23	3.49
7870.0	133.0	6.53	5.49
7870.0	134.0	6.36	4.75
7870.0	135.0	4.39	3.13
7870.0	136.0	4.17	3.96
7880.0	132.0	12.74	3.56
7880.0	133.0	6.09	5.64
7880.0	134.0	5.94	4.91
7880.0	135.0	4.82	3.15
7880.0	136.0	4.59	3.97
7890.0	132.0	13.25	3.63
7890.0	133.0	5.65	5.80
7890.0	134.0	5.51	5.05
7890.0	135.0	5.25	3.17
7890.0	136.0	5.01	3.99
7900.0	132.0	13.77	3.65
7900.0	133.0	5.23	5.96
7900.0	134.0	5.08	5.13
7900.0	135.0	5.68	3.19
7900.0	136.0	5.43	4.00
7910.0	132.0	14.29	3.68
7910.0	133.0	4.82	6.11
7910.0	134.0	4.65	5.21
7910.0	135.0	6.11	3.21
7910.0	136.0	5.85	4.03
7920.0	132.0	14.82	3.70
7920.0	133.0	4.41	6.27
7920.0	134.0	4.21	5.29
7920.0	135.0	6.54	3.23
7920.0	136.0	6.27	4.06
7930.0	133.0	4.00	6.42
7930.0	134.0	3.79	5.43
7930.0	135.0	6.98	3.25
7930.0	136.0	6.68	4.10
7940.0	133.0	3.61	6.52
7940.0	134.0	3.38	5.62
7940.0	135.0	7.47	3.25
7940.0	136.0	7.10	4.13
7950.0	133.0	3.23	6.61
7950.0	134.0	2.97	5.80
7950.0	135.0	7.96	3.25
7950.0	136.0	7.52	4.16
7960.0	133.0	2.84	6.71
7960.0	134.0	2.56	5.98
7960.0	135.0	8.45	3.25
7960.0	136.0	7.94	4.19
7970.0	133.0	2.47	6.83
7970.0	134.0	2.16	6.15
7970.0	135.0	8.94	3.25
7970.0	136.0	8.43	4.23
7980.0	133.0	2.13	7.01
7980.0	134.0	1.77	6.30
7980.0	135.0	9.44	3.25
7980.0	136.0	8.93	4.27
7990.0	133.0	1.78	7.18
7990.0	134.0	1.37	6.46
7990.0	135.0	9.92	3.23
7990.0	136.0	9.44	4.30
8000.0	133.0	1.44	7.36
8000.0	134.0	1.00	6.68
8000.0	135.0	10.38	3.18
8000.0	136.0	9.95	4.34
8010.0	133.0	1.26	7.55
8010.0	134.0	0.68	7.05
8010.0	135.0	10.84	3.12
8010.0	136.0	10.46	4.37
8010.0	137.0	8.85	-0.16
8010.0	138.0	8.12	-0.28
8020.0	133.0	1.10	7.74
8020.0	134.0	0.35	7.42
8020.0	135.0	11.29	3.06
8020.0	136.0	10.95	4.36
8020.0	137.0	9.09	0.03
8020.0	138.0	8.36	0.03
8030.0	133.0	0.94	7.93
8030.0	134.0	0.03	7.79
8030.0	135.0	11.75	3.00
8030.0	136.0	11.42	4.30
8030.0	137.0	9.33	0.21
8030.0	138.0	8.61	0.34
8040.0	133.0	0.79	8.13
8040.0	135.0	12.21	2.94
8040.0	136.0	11.89	4.25
8040.0	137.0	9.57	0.40
8040.0	138.0	8.85	0.65
8050.0	133.0	0.68	8.33
8050.0	135.0	12.68	2.92
8050.0	136.0	12.37	4.19
8050.0	137.0	9.86	0.79
8050.0	138.0	9.15	1.15
8060.0	133.0	0.58	8.54
8060.0	135.0	13.17	2.94
8060.0	136.0	12.84	4.13
8060.0	137.0	10.18	1.28
8060.0	138.0	9.45	1.70
8070.0	133.0	0.47	8.75
8070.0	135.0	13.66	2.96
8070.0	136.0	13.30	4.12
8070.0	137.0	10.49	1.76
8070.0	138.0	9.76	2.25
8080.0	133.0	0.37	8.95
8080.0	135.0	14.15	2.98
8080.0	136.0	13.75	4.14
8080.0	137.0	10.81	2.24
8080.0	138.0	10.13	2.74
8090.0	135.0	14.64	2.99
8090.0	136.0	14.20	4.17
8090.0	137.0	11.14	2.55
8090.0	138.0	10.51	3.24
8100.0	135.0	15.13	3.01
8100.0	136.0	14.65	4.19
8100.0	137.0	11.48	2.79
8100.0	138.0	10.88	3.47
8110.0	136.0	15.11	4.21
8110.0	137.0	11.82	3.02
8110.0	138.0	11.26	3.67
8120.0	137.0	12.18	3.24
8120.0	138.0	11.73	3.87
8130.0	137.0	12.54	3.46
8130.0	138.0	12.27	4.07
8140.0	137.0	12.95	3.51
8140.0	138.0	12.75	4.19
8150.0	137.0	13.40	3.51
8150.0	138.0	13.19	4.27
8160.0	137.0	13.92	3.51
8160.0	138.0	13.67	4.31
8170.0	137.0	14.44	3.51
8170.0	138.0	14.14	4.36
8180.0	137.0	14.96	3.51
8180.0	138.0	14.62	4.41
8190.0	138.0	15.09	4.46
8360.0	139.0	0.24	3.59
8370.0	139.0	0.80	3.67
8380.0	139.0	1.35	3.76
8390.0	139.0	1.90	3.84
8400.0	139.0	2.45	3.90
8400.0	140.0	15.22	6.58
8410.0	139.0	2.99	3.91
8410.0	140.0	14.64	6.45
8420.0	139.0	3.53	3.93
8420.0	140.0	14.05	6.32
8430.0	139.0	4.07	3.95
8430.0	140.0	13.46	6.18
8440.0	139.0	4.61	3.96
8440.0	140.0	12.85	6.07
8450.0	139.0	5.15	3.97
8450.0	140.0	12.23	5.95
8460.0	139.0	5.68	3.98
8460.0	140.0	11.62	5.83
8470.0	139.0	6.21	3.98
8470.0	140.0	11.01	5.72
8480.0	139.0	6.67	3.99
8480.0	140.0	10.40	5.61
8490.0	139.0	6.95	4.00
8490.0	140.0	9.82	5.61
8500.0	139.0	7.23	4.02
8500.0	140.0	9.28	5.78
8510.0	139.0	7.51	4.03
8510.0	140.0	8.74	5.96
8520.0	139.0	7.79	4.08
8520.0	140.0	8.20	6.10
8530.0	139.0	8.12	4.12
8530.0	140.0	7.68	6.15
8540.0	139.0	8.54	4.16
8540.0	140.0	7.16	6.20
8550.0	139.0	8.98	4.20
8550.0	140.0	6.65	6.26
8550.0	148.0	0.46	8.77
8560.0	139.0	9.49	4.24
8560.0	140.0	6.12	6.33
8560.0	148.0	0.57	8.61
8570.0	139.0	10.00	4.28
8570.0	140.0	5.59	6.42
8570.0	148.0	0.69	8.46
8580.0	139.0	10.52	4.32
8580.0	140.0	5.07	6.50
8580.0	141.0	7.18	-0.37
8580.0	148.0	0.80	8.31
8590.0	139.0	10.97	4.35
8590.0	140.0	4.54	6.59
8590.0	141.0	6.94	0.31
8590.0	148.0	0.85	8.17
8600.0	139.0	11.35	4.36
8600.0	140.0	4.05	6.63
8600.0	141.0	6.70	0.99
8600.0	142.0	7.73	-0.29
8600.0	148.0	0.88	8.04
8610.0	139.0	11.73	4.37
8610.0	140.0	3.60	6.63
8610.0	141.0	6.37	1.87
8610.0	142.0	7.61	-0.03
8610.0	148.0	0.91	7.90
8620.0	139.0	12.11	4.38
8620.0	140.0	3.15	6.63
8620.0	141.0	6.01	2.79
8620.0	142.0	7.49	0.22
8620.0	143.0	15.19	4.80
8620.0	148.0	0.94	7.77
8630.0	139.0	12.49	4.39
8630.0	140.0	2.70	6.63
8630.0	141.0	5.73	3.17
8630.0	142.0	7.38	0.48
8630.0	143.0	14.73	4.96
8630.0	148.0	0.97	7.63
8640.0	139.0	12.80	4.35
8640.0	140.0	2.25	6.65
8640.0	141.0	5.46	3.48
8640.0	142.0	7.05	0.86
8640.0	143.0	14.27	5.12
8640.0	148.0	1.05	7.53
8650.0	139.0	13.08	4.30
8650.0	140.0	1.78	6.66
8650.0	141.0	5.24	3.77
8650.0	142.0	6.70	1.25
8650.0	143.0	13.80	5.22
8650.0	144.0	14.93	4.60
8650.0	148.0	1.17	7.45
8660.0	139.0	13.39	4.31
8660.0	140.0	1.31	6.68
8660.0	141.0	5.21	3.98
8660.0	142.0	6.35	1.64
8660.0	143.0	13.32	5.26
8660.0	144.0	14.53	4.67
8660.0	145.0	14.86	2.38
8660.0	146.0	15.03	3.15
8660.0	147.0	15.06	5.43
8660.0	148.0	1.29	7.38
8670.0	139.0	13.69	4.32
8670.0	140.0	0.98	6.87
8670.0	141.0	5.18	4.20
8670.0	142.0	5.98	2.02
8670.0	143.0	12.84	5.31
8670.0	144.0	14.13	4.75
8670.0	145.0	14.25	2.44
8670.0	146.0	14.44	3.19
8670.0	147.0	14.52	5.52
8670.0	148.0	1.42	7.30
8680.0	139.0	14.09	4.26
8680.0	140.0	0.67	7.09
8680.0	141.0	5.01	4.29
8680.0	142.0	5.62	2.40
8680.0	143.0	12.37	5.24
8680.0	144.0	13.71	4.79
8680.0	145.0	13.63	2.50
8680.0	146.0	13.86	3.24
8680.0	147.0	13.98	5.61
8680.0	148.0	1.47	7.18
8690.0	139.0	14.51	4.17
8690.0	140.0	0.43	7.51
8690.0	141.0	4.83	4.36
8690.0	142.0	5.18	2.60
8690.0	143.0	11.91	5.11
8690.0	144.0	13.24	4.78
8690.0	145.0	13.02	2.52
8690.0	146.0	13.23	3.29
8690.0	147.0	13.53	5.67
8690.0	148.0	1.49	7.04
8700.0	139.0	14.94	4.09
8700.0	140.0	0.19	7.92
8700.0	141.0	4.54	4.36
8700.0	142.0	4.70	2.67
8700.0	143.0	11.46	4.98
8700.0	144.0	12.76	4.76
8700.0	145.0	12.42	2.51
8700.0	146.0	12.60	3.34
8700.0	147.0	13.10	5.72
8700.0	148.0	1.51	6.90
8710.0	140.0	0.15	8.14
8710.0	141.0	4.17	4.31
8710.0	142.0	4.21	2.74
8710.0	143.0	11.10	4.95
8710.0	144.0	12.33	4.73
8710.0	145.0	11.81	2.50
8710.0	146.0	11.96	3.40
8710.0	147.0	12.67	5.78
8710.0	148.0	1.51	6.87
8720.0	140.0	0.11	8.35
8720.0	141.0	3.78	4.26
8720.0	142.0	3.80	2.76
8720.0	143.0	10.74	4.91
8720.0	144.0	11.94	4.69
8720.0	145.0	11.21	2.49
8720.0	146.0	11.32	3.45
8720.0	147.0	12.21	5.74
8720.0	148.0	1.49	6.86
8730.0	140.0	0.08	8.56
8730.0	141.0	3.34	4.23
8730.0	142.0	3.37	2.76
8730.0	143.0	10.38	4.87
8730.0	144.0	11.56	4.65
8730.0	145.0	10.60	2.51
8730.0	146.0	10.70	3.48
8730.0	147.0	11.74	5.71
8730.0	148.0	1.48	6.85
8740.0	141.0	2.90	4.20
8740.0	142.0	2.88	2.74
8740.0	143.0	10.02	4.89
8740.0	144.0	11.14	4.66
8740.0	145.0	10.00	2.55
8740.0	146.0	10.07	3.52
8740.0	147.0	11.28	5.68
8740.0	148.0	1.47	6.84
8750.0	141.0	2.45	4.14
8750.0	142.0	2.39	2.72
8750.0	143.0	9.66	5.05
8750.0	144.0	10.70	4.71
8750.0	145.0	9.39	2.59
8750.0	146.0	9.45	3.55
8750.0	147.0	10.87	5.64
8750.0	148.0	1.45	6.83
8760.0	141.0	1.99	4.06
8760.0	142.0	1.92	2.70
8760.0	143.0	9.30	5.20
8760.0	144.0	10.26	4.76
8760.0	145.0	8.78	2.63
8760.0	146.0	8.83	3.59
8760.0	147.0	10.45	5.61
8760.0	148.0	1.44	6.82
8770.0	141.0	1.53	3.98
8770.0	142.0	1.51	2.73
8770.0	143.0	8.97	5.27
8770.0	144.0	9.83	4.81
8770.0	145.0	8.17	2.67
8770.0	146.0	8.26	3.64
8770.0	147.0	10.04	5.57
8770.0	148.0	1.43	6.81
8780.0	141.0	1.08	3.91
8780.0	142.0	1.11	2.76
8780.0	143.0	8.64	5.34
8780.0	144.0	9.43	4.84
8780.0	145.0	7.57	2.72
8780.0	146.0	7.68	3.69
8780.0	147.0	9.64	5.57
8780.0	148.0	1.41	6.81
8790.0	141.0	0.64	3.84
8790.0	142.0	0.70	2.79
8790.0	143.0	8.29	5.37
8790.0	144.0	9.03	4.88
8790.0	145.0	6.96	2.76
8790.0	146.0	7.11	3.74
8790.0	147.0	9.25	5.57
8790.0	148.0	1.40	6.80
8800.0	141.0	0.19	3.78
8800.0	142.0	0.30	2.82
8800.0	143.0	7.93	5.37
8800.0	144.0	8.63	4.91
8800.0	145.0	6.38	2.79
8800.0	146.0	6.53	3.79
8800.0	147.0	8.86	5.58
8800.0	148.0	1.39	6.79
8810.0	143.0	7.57	5.38
8810.0	144.0	8.22	4.93
8810.0	145.0	5.82	2.83
8810.0	146.0	5.96	3.84
8810.0	147.0	8.47	5.61
8810.0	148.0	1.37	6.78
8820.0	143.0	7.23	5.41
8820.0	144.0	7.82	4.95
8820.0	145.0	5.26	2.87
8820.0	146.0	5.40	3.86
8820.0	147.0	8.05	5.66
8820.0	148.0	1.36	6.77
8830.0	143.0	6.89	5.44
8830.0	144.0	7.41	4.97
8830.0	145.0	4.69	2.90
8830.0	146.0	4.85	3.88
8830.0	147.0	7.64	5.72
8830.0	148.0	1.35	6.76
8840.0	143.0	6.55	5.47
8840.0	144.0	7.01	4.98
8840.0	145.0	4.13	2.94
8840.0	146.0	4.30	3.90
8840.0	147.0	7.23	5.77
8840.0	148.0	1.34	6.75
8850.0	143.0	6.18	5.55
8850.0	144.0	6.59	5.04
8850.0	145.0	3.56	2.98
8850.0	146.0	3.75	3.91
8850.0	147.0	6.85	5.83
8850.0	148.0	1.32	6.75
8860.0	143.0	5.82	5.64
8860.0	144.0	6.17	5.12
8860.0	145.0	3.02	2.99
8860.0	146.0	3.19	3.96
8860.0	147.0	6.48	5.89
8860.0	148.0	1.31	6.74
8870.0	143.0	5.45	5.73
8870.0	144.0	5.75	5.19
8870.0	145.0	2.47	2.99
8870.0	146.0	2.63	4.01
8870.0	147.0	6.11	5.95
8870.0	148.0	1.30	6.73
8880.0	143.0	5.08	5.85
8880.0	144.0	5.32	5.25
8880.0	145.0	1.93	2.99
8880.0	146.0	2.07	4.06
8880.0	147.0	5.75	6.01
8880.0	148.0	1.28	6.72
8890.0	143.0	4.70	5.99
8890.0	144.0	4.89	5.21
8890.0	145.0	1.38	3.00
8890.0	146.0	1.51	4.10
8890.0	147.0	5.27	5.97
8890.0	148.0	1.27	6.71
8900.0	143.0	4.32	6.13
8900.0	144.0	4.46	5.17
8900.0	145.0	0.83	3.00
8900.0	146.0	0.97	4.07
8900.0	147.0	4.80	5.92
8900.0	148.0	1.26	6.70
8910.0	143.0	3.95	6.19
8910.0	144.0	4.03	5.14
8910.0	145.0	0.29	3.01
8910.0	146.0	0.42	4.05
8910.0	147.0	4.33	5.87
8910.0	148.0	1.24	6.69
8920.0	143.0	3.60	6.21
8920.0	144.0	3.61	5.10
8920.0	146.0	-0.13	4.02
8920.0	147.0	3.86	5.83
8920.0	148.0	1.23	6.68
8930.0	143.0	3.24	6.22
8930.0	144.0	3.24	5.07
8930.0	147.0	3.44	5.74
8930.0	148.0	1.22	6.68
8940.0	143.0	2.79	6.17
8940.0	144.0	2.87	5.03
8940.0	147.0	3.04	5.66
8940.0	148.0	1.21	6.67
8950.0	143.0	2.28	6.07
8950.0	144.0	2.50	5.00
8950.0	147.0	2.63	5.57
8950.0	148.0	1.19	6.66
8960.0	143.0	1.79	5.98
8960.0	144.0	2.13	4.96
8960.0	147.0	2.19	5.49
8960.0	148.0	1.18	6.65
8970.0	143.0	1.29	5.88
8970.0	144.0	1.67	4.78
8970.0	147.0	1.75	5.40
8970.0	148.0	1.17	6.64
8980.0	143.0	0.79	5.78
8980.0	144.0	1.22	4.60
8980.0	147.0	1.31	5.28
8980.0	148.0	1.07	6.58
8990.0	143.0	0.30	5.69
8990.0	144.0	0.77	4.42
8990.0	147.0	0.87	5.12
8990.0	148.0	0.79	6.38
9000.0	144.0	0.32	4.24
9000.0	147.0	0.43	4.97
9000.0	148.0	0.50	6.19
9010.0	148.0	0.22	6.00
