2170.0	33.0	7.49	8.36
2170.0	34.0	9.62	9.65
2170.0	35.0	2.99	8.02
2170.0	36.0	13.60	6.28
2180.0	33.0	8.01	8.23
2180.0	34.0	8.68	9.76
2180.0	35.0	3.44	8.05
2180.0	36.0	12.97	6.34
2190.0	33.0	8.52	8.11
2190.0	34.0	7.77	9.89
2190.0	35.0	3.88	8.08
2190.0	36.0	12.37	6.39
2200.0	33.0	9.02	8.00
2200.0	34.0	6.87	10.05
2200.0	35.0	4.33	8.11
2200.0	36.0	11.76	6.44
2200.0	37.0	6.00	12.44
2210.0	33.0	9.47	7.92
2210.0	34.0	5.98	10.20
2210.0	35.0	4.80	8.16
2210.0	36.0	11.10	6.49
2210.0	37.0	6.02	12.11
2220.0	33.0	9.92	7.85
2220.0	34.0	5.13	10.36
2220.0	35.0	5.26	8.21
2220.0	36.0	10.44	6.53
2220.0	37.0	6.05	11.78
2230.0	33.0	10.39	7.76
2230.0	34.0	4.28	10.53
2230.0	35.0	5.73	8.25
2230.0	36.0	9.76	6.59
2230.0	37.0	6.07	11.44
2240.0	33.0	10.92	7.66
2240.0	34.0	3.43	10.70
2240.0	35.0	6.20	8.18
2240.0	36.0	9.06	6.66
2240.0	37.0	6.11	11.09
2250.0	33.0	11.44	7.56
2250.0	34.0	2.57	10.89
2250.0	35.0	6.67	8.11
2250.0	36.0	8.36	6.73
2250.0	37.0	6.14	10.74
2260.0	33.0	11.96	7.46
2260.0	34.0	1.71	11.08
2260.0	35.0	7.14	8.03
2260.0	36.0	7.72	6.86
2260.0	37.0	6.18	10.38
2260.0	38.0	0.07	10.14
2270.0	33.0	12.49	7.40
2270.0	34.0	0.80	11.26
2270.0	35.0	7.65	7.96
2270.0	36.0	7.09	6.99
2270.0	37.0	6.20	10.01
2270.0	38.0	0.89	9.97
2280.0	33.0	13.03	7.40
2280.0	34.0	-0.11	11.45
2280.0	35.0	8.15	7.88
2280.0	36.0	6.45	7.12
2280.0	37.0	6.22	9.65
2280.0	38.0	1.71	9.80
2290.0	33.0	13.57	7.40
2290.0	35.0	8.65	7.80
2290.0	36.0	5.79	7.26
2290.0	37.0	6.23	9.28
2290.0	38.0	2.51	9.70
2300.0	33.0	14.11	7.41
2300.0	35.0	9.14	7.62
2300.0	36.0	5.14	7.40
2300.0	37.0	6.24	8.91
2300.0	38.0	3.30	9.65
2310.0	33.0	14.57	7.54
2310.0	35.0	9.62	7.42
2310.0	36.0	4.50	7.51
2310.0	37.0	6.25	8.55
2310.0	38.0	4.08	9.59
2320.0	33.0	15.04	7.66
2320.0	35.0	10.09	7.22
2320.0	36.0	3.87	7.62
2320.0	37.0	6.21	8.21
2320.0	38.0	4.89	9.50
2330.0	35.0	10.57	7.02
2330.0	36.0	3.22	7.73
2330.0	37.0	6.15	7.90
2330.0	38.0	5.71	9.37
2340.0	35.0	11.05	6.81
2340.0	36.0	2.55	7.83
2340.0	37.0	6.09	7.59
2340.0	38.0	6.53	9.25
2350.0	35.0	11.53	6.60
2350.0	36.0	1.88	7.93
2350.0	37.0	5.98	7.26
2350.0	38.0	7.39	9.15
2360.0	35.0	12.01	6.39
2360.0	36.0	1.24	8.05
2360.0	37.0	5.84	6.90
2360.0	38.0	8.26	9.06
2370.0	35.0	12.50	6.15
2370.0	36.0	0.60	8.17
2370.0	37.0	5.71	6.54
2370.0	38.0	9.13	8.97
2380.0	35.0	12.98	5.90
2380.0	36.0	-0.04	8.29
2380.0	37.0	5.71	6.26
2380.0	38.0	9.94	8.88
2390.0	35.0	13.46	5.66
2390.0	37.0	5.73	5.99
2390.0	38.0	10.75	8.78
2400.0	35.0	13.95	5.45
2400.0	37.0	5.76	5.73
2400.0	38.0	11.55	8.69
2410.0	35.0	14.44	5.24
2410.0	38.0	12.35	8.54
2420.0	35.0	14.93	5.03
2420.0	38.0	13.14	8.38
2440.0	39.0	8.66	6.27
2440.0	40.0	14.89	6.56
2440.0	41.0	15.28	9.02
2450.0	39.0	9.25	6.38
2450.0	40.0	14.18	6.80
2450.0	41.0	14.51	9.02
2460.0	39.0	9.83	6.49
2460.0	40.0	13.48	7.04
2460.0	41.0	13.73	9.02
2470.0	39.0	10.40	6.57
2470.0	40.0	12.74	7.24
2470.0	41.0	12.96	9.02
2480.0	39.0	10.96	6.62
2480.0	40.0	11.99	7.44
2480.0	41.0	12.15	9.20
2490.0	39.0	11.52	6.68
2490.0	40.0	11.28	7.61
2490.0	41.0	11.34	9.39
2500.0	39.0	11.81	6.76
2500.0	40.0	10.59	7.78
2500.0	41.0	10.54	9.60
2510.0	39.0	12.08	6.84
2510.0	40.0	9.89	7.93
2510.0	41.0	9.76	9.86
2520.0	40.0	9.19	8.05
2520.0	41.0	8.97	10.12
2530.0	40.0	8.50	8.16
2530.0	41.0	8.23	10.38
2540.0	40.0	7.76	8.21
2540.0	41.0	7.48	10.65
2550.0	40.0	7.01	8.24
2550.0	41.0	6.76	10.93
2560.0	40.0	6.31	8.30
2560.0	41.0	6.07	11.26
2570.0	40.0	5.65	8.39
2570.0	41.0	5.37	11.59
2570.0	42.0	14.69	8.65
2580.0	40.0	5.00	8.49
2580.0	41.0	4.72	11.89
2580.0	42.0	13.99	8.57
2590.0	40.0	4.31	8.55
2590.0	41.0	4.07	12.19
2590.0	42.0	13.27	8.56
2600.0	40.0	3.55	8.56
2600.0	41.0	3.44	12.50
2600.0	42.0	12.52	8.68
2610.0	40.0	2.79	8.56
2610.0	41.0	2.84	12.84
2610.0	42.0	11.77	8.79
2620.0	40.0	2.06	8.66
2620.0	41.0	2.23	13.18
2620.0	42.0	11.02	8.91
2630.0	40.0	1.34	8.81
2630.0	41.0	1.63	13.52
2630.0	42.0	10.26	9.02
2640.0	40.0	0.63	8.97
2640.0	41.0	1.02	13.86
2640.0	42.0	9.50	9.13
2650.0	40.0	-0.08	9.12
2650.0	42.0	8.78	9.21
2660.0	42.0	8.06	9.30
2670.0	42.0	7.32	9.40
2680.0	42.0	6.57	9.50
2690.0	42.0	5.82	9.61
2730.0	43.0	15.23	9.05
2730.0	44.0	10.05	6.89
2740.0	43.0	14.51	9.04
2740.0	44.0	10.00	7.16
2750.0	43.0	13.79	9.03
2750.0	44.0	9.95	7.42
2760.0	43.0	13.08	9.05
2760.0	44.0	9.90	7.68
2770.0	43.0	12.41	9.19
2770.0	44.0	9.84	8.00
2780.0	43.0	11.74	9.34
2780.0	44.0	9.78	8.33
2790.0	43.0	11.07	9.60
2790.0	44.0	9.71	8.59
2800.0	43.0	10.42	9.92
2800.0	44.0	9.63	8.77
2810.0	43.0	9.75	10.21
2810.0	44.0	9.55	8.95
2820.0	43.0	9.08	10.43
2820.0	44.0	9.36	9.09
2830.0	43.0	8.40	10.65
2830.0	44.0	9.06	9.17
2840.0	43.0	7.75	10.90
2840.0	44.0	8.78	9.23
2840.0	45.0	-0.04	13.28
2850.0	43.0	7.11	11.17
2850.0	44.0	8.60	9.20
2850.0	45.0	0.57	12.99
2860.0	43.0	6.48	11.45
2860.0	44.0	8.41	9.17
2860.0	45.0	1.18	12.71
2870.0	43.0	5.87	11.69
2870.0	44.0	8.23	9.14
2870.0	45.0	1.83	12.42
2880.0	43.0	5.26	11.92
2880.0	44.0	8.07	9.02
2880.0	45.0	2.48	12.14
2890.0	43.0	4.65	12.14
2890.0	44.0	7.90	8.90
2890.0	45.0	3.14	11.86
2900.0	43.0	4.00	12.31
2900.0	44.0	7.74	8.77
2900.0	45.0	3.78	11.59
2910.0	43.0	3.34	12.48
2910.0	44.0	7.67	8.65
2910.0	45.0	4.42	11.32
2920.0	43.0	2.70	12.65
2920.0	44.0	7.70	8.53
2920.0	45.0	5.13	11.09
2930.0	43.0	2.07	12.83
2930.0	44.0	7.72	8.41
2930.0	45.0	5.88	10.88
2940.0	43.0	1.45	13.00
2940.0	44.0	7.75	8.29
2940.0	45.0	6.61	10.67
2950.0	43.0	0.82	13.17
2950.0	45.0	7.27	10.47
2950.0	46.0	15.11	7.66
2960.0	46.0	14.47	7.71
2960.0	47.0	14.69	8.31
2960.0	48.0	14.71	9.01
2970.0	46.0	13.82	7.77
2970.0	47.0	14.10	8.36
2970.0	48.0	14.11	8.98
2980.0	46.0	13.17	7.84
2980.0	47.0	13.51	8.41
2980.0	48.0	13.51	8.95
2990.0	46.0	12.50	7.98
2990.0	47.0	12.91	8.53
2990.0	48.0	12.99	9.06
3000.0	46.0	11.84	8.11
3000.0	47.0	12.31	8.65
3000.0	48.0	12.47	9.18
3010.0	46.0	11.21	8.25
3010.0	47.0	11.70	8.83
3010.0	48.0	11.92	9.34
3010.0	49.0	8.89	8.48
3020.0	46.0	10.61	8.39
3020.0	47.0	11.08	9.02
3020.0	48.0	11.32	9.60
3020.0	49.0	9.20	8.33
3030.0	46.0	9.99	8.54
3030.0	47.0	10.43	9.21
3030.0	48.0	10.71	9.85
3030.0	49.0	9.51	8.19
3040.0	46.0	9.35	8.69
3040.0	47.0	9.76	9.40
3040.0	48.0	10.11	10.06
3040.0	49.0	9.86	8.12
3040.0	50.0	0.11	10.19
3050.0	46.0	8.71	8.85
3050.0	47.0	9.09	9.59
3050.0	48.0	9.52	10.26
3050.0	49.0	10.26	8.13
3050.0	50.0	0.47	9.97
3060.0	46.0	8.07	9.02
3060.0	47.0	8.48	9.79
3060.0	48.0	8.92	10.43
3060.0	49.0	10.66	8.14
3060.0	50.0	0.83	9.76
3070.0	46.0	7.43	9.19
3070.0	47.0	7.86	9.99
3070.0	48.0	8.31	10.59
3070.0	49.0	11.04	8.13
3070.0	50.0	1.18	9.54
3080.0	46.0	6.77	9.37
3080.0	47.0	7.23	10.20
3080.0	48.0	7.70	10.74
3080.0	49.0	11.41	8.12
3080.0	50.0	1.55	9.36
3090.0	46.0	6.10	9.54
3090.0	47.0	6.60	10.41
3090.0	48.0	7.02	10.89
3090.0	49.0	11.85	8.14
3090.0	50.0	1.91	9.18
3100.0	46.0	5.43	9.72
3100.0	47.0	5.95	10.61
3100.0	48.0	6.33	11.03
3100.0	49.0	12.36	8.19
3100.0	50.0	2.27	9.00
3100.0	52.0	0.12	12.92
3110.0	46.0	4.79	9.85
3110.0	47.0	5.31	10.71
3110.0	48.0	5.65	11.18
3110.0	49.0	12.83	8.26
3110.0	50.0	2.59	8.89
3110.0	51.0	14.78	8.33
3110.0	52.0	0.44	12.85
3120.0	46.0	4.14	9.98
3120.0	47.0	4.66	10.81
3120.0	48.0	4.99	11.35
3120.0	49.0	13.08	8.41
3120.0	50.0	2.91	8.78
3120.0	51.0	13.61	7.98
3120.0	52.0	0.77	12.79
3130.0	46.0	3.49	10.11
3130.0	47.0	4.00	10.88
3130.0	48.0	4.34	11.51
3130.0	49.0	13.33	8.49
3130.0	50.0	3.22	8.68
3130.0	51.0	12.60	7.17
3130.0	52.0	1.08	12.75
3140.0	46.0	2.82	10.21
3140.0	47.0	3.33	10.94
3140.0	48.0	3.70	11.65
3140.0	49.0	13.55	8.37
3140.0	50.0	3.42	8.62
3140.0	51.0	11.74	6.96
3140.0	52.0	1.38	12.72
3150.0	46.0	2.15	10.31
3150.0	47.0	2.68	11.00
3150.0	48.0	3.07	11.75
3150.0	49.0	13.78	8.26
3150.0	50.0	3.61	8.56
3150.0	51.0	11.04	6.94
3150.0	52.0	1.69	12.69
3160.0	46.0	1.49	10.43
3160.0	47.0	2.05	11.09
3160.0	48.0	2.44	11.85
3160.0	49.0	13.63	8.19
3160.0	50.0	3.81	8.50
3160.0	51.0	10.44	7.01
3160.0	52.0	1.94	12.64
3170.0	46.0	0.86	10.59
3170.0	47.0	1.43	11.18
3170.0	48.0	1.80	11.95
3170.0	49.0	13.38	8.13
3170.0	50.0	3.86	8.49
3170.0	51.0	10.42	7.14
3170.0	52.0	2.16	12.59
3180.0	46.0	0.23	10.75
3180.0	47.0	0.83	11.27
3180.0	48.0	1.16	12.06
3180.0	49.0	13.13	8.07
3180.0	50.0	3.91	8.48
3180.0	51.0	10.48	7.28
3180.0	52.0	2.37	12.53
3190.0	46.0	-0.40	10.92
3190.0	47.0	0.25	11.36
3190.0	48.0	0.53	12.19
3190.0	49.0	12.88	8.01
3190.0	50.0	3.96	8.47
3190.0	51.0	10.80	7.51
3190.0	52.0	2.59	12.48
3200.0	47.0	-0.33	11.45
3200.0	48.0	-0.11	12.32
3200.0	49.0	12.63	7.95
3200.0	50.0	4.01	8.46
3200.0	51.0	11.43	7.69
3200.0	52.0	2.74	12.37
3200.0	53.0	14.70	9.06
3210.0	50.0	4.06	8.45
3210.0	51.0	12.16	7.34
3210.0	52.0	2.89	12.27
3210.0	53.0	14.05	9.05
3220.0	50.0	4.11	8.45
3220.0	51.0	12.73	7.18
3220.0	52.0	3.04	12.16
3220.0	53.0	13.34	9.16
3230.0	50.0	4.16	8.44
3230.0	51.0	13.19	7.13
3230.0	52.0	3.17	12.00
3230.0	53.0	12.62	9.32
3240.0	50.0	4.21	8.43
3240.0	51.0	13.64	7.09
3240.0	52.0	3.30	11.84
3240.0	53.0	11.95	9.51
3250.0	50.0	4.40	8.38
3250.0	51.0	13.96	7.16
3250.0	52.0	3.43	11.67
3250.0	53.0	11.32	9.73
3260.0	50.0	4.74	8.29
3260.0	51.0	14.16	7.36
3260.0	52.0	3.54	11.49
3260.0	53.0	10.69	9.95
3270.0	50.0	5.07	8.20
3270.0	51.0	14.35	7.55
3270.0	52.0	3.64	11.31
3270.0	53.0	10.05	10.17
3280.0	50.0	5.41	8.11
3280.0	51.0	14.54	7.74
3280.0	52.0	3.73	11.13
3280.0	53.0	9.41	10.39
3290.0	50.0	5.84	8.00
3290.0	52.0	3.84	10.94
3290.0	53.0	8.75	10.62
3300.0	50.0	6.27	7.88
3300.0	52.0	3.97	10.75
3300.0	53.0	8.08	10.86
3310.0	50.0	6.71	7.76
3310.0	52.0	4.10	10.57
3310.0	53.0	7.42	11.08
3320.0	50.0	7.19	7.64
3320.0	52.0	4.23	10.38
3320.0	53.0	6.76	11.28
3330.0	50.0	7.74	7.52
3330.0	52.0	4.42	10.22
3330.0	53.0	6.10	11.47
3340.0	50.0	8.30	7.40
3340.0	52.0	4.60	10.06
3340.0	53.0	5.43	11.62
3350.0	50.0	8.85	7.28
3350.0	52.0	4.79	9.90
3350.0	53.0	4.76	11.76
3360.0	50.0	9.39	7.10
3360.0	52.0	4.98	9.73
3360.0	53.0	4.10	11.91
3370.0	50.0	9.92	6.90
3370.0	52.0	5.19	9.55
3370.0	53.0	3.46	12.09
3380.0	50.0	10.46	6.70
3380.0	52.0	5.39	9.36
3380.0	53.0	2.82	12.26
3390.0	50.0	11.01	6.55
3390.0	52.0	5.61	9.21
3390.0	53.0	2.20	12.43
3400.0	50.0	11.60	6.45
3400.0	52.0	5.85	9.12
3400.0	53.0	1.58	12.59
3410.0	50.0	12.19	6.35
3410.0	52.0	6.09	9.02
3410.0	53.0	0.96	12.75
3420.0	50.0	12.74	6.28
3420.0	52.0	6.32	8.93
3420.0	53.0	0.35	12.91
3430.0	50.0	13.27	6.25
3430.0	52.0	6.56	8.84
3430.0	53.0	-0.27	13.07
3440.0	50.0	13.80	6.22
3440.0	52.0	6.86	8.76
3450.0	50.0	14.32	6.18
3450.0	52.0	7.15	8.68
3460.0	50.0	14.85	6.15
3460.0	52.0	7.45	8.61
3460.0	54.0	-0.16	11.06
3470.0	50.0	15.37	6.12
3470.0	52.0	7.78	8.61
3470.0	54.0	0.73	10.96
3480.0	52.0	8.14	8.68
3480.0	54.0	1.62	10.86
3490.0	52.0	8.50	8.76
3490.0	54.0	2.50	10.78
3500.0	52.0	8.85	8.83
3500.0	54.0	3.37	10.72
3510.0	52.0	9.20	8.89
3510.0	54.0	4.24	10.67
3520.0	52.0	9.55	8.94
3520.0	54.0	5.08	10.62
3520.0	55.0	0.13	11.04
3530.0	52.0	9.89	9.00
3530.0	54.0	5.89	10.57
3530.0	55.0	0.82	10.94
3540.0	52.0	10.29	8.97
3540.0	54.0	6.71	10.53
3540.0	55.0	1.50	10.84
3550.0	52.0	10.68	8.94
3550.0	54.0	7.51	10.45
3550.0	55.0	2.18	10.74
3560.0	52.0	11.07	8.91
3560.0	54.0	8.30	10.32
3560.0	55.0	2.86	10.67
3570.0	52.0	11.51	8.88
3570.0	54.0	9.09	10.18
3570.0	55.0	3.53	10.60
3580.0	52.0	11.95	8.85
3580.0	54.0	9.88	10.04
3580.0	55.0	4.21	10.52
3590.0	52.0	12.39	8.82
3590.0	54.0	10.67	9.88
3590.0	55.0	4.89	10.44
3600.0	52.0	12.82	8.74
3600.0	54.0	11.45	9.73
3600.0	55.0	5.57	10.36
3610.0	52.0	13.24	8.65
3610.0	54.0	12.23	9.68
3610.0	55.0	6.25	10.27
3610.0	56.0	11.05	8.44
3620.0	52.0	13.66	8.56
3620.0	54.0	13.01	9.63
3620.0	55.0	6.88	10.20
3620.0	56.0	11.01	8.62
3630.0	52.0	14.11	8.47
3630.0	54.0	13.81	9.54
3630.0	55.0	7.51	10.14
3630.0	56.0	10.97	8.80
3640.0	52.0	14.59	8.40
3640.0	54.0	14.61	9.42
3640.0	55.0	8.12	10.09
3640.0	56.0	10.93	8.98
3650.0	52.0	15.06	8.32
3650.0	54.0	15.42	9.29
3650.0	55.0	8.71	10.07
3650.0	56.0	10.92	9.16
3660.0	55.0	9.29	10.05
3660.0	56.0	10.92	9.35
3670.0	55.0	9.84	10.01
3670.0	56.0	10.91	9.45
3680.0	55.0	10.39	9.96
3680.0	56.0	10.85	9.37
3690.0	55.0	10.95	9.88
3690.0	56.0	10.80	9.28
3690.0	57.0	15.26	9.70
3700.0	55.0	11.52	9.71
3700.0	56.0	10.70	9.14
3700.0	57.0	14.70	9.82
3710.0	55.0	12.09	9.55
3710.0	56.0	10.59	9.00
3710.0	57.0	14.15	9.95
3720.0	55.0	12.69	9.37
3720.0	56.0	10.49	8.86
3720.0	57.0	13.60	10.07
3730.0	55.0	13.31	9.16
3730.0	57.0	13.04	10.18
3740.0	55.0	13.93	8.96
3740.0	57.0	12.48	10.30
3750.0	55.0	14.56	8.85
3750.0	57.0	11.93	10.41
3760.0	55.0	15.20	8.75
3760.0	57.0	11.36	10.54
3770.0	57.0	10.79	10.68
3780.0	57.0	10.22	10.83
3790.0	57.0	9.64	10.97
3800.0	57.0	9.03	11.09
3810.0	57.0	8.42	11.21
3820.0	57.0	7.82	11.33
3830.0	57.0	7.21	11.46
3840.0	58.0	14.66	9.52
3840.0	59.0	3.30	12.52
3850.0	58.0	13.89	9.68
3850.0	59.0	4.17	12.32
3860.0	58.0	13.12	9.84
3860.0	59.0	5.04	12.12
3870.0	58.0	12.43	9.94
3870.0	59.0	5.90	11.90
3880.0	58.0	11.77	9.99
3880.0	59.0	6.75	11.68
3890.0	58.0	11.12	10.04
3890.0	59.0	7.60	11.46
3900.0	58.0	10.44	10.06
3900.0	59.0	8.49	11.26
3910.0	58.0	9.75	10.08
3910.0	59.0	9.38	11.06
3920.0	58.0	9.06	10.12
3920.0	59.0	10.24	10.78
3930.0	58.0	8.34	10.24
3930.0	59.0	11.07	10.42
3940.0	58.0	7.63	10.37
3940.0	59.0	11.89	10.07
3950.0	58.0	6.91	10.51
3950.0	59.0	12.78	9.58
3960.0	58.0	6.18	10.71
3960.0	59.0	13.67	9.09
3970.0	60.0	14.76	8.08
3980.0	60.0	14.00	8.29
3990.0	60.0	13.24	8.50
3990.0	62.0	3.38	7.16
4000.0	60.0	12.55	8.81
4000.0	61.0	8.15	10.25
4000.0	62.0	3.69	7.44
4010.0	60.0	11.91	9.15
4010.0	61.0	8.49	10.14
4010.0	62.0	4.00	7.72
4020.0	60.0	11.26	9.50
4020.0	61.0	8.82	10.04
4020.0	62.0	4.31	8.00
4020.0	63.0	14.84	10.40
4030.0	60.0	10.58	9.95
4030.0	61.0	9.18	9.93
4030.0	62.0	4.74	8.28
4030.0	63.0	14.26	10.52
4040.0	60.0	9.91	10.41
4040.0	61.0	9.64	9.82
4040.0	62.0	5.29	8.56
4040.0	63.0	13.68	10.64
4050.0	60.0	9.23	10.77
4050.0	61.0	10.10	9.71
4050.0	62.0	5.83	8.83
4050.0	63.0	13.12	10.80
4060.0	60.0	8.54	11.07
4060.0	61.0	10.55	9.57
4060.0	62.0	6.35	9.07
4060.0	63.0	12.57	10.95
4070.0	60.0	7.85	11.36
4070.0	61.0	10.99	9.43
4070.0	62.0	6.87	9.31
4070.0	63.0	12.01	11.05
4080.0	60.0	7.12	11.51
4080.0	61.0	11.36	9.23
4080.0	62.0	7.39	9.54
4080.0	63.0	11.46	11.10
4090.0	60.0	6.39	11.65
4090.0	61.0	11.66	8.97
4090.0	62.0	7.89	9.77
4090.0	63.0	10.90	11.15
4100.0	60.0	5.66	11.79
4100.0	61.0	11.94	8.71
4100.0	62.0	8.39	10.00
4100.0	63.0	10.29	11.22
4110.0	60.0	4.89	11.92
4110.0	61.0	12.20	8.46
4110.0	62.0	8.80	10.36
4110.0	63.0	9.69	11.29
4120.0	60.0	4.12	12.05
4120.0	61.0	12.46	8.22
4120.0	62.0	9.20	10.73
4120.0	63.0	9.12	11.38
4130.0	60.0	3.37	12.19
4130.0	61.0	12.67	7.97
4130.0	62.0	9.57	10.97
4130.0	63.0	8.60	11.50
4140.0	60.0	2.63	12.36
4140.0	61.0	12.69	7.72
4140.0	62.0	9.92	11.11
4140.0	63.0	8.08	11.62
4150.0	60.0	1.89	12.53
4150.0	61.0	12.71	7.47
4150.0	62.0	10.27	11.15
4150.0	63.0	7.53	11.74
4160.0	60.0	1.20	12.73
4160.0	61.0	12.54	7.43
4160.0	62.0	10.65	11.04
4160.0	63.0	6.99	11.86
4170.0	60.0	0.52	12.94
4170.0	61.0	12.32	7.44
4170.0	62.0	11.03	10.93
4170.0	63.0	6.44	11.98
4180.0	60.0	-0.15	13.15
4180.0	61.0	12.10	7.45
4180.0	62.0	11.18	10.60
4180.0	63.0	5.92	12.07
4190.0	62.0	11.34	10.27
4190.0	63.0	5.40	12.16
4200.0	62.0	11.31	10.00
4200.0	63.0	4.87	12.25
4210.0	62.0	11.19	9.76
4220.0	62.0	11.08	9.52
4220.0	64.0	2.29	11.34
4220.0	65.0	6.88	9.06
4230.0	64.0	2.93	11.14
4230.0	65.0	6.74	9.59
4240.0	64.0	3.56	10.94
4240.0	65.0	6.61	10.12
4250.0	64.0	4.18	10.71
4250.0	65.0	6.42	10.68
4260.0	64.0	4.80	10.45
4260.0	65.0	6.23	11.25
4270.0	64.0	5.42	10.20
4270.0	65.0	6.04	11.69
4270.0	66.0	11.24	7.97
4280.0	64.0	6.03	9.91
4280.0	65.0	5.87	12.09
4280.0	66.0	10.84	8.11
4280.0	67.0	15.22	7.17
4290.0	64.0	6.64	9.56
4290.0	65.0	5.68	12.48
4290.0	66.0	10.44	8.26
4290.0	67.0	14.45	7.11
4300.0	64.0	7.25	9.21
4300.0	65.0	5.44	12.67
4300.0	66.0	10.04	8.40
4300.0	67.0	13.68	7.04
4310.0	64.0	7.89	8.92
4310.0	65.0	5.20	12.87
4310.0	66.0	9.48	8.75
4310.0	67.0	12.89	6.99
4310.0	68.0	10.31	9.62
4320.0	64.0	8.54	8.67
4320.0	65.0	5.10	12.69
4320.0	66.0	8.92	9.10
4320.0	67.0	12.07	6.99
4320.0	68.0	9.89	9.48
4330.0	64.0	9.20	8.42
4330.0	65.0	5.01	12.47
4330.0	66.0	8.33	9.33
4330.0	67.0	11.25	6.99
4330.0	68.0	9.41	9.27
4340.0	64.0	9.81	8.42
4340.0	65.0	4.94	12.21
4340.0	66.0	7.69	9.37
4340.0	67.0	10.47	7.06
4340.0	68.0	8.83	8.94
4350.0	64.0	10.42	8.42
4350.0	65.0	4.91	11.86
4350.0	66.0	7.05	9.42
4350.0	67.0	9.70	7.16
4350.0	68.0	8.26	8.70
4360.0	64.0	11.03	8.42
4360.0	65.0	4.87	11.51
4360.0	66.0	6.45	9.34
4360.0	67.0	8.96	7.29
4360.0	68.0	7.70	8.48
4370.0	64.0	11.69	8.50
4370.0	65.0	4.79	11.14
4370.0	66.0	5.85	9.25
4370.0	67.0	8.30	7.50
4370.0	68.0	7.15	8.27
4380.0	64.0	12.37	8.59
4380.0	65.0	4.71	10.77
4380.0	66.0	5.27	9.16
4380.0	67.0	7.65	7.70
4380.0	68.0	6.61	8.07
4390.0	64.0	13.05	8.60
4390.0	65.0	4.61	10.54
4390.0	66.0	4.75	9.05
4390.0	67.0	7.00	7.93
4390.0	68.0	6.08	7.87
4400.0	64.0	13.75	8.50
4400.0	65.0	4.50	10.35
4400.0	66.0	4.22	8.93
4400.0	67.0	6.36	8.19
4400.0	68.0	5.58	7.68
4410.0	64.0	14.44	8.40
4410.0	65.0	4.39	10.16
4410.0	66.0	3.76	8.79
4410.0	67.0	5.72	8.45
4410.0	68.0	5.08	7.49
4420.0	64.0	15.13	8.31
4420.0	66.0	3.32	8.64
4420.0	67.0	4.98	8.69
4420.0	68.0	4.49	7.41
4430.0	66.0	2.88	8.49
4430.0	67.0	4.24	8.93
4430.0	68.0	3.89	7.35
4440.0	66.0	2.39	8.45
4440.0	67.0	3.51	9.15
4440.0	68.0	3.32	7.29
4450.0	66.0	1.90	8.42
4450.0	67.0	2.79	9.36
4450.0	68.0	2.75	7.23
4460.0	66.0	1.53	8.48
4460.0	67.0	2.07	9.57
4460.0	68.0	2.16	7.12
4470.0	66.0	1.24	8.62
4470.0	67.0	1.41	9.89
4470.0	68.0	1.56	6.97
4480.0	66.0	0.95	8.75
4480.0	67.0	0.75	10.23
4480.0	68.0	0.99	6.69
4490.0	66.0	0.66	8.88
4490.0	67.0	0.09	10.56
4490.0	68.0	0.43	6.29
4500.0	68.0	-0.12	5.88
4510.0	69.0	9.43	13.05
4510.0	70.0	10.20	13.38
4520.0	69.0	9.37	12.79
4520.0	70.0	10.23	13.07
4530.0	69.0	9.32	12.53
4530.0	70.0	10.26	12.76
4530.0	72.0	7.18	7.59
4540.0	69.0	9.27	12.28
4540.0	70.0	10.27	12.46
4540.0	72.0	6.99	7.93
4550.0	69.0	9.24	11.99
4550.0	70.0	10.26	12.18
4550.0	72.0	6.79	8.26
4560.0	69.0	9.24	11.67
4560.0	70.0	10.26	11.90
4560.0	71.0	14.97	8.60
4560.0	72.0	6.60	8.59
4570.0	69.0	9.24	11.35
4570.0	70.0	10.25	11.62
4570.0	71.0	13.98	8.64
4570.0	72.0	6.32	8.94
4580.0	69.0	9.25	11.04
4580.0	70.0	10.27	11.30
4580.0	71.0	12.99	8.69
4580.0	72.0	5.94	9.30
4590.0	69.0	9.27	10.73
4590.0	70.0	10.31	10.97
4590.0	71.0	12.03	8.78
4590.0	72.0	5.57	9.65
4600.0	69.0	9.30	10.43
4600.0	70.0	10.35	10.64
4600.0	71.0	11.07	8.88
4600.0	72.0	5.16	9.99
4600.0	73.0	0.17	9.85
4610.0	69.0	9.32	10.12
4610.0	70.0	10.39	10.30
4610.0	71.0	10.14	8.99
4610.0	72.0	4.67	10.26
4610.0	73.0	0.82	9.82
4610.0	74.0	0.45	10.20
4620.0	69.0	9.32	9.81
4620.0	70.0	10.46	9.93
4620.0	71.0	9.21	9.10
4620.0	72.0	4.19	10.54
4620.0	73.0	1.47	9.78
4620.0	74.0	1.18	10.12
4630.0	69.0	9.30	9.48
4630.0	70.0	10.52	9.57
4630.0	71.0	8.29	9.31
4630.0	72.0	3.67	10.77
4630.0	73.0	2.10	9.73
4630.0	74.0	1.91	10.05
4640.0	69.0	9.24	9.10
4640.0	70.0	10.52	9.25
4640.0	71.0	7.38	9.55
4640.0	72.0	3.15	10.98
4640.0	73.0	2.72	9.65
4640.0	74.0	2.59	10.00
4640.0	75.0	-0.10	11.48
4650.0	69.0	9.17	8.71
4650.0	70.0	10.47	8.97
4650.0	71.0	6.53	9.86
4650.0	72.0	2.62	11.18
4650.0	73.0	3.34	9.56
4650.0	74.0	3.26	9.97
4650.0	75.0	0.47	11.30
4660.0	69.0	9.12	8.33
4660.0	70.0	10.43	8.68
4660.0	71.0	5.73	10.22
4660.0	72.0	2.10	11.31
4660.0	73.0	3.96	9.44
4660.0	74.0	3.92	9.92
4660.0	75.0	1.03	11.11
4670.0	69.0	9.10	7.95
4670.0	70.0	10.46	8.34
4670.0	71.0	4.92	10.56
4670.0	72.0	1.58	11.43
4670.0	73.0	4.58	9.32
4670.0	74.0	4.56	9.84
4670.0	75.0	1.60	10.93
4680.0	69.0	9.08	7.57
4680.0	70.0	10.51	7.97
4680.0	71.0	4.11	10.86
4680.0	72.0	1.13	11.53
4680.0	73.0	5.20	9.19
4680.0	74.0	5.21	9.76
4680.0	75.0	2.18	11.01
4680.0	76.0	0.33	7.06
4690.0	69.0	9.08	7.19
4690.0	70.0	10.57	7.60
4690.0	71.0	3.36	11.23
4690.0	72.0	0.72	11.61
4690.0	73.0	5.81	9.07
4690.0	74.0	5.90	9.69
4690.0	75.0	2.76	11.05
4690.0	76.0	0.90	7.37
4690.0	77.0	-0.01	9.26
4700.0	69.0	9.10	6.81
4700.0	70.0	10.66	7.19
4700.0	71.0	2.63	11.62
4700.0	72.0	0.32	11.69
4700.0	73.0	6.41	8.95
4700.0	74.0	6.58	9.61
4700.0	75.0	3.46	10.86
4700.0	76.0	1.47	7.69
4700.0	77.0	0.58	9.02
4710.0	69.0	9.11	6.42
4710.0	70.0	10.76	6.75
4710.0	71.0	1.94	11.94
4710.0	72.0	-0.08	11.77
4710.0	73.0	7.01	8.84
4710.0	74.0	7.25	9.50
4710.0	75.0	4.11	10.86
4710.0	76.0	1.93	8.11
4710.0	77.0	1.14	8.70
4720.0	69.0	9.15	6.00
4720.0	70.0	10.86	6.32
4720.0	71.0	1.24	12.27
4720.0	73.0	7.64	8.72
4720.0	74.0	7.91	9.34
4720.0	75.0	4.77	10.85
4720.0	76.0	2.34	8.59
4720.0	77.0	1.66	8.29
4730.0	69.0	9.19	5.56
4730.0	70.0	10.92	5.87
4730.0	71.0	0.47	12.54
4730.0	73.0	8.34	8.60
4730.0	74.0	8.56	9.19
4730.0	75.0	5.50	10.83
4730.0	76.0	2.67	9.06
4730.0	77.0	2.18	7.89
4740.0	69.0	9.23	5.14
4740.0	70.0	10.97	5.42
4740.0	71.0	-0.31	12.80
4740.0	73.0	9.04	8.47
4740.0	74.0	9.22	9.05
4740.0	75.0	6.21	10.80
4740.0	76.0	2.94	9.53
4740.0	77.0	2.79	7.54
4750.0	69.0	9.25	4.76
4750.0	70.0	10.83	5.04
4750.0	73.0	9.68	8.38
4750.0	74.0	9.88	8.91
4750.0	75.0	6.86	10.68
4750.0	76.0	3.24	9.97
4750.0	77.0	3.41	7.21
4760.0	69.0	9.28	4.39
4760.0	70.0	10.69	4.66
4760.0	73.0	10.31	8.28
4760.0	74.0	10.55	8.78
4760.0	75.0	7.51	10.56
4760.0	76.0	3.66	10.28
4760.0	77.0	4.07	6.98
4770.0	69.0	9.30	4.01
4770.0	70.0	10.56	4.28
4770.0	73.0	10.97	8.21
4770.0	74.0	11.20	8.71
4770.0	75.0	8.08	10.28
4770.0	76.0	4.08	10.59
4770.0	77.0	4.76	6.77
4780.0	69.0	9.17	3.60
4780.0	70.0	10.44	3.88
4780.0	73.0	11.64	8.13
4780.0	74.0	11.85	8.64
4780.0	75.0	8.61	9.93
4780.0	76.0	4.53	10.75
4780.0	77.0	5.54	6.58
4790.0	69.0	9.04	3.18
4790.0	70.0	10.37	3.43
4790.0	73.0	12.31	8.06
4790.0	74.0	12.50	8.58
4790.0	75.0	9.06	9.50
4790.0	76.0	4.97	10.88
4790.0	77.0	6.31	6.38
4800.0	69.0	8.92	2.75
4800.0	70.0	10.29	2.99
4800.0	73.0	12.95	7.98
4800.0	74.0	13.10	8.55
4800.0	75.0	9.31	8.83
4800.0	76.0	5.39	10.91
4800.0	77.0	7.07	6.15
4810.0	69.0	8.81	2.29
4810.0	70.0	10.23	2.55
4810.0	73.0	13.59	7.89
4810.0	74.0	13.70	8.51
4810.0	75.0	9.51	8.15
4810.0	76.0	5.78	10.81
4810.0	77.0	7.84	5.96
4820.0	69.0	8.70	1.83
4820.0	70.0	10.20	2.11
4820.0	73.0	14.22	7.81
4820.0	74.0	14.32	8.48
4820.0	75.0	9.70	7.53
4820.0	76.0	6.00	10.66
4820.0	77.0	8.63	5.86
4830.0	69.0	8.59	1.38
4830.0	70.0	10.16	1.68
4830.0	73.0	14.80	7.73
4830.0	74.0	14.96	8.43
4830.0	75.0	9.72	6.87
4830.0	76.0	6.05	10.45
4830.0	77.0	9.45	5.72
4840.0	69.0	8.47	0.93
4840.0	70.0	10.11	1.23
4840.0	73.0	15.37	7.64
4840.0	75.0	9.61	6.22
4840.0	76.0	6.10	10.25
4840.0	77.0	10.29	5.56
4850.0	69.0	8.35	0.48
4850.0	70.0	10.07	0.78
4850.0	75.0	9.25	5.65
4850.0	76.0	6.02	9.97
4850.0	77.0	11.05	5.45
4860.0	69.0	8.24	0.03
4860.0	70.0	10.03	0.33
4860.0	75.0	8.88	5.08
4860.0	76.0	5.86	9.63
4860.0	77.0	11.82	5.35
4870.0	75.0	8.45	4.61
4870.0	76.0	5.69	9.30
4870.0	77.0	12.61	5.27
4880.0	75.0	8.02	4.13
4880.0	77.0	13.40	5.19
4890.0	78.0	3.54	8.79
4890.0	81.0	6.31	3.98
4900.0	78.0	3.01	8.68
4900.0	81.0	6.09	4.54
4910.0	78.0	2.47	8.54
4910.0	79.0	0.08	8.33
4910.0	80.0	-0.04	8.82
4910.0	81.0	5.87	5.11
4920.0	78.0	1.94	8.21
4920.0	79.0	0.54	8.33
4920.0	80.0	0.47	8.87
4920.0	81.0	5.78	5.71
4930.0	78.0	1.37	8.00
4930.0	79.0	1.00	8.32
4930.0	80.0	0.98	8.91
4930.0	81.0	5.68	6.31
4940.0	78.0	0.74	7.94
4940.0	79.0	1.53	8.28
4940.0	80.0	1.50	8.95
4940.0	81.0	5.54	6.88
4950.0	78.0	0.11	7.88
4950.0	79.0	2.06	8.24
4950.0	80.0	2.01	8.97
4950.0	81.0	5.27	7.37
4960.0	79.0	2.58	8.18
4960.0	80.0	2.52	8.97
4960.0	81.0	5.01	7.87
4960.0	82.0	14.94	9.93
4960.0	83.0	15.15	8.93
4970.0	79.0	3.09	8.10
4970.0	80.0	3.03	8.85
4970.0	81.0	4.67	8.40
4970.0	82.0	14.31	10.06
4970.0	83.0	14.52	9.02
4980.0	79.0	3.60	8.02
4980.0	80.0	3.54	8.73
4980.0	81.0	4.30	8.95
4980.0	82.0	13.68	10.19
4980.0	83.0	13.89	9.10
4990.0	79.0	4.16	7.87
4990.0	80.0	4.02	8.60
4990.0	81.0	3.93	9.30
4990.0	82.0	13.05	10.32
4990.0	83.0	13.26	9.19
5000.0	79.0	4.71	7.73
5000.0	80.0	4.46	8.44
5000.0	81.0	3.57	9.57
5000.0	82.0	12.45	10.44
5000.0	83.0	12.60	9.30
5010.0	79.0	5.27	7.59
5010.0	80.0	4.96	8.27
5010.0	81.0	3.10	9.79
5010.0	82.0	11.86	10.55
5010.0	83.0	11.94	9.41
5010.0	84.0	0.18	11.60
5020.0	79.0	5.84	7.48
5020.0	80.0	5.52	8.12
5020.0	81.0	2.58	9.98
5020.0	82.0	11.28	10.66
5020.0	83.0	11.28	9.54
5020.0	84.0	0.93	11.39
5030.0	79.0	6.41	7.37
5030.0	80.0	6.16	8.03
5030.0	81.0	2.01	10.13
5030.0	82.0	10.66	10.76
5030.0	83.0	10.66	9.76
5030.0	84.0	1.67	11.18
5040.0	79.0	6.97	7.25
5040.0	80.0	6.72	7.99
5040.0	81.0	1.44	10.22
5040.0	82.0	10.03	10.87
5040.0	83.0	10.03	9.97
5040.0	84.0	2.40	10.95
5050.0	79.0	7.53	7.10
5050.0	80.0	7.22	7.98
5050.0	81.0	0.89	10.24
5050.0	82.0	9.41	10.99
5050.0	83.0	9.40	10.17
5050.0	84.0	3.13	10.70
5060.0	79.0	8.10	6.95
5060.0	80.0	7.73	7.95
5060.0	81.0	0.33	10.25
5060.0	82.0	8.76	11.15
5060.0	83.0	8.75	10.35
5060.0	84.0	3.86	10.45
5070.0	79.0	8.65	6.84
5070.0	80.0	8.30	7.83
5070.0	81.0	-0.22	10.27
5070.0	82.0	8.12	11.31
5070.0	83.0	8.09	10.53
5070.0	84.0	4.61	10.20
5080.0	79.0	9.20	6.78
5080.0	80.0	8.86	7.71
5080.0	82.0	7.45	11.45
5080.0	83.0	7.46	10.65
5080.0	84.0	5.36	9.94
5080.0	85.0	-0.16	10.52
5090.0	79.0	9.75	6.72
5090.0	80.0	9.41	7.62
5090.0	82.0	6.77	11.58
5090.0	83.0	6.85	10.74
5090.0	84.0	6.10	9.69
5090.0	85.0	0.43	10.37
5100.0	79.0	10.30	6.66
5100.0	80.0	9.96	7.57
5100.0	82.0	6.10	11.71
5100.0	83.0	6.24	10.82
5100.0	84.0	6.90	9.61
5100.0	85.0	1.02	10.21
5110.0	79.0	10.86	6.60
5110.0	80.0	10.50	7.53
5110.0	82.0	5.45	11.83
5110.0	83.0	5.60	10.95
5110.0	84.0	7.70	9.54
5110.0	85.0	1.60	10.04
5120.0	79.0	11.42	6.54
5120.0	80.0	11.05	7.48
5120.0	82.0	4.80	11.94
5120.0	83.0	4.95	11.11
5120.0	84.0	8.50	9.46
5120.0	85.0	2.15	9.86
5130.0	79.0	11.99	6.47
5130.0	80.0	11.60	7.44
5130.0	82.0	4.14	12.03
5130.0	83.0	4.29	11.26
5130.0	84.0	9.28	9.39
5130.0	85.0	2.70	9.67
5130.0	86.0	-0.16	8.29
5140.0	79.0	12.58	6.38
5140.0	80.0	12.15	7.41
5140.0	82.0	3.47	12.09
5140.0	83.0	3.65	11.38
5140.0	84.0	10.07	9.32
5140.0	85.0	3.24	9.44
5140.0	86.0	0.55	8.36
5150.0	79.0	13.16	6.29
5150.0	80.0	12.70	7.36
5150.0	82.0	2.81	12.16
5150.0	83.0	3.00	11.49
5150.0	84.0	10.86	9.26
5150.0	85.0	3.78	9.20
5150.0	86.0	1.26	8.43
5160.0	79.0	13.76	6.20
5160.0	80.0	13.29	7.26
5160.0	82.0	2.21	12.25
5160.0	83.0	2.35	11.61
5160.0	84.0	11.66	9.19
5160.0	85.0	4.31	8.95
5160.0	86.0	2.02	8.50
5170.0	79.0	14.37	6.11
5170.0	80.0	13.89	7.17
5170.0	82.0	1.62	12.35
5170.0	83.0	1.70	11.71
5170.0	84.0	12.44	9.14
5170.0	85.0	4.78	8.68
5170.0	86.0	2.80	8.58
5180.0	79.0	14.97	6.02
5180.0	80.0	14.43	7.08
5180.0	82.0	1.03	12.46
5180.0	83.0	1.05	11.81
5180.0	84.0	13.20	9.13
5180.0	85.0	5.25	8.41
5180.0	86.0	3.59	8.65
5190.0	80.0	14.95	6.98
5190.0	82.0	0.41	12.67
5190.0	83.0	0.39	11.91
5190.0	84.0	13.96	9.13
5190.0	85.0	5.62	8.03
5190.0	86.0	4.38	8.71
5200.0	82.0	-0.21	12.88
5200.0	83.0	-0.26	12.01
5200.0	84.0	14.72	9.12
5200.0	85.0	5.95	7.60
5200.0	86.0	5.18	8.73
5210.0	84.0	15.48	9.11
5210.0	85.0	6.03	7.20
5210.0	86.0	5.99	8.73
5220.0	85.0	5.95	6.82
5220.0	86.0	6.76	8.71
5230.0	85.0	5.87	6.45
5230.0	86.0	7.47	8.66
5230.0	87.0	5.10	11.22
5240.0	87.0	5.61	11.16
5240.0	88.0	14.84	8.29
5240.0	89.0	14.81	8.88
5250.0	87.0	6.13	11.09
5250.0	88.0	14.35	8.36
5250.0	89.0	14.38	8.92
5260.0	87.0	6.64	11.03
5260.0	88.0	13.85	8.43
5260.0	89.0	13.94	8.96
5270.0	87.0	7.15	10.93
5270.0	88.0	13.35	8.55
5270.0	89.0	13.49	9.03
5270.0	90.0	15.24	7.44
5280.0	87.0	7.66	10.83
5280.0	88.0	12.84	8.69
5280.0	89.0	12.96	9.17
5280.0	90.0	14.48	7.58
5290.0	87.0	8.16	10.72
5290.0	88.0	12.35	8.77
5290.0	89.0	12.43	9.32
5290.0	90.0	13.73	7.71
5300.0	87.0	8.68	10.64
5300.0	88.0	11.89	8.80
5300.0	89.0	11.90	9.46
5300.0	90.0	12.98	7.85
5300.0	91.0	2.65	8.88
5310.0	87.0	9.21	10.56
5310.0	88.0	11.42	8.84
5310.0	89.0	11.44	9.63
5310.0	90.0	12.27	8.00
5310.0	91.0	3.19	9.01
5320.0	87.0	9.74	10.48
5320.0	88.0	10.92	8.98
5320.0	89.0	10.99	9.79
5320.0	90.0	11.55	8.16
5320.0	91.0	3.73	9.14
5330.0	87.0	10.26	10.39
5330.0	88.0	10.43	9.11
5330.0	89.0	10.53	9.95
5330.0	90.0	10.86	8.33
5330.0	91.0	4.27	9.28
5340.0	87.0	10.78	10.30
5340.0	88.0	9.95	9.26
5340.0	89.0	10.06	10.04
5340.0	90.0	10.18	8.52
5340.0	91.0	4.82	9.39
5350.0	87.0	11.30	10.17
5350.0	88.0	9.47	9.42
5350.0	89.0	9.58	10.13
5350.0	90.0	9.50	8.68
5350.0	91.0	5.39	9.50
5360.0	87.0	11.82	10.01
5360.0	88.0	9.00	9.59
5360.0	89.0	9.11	10.24
5360.0	90.0	8.81	8.76
5360.0	91.0	5.96	9.60
5370.0	87.0	12.33	9.86
5370.0	88.0	8.54	9.77
5370.0	89.0	8.65	10.36
5370.0	90.0	8.11	8.84
5370.0	91.0	6.62	9.65
5380.0	87.0	12.86	9.66
5380.0	88.0	8.07	9.95
5380.0	89.0	8.19	10.48
5380.0	90.0	7.37	8.95
5380.0	91.0	7.11	9.63
5390.0	87.0	13.39	9.47
5390.0	88.0	7.58	9.97
5390.0	89.0	7.70	10.60
5390.0	90.0	6.64	9.05
5390.0	91.0	7.58	9.59
5400.0	87.0	13.90	9.29
5400.0	88.0	7.07	9.93
5400.0	89.0	7.22	10.73
5400.0	90.0	5.92	9.16
5400.0	91.0	8.21	9.58
5410.0	87.0	14.39	9.13
5410.0	88.0	6.58	9.92
5410.0	89.0	6.73	10.86
5410.0	90.0	5.22	9.32
5410.0	91.0	8.84	9.55
5410.0	92.0	0.36	12.52
5410.0	93.0	0.51	13.62
5420.0	87.0	14.88	8.97
5420.0	88.0	6.10	9.95
5420.0	89.0	6.24	10.89
5420.0	90.0	4.53	9.48
5420.0	91.0	9.46	9.48
5420.0	92.0	1.07	12.42
5420.0	93.0	1.02	13.43
5430.0	87.0	15.37	8.81
5430.0	88.0	5.61	9.98
5430.0	89.0	5.74	10.91
5430.0	90.0	3.84	9.65
5430.0	91.0	10.08	9.40
5430.0	92.0	1.78	12.32
5430.0	93.0	1.53	13.24
5440.0	88.0	5.11	10.03
5440.0	89.0	5.24	10.92
5440.0	90.0	3.16	9.82
5440.0	91.0	10.64	9.26
5440.0	92.0	2.56	12.14
5440.0	93.0	2.01	13.11
5450.0	88.0	4.58	10.12
5450.0	89.0	4.76	10.89
5450.0	90.0	2.47	9.98
5450.0	91.0	11.20	9.11
5450.0	92.0	3.36	11.96
5450.0	93.0	2.47	13.02
5460.0	88.0	4.05	10.20
5460.0	89.0	4.27	10.86
5460.0	90.0	1.81	10.17
5460.0	91.0	11.72	8.88
5460.0	92.0	4.15	11.77
5460.0	93.0	2.92	12.94
5470.0	88.0	3.53	10.27
5470.0	89.0	3.79	10.86
5470.0	90.0	1.16	10.37
5470.0	91.0	12.23	8.61
5470.0	92.0	4.78	11.57
5470.0	93.0	3.45	12.83
5480.0	88.0	3.01	10.33
5480.0	89.0	3.30	10.96
5480.0	90.0	0.51	10.57
5480.0	91.0	12.59	8.32
5480.0	92.0	5.41	11.37
5480.0	93.0	4.02	12.71
5480.0	94.0	0.36	11.89
5490.0	88.0	2.49	10.39
5490.0	89.0	2.81	11.06
5490.0	90.0	-0.13	10.79
5490.0	91.0	12.80	8.01
5490.0	92.0	6.08	11.15
5490.0	93.0	4.59	12.59
5490.0	94.0	0.99	11.84
5500.0	88.0	1.95	10.44
5500.0	89.0	2.26	11.11
5500.0	91.0	12.81	7.67
5500.0	92.0	6.91	10.81
5500.0	93.0	5.11	12.40
5500.0	94.0	1.62	11.79
5510.0	88.0	1.40	10.49
5510.0	89.0	1.71	11.14
5510.0	91.0	12.63	7.30
5510.0	92.0	7.75	10.46
5510.0	93.0	5.61	12.17
5510.0	94.0	2.16	11.74
5520.0	88.0	0.84	10.54
5520.0	89.0	1.17	11.21
5520.0	91.0	12.36	6.98
5520.0	92.0	8.50	10.15
5520.0	93.0	6.11	11.95
5520.0	94.0	2.70	11.68
5530.0	88.0	0.29	10.59
5530.0	89.0	0.67	11.34
5530.0	91.0	11.87	6.77
5530.0	92.0	9.25	9.85
5530.0	93.0	6.63	11.76
5530.0	94.0	3.24	11.53
5540.0	88.0	-0.26	10.64
5540.0	89.0	0.17	11.46
5540.0	91.0	11.39	6.56
5540.0	92.0	10.00	9.52
5540.0	93.0	7.16	11.58
5540.0	94.0	3.77	11.37
5550.0	89.0	-0.34	11.59
5550.0	91.0	10.79	6.47
5550.0	92.0	10.73	9.16
5550.0	93.0	7.68	11.41
5550.0	94.0	4.35	11.23
5560.0	91.0	10.20	6.37
5560.0	92.0	11.48	8.81
5560.0	93.0	8.18	11.18
5560.0	94.0	4.97	11.10
5570.0	91.0	9.56	6.34
5570.0	92.0	12.28	8.44
5570.0	93.0	8.66	10.91
5570.0	94.0	5.59	10.98
5580.0	91.0	8.90	6.33
5580.0	92.0	13.07	8.08
5580.0	93.0	9.14	10.65
5580.0	94.0	6.20	10.92
5590.0	91.0	8.25	6.27
5590.0	92.0	13.85	7.82
5590.0	93.0	9.64	10.38
5590.0	94.0	6.81	10.86
5600.0	91.0	7.64	6.07
5600.0	92.0	14.63	7.57
5600.0	93.0	10.16	10.10
5600.0	94.0	7.42	10.79
5610.0	91.0	7.02	5.87
5610.0	92.0	15.40	7.32
5610.0	93.0	10.67	9.82
5610.0	94.0	8.02	10.73
5620.0	91.0	6.51	5.67
5620.0	93.0	11.20	9.52
5620.0	94.0	8.62	10.67
5630.0	91.0	6.10	5.45
5630.0	93.0	11.72	9.22
5630.0	94.0	9.22	10.55
5640.0	91.0	5.69	5.23
5640.0	93.0	12.25	8.93
5640.0	94.0	9.81	10.35
5650.0	93.0	12.79	8.69
5650.0	94.0	10.41	10.15
5660.0	93.0	13.33	8.49
5660.0	94.0	10.97	9.87
5660.0	95.0	0.03	12.33
5670.0	93.0	13.87	8.29
5670.0	94.0	11.52	9.56
5670.0	95.0	0.51	12.14
5670.0	96.0	0.23	11.47
5680.0	93.0	14.40	8.20
5680.0	94.0	12.05	9.27
5680.0	95.0	0.98	11.94
5680.0	96.0	0.74	11.29
5690.0	93.0	14.92	8.14
5690.0	94.0	12.54	9.05
5690.0	95.0	1.46	11.75
5690.0	96.0	1.26	11.10
5700.0	93.0	15.43	8.09
5700.0	94.0	13.03	8.84
5700.0	95.0	1.94	11.61
5700.0	96.0	1.74	10.93
5710.0	94.0	13.57	8.71
5710.0	95.0	2.42	11.47
5710.0	96.0	2.20	10.75
5720.0	94.0	14.15	8.67
5720.0	95.0	2.94	11.33
5720.0	96.0	2.69	10.59
5730.0	94.0	14.73	8.62
5730.0	95.0	3.49	11.18
5730.0	96.0	3.22	10.47
5740.0	94.0	15.31	8.58
5740.0	95.0	4.05	11.04
5740.0	96.0	3.75	10.34
5750.0	95.0	4.60	10.91
5750.0	96.0	4.30	10.21
5760.0	95.0	5.13	10.81
5760.0	96.0	4.88	10.08
5770.0	95.0	5.67	10.70
5770.0	96.0	5.47	9.94
5780.0	95.0	6.17	10.56
5780.0	96.0	6.01	9.81
5790.0	95.0	6.67	10.40
5790.0	96.0	6.53	9.66
5800.0	95.0	7.13	10.20
5800.0	96.0	7.06	9.52
5810.0	95.0	7.59	9.98
5810.0	96.0	7.55	9.35
5820.0	95.0	8.04	9.76
5820.0	96.0	8.00	9.16
5830.0	95.0	8.56	9.59
5830.0	96.0	8.45	8.96
5840.0	95.0	9.09	9.43
5840.0	96.0	8.97	8.74
5850.0	95.0	9.62	9.27
5850.0	96.0	9.50	8.51
5860.0	95.0	10.15	9.05
5860.0	96.0	10.04	8.29
5870.0	95.0	10.68	8.84
5870.0	96.0	10.60	8.09
5880.0	95.0	11.25	8.69
5880.0	96.0	11.16	7.88
5890.0	95.0	11.85	8.60
5890.0	96.0	11.74	7.68
5900.0	95.0	12.44	8.48
5900.0	96.0	12.35	7.48
5910.0	95.0	13.03	8.25
5910.0	96.0	12.96	7.28
5920.0	95.0	13.61	8.02
5920.0	96.0	13.54	7.11
5930.0	95.0	14.14	7.80
5930.0	96.0	14.12	6.94
5940.0	95.0	14.67	7.59
5940.0	96.0	14.69	6.77
5950.0	95.0	15.20	7.38
5950.0	96.0	15.27	6.60
5970.0	97.0	14.80	8.12
5970.0	98.0	14.75	8.77
5980.0	97.0	14.25	8.22
5980.0	98.0	14.27	8.84
5990.0	97.0	13.70	8.33
5990.0	98.0	13.80	8.90
6000.0	97.0	13.16	8.43
6000.0	98.0	13.30	8.99
6010.0	97.0	12.62	8.51
6010.0	98.0	12.75	9.11
6020.0	97.0	12.07	8.60
6020.0	98.0	12.20	9.24
6030.0	97.0	11.52	8.70
6030.0	98.0	11.65	9.37
6040.0	97.0	10.93	8.87
6040.0	98.0	11.13	9.50
6040.0	99.0	14.92	8.73
6050.0	97.0	10.34	9.04
6050.0	98.0	10.62	9.63
6050.0	99.0	14.30	8.83
6060.0	97.0	9.74	9.21
6060.0	98.0	10.10	9.76
6060.0	99.0	13.68	8.94
6070.0	97.0	9.19	9.36
6070.0	98.0	9.55	9.87
6070.0	99.0	13.06	9.02
6070.0	100.0	14.64	9.11
6080.0	97.0	8.64	9.51
6080.0	98.0	8.99	9.98
6080.0	99.0	12.44	9.08
6080.0	100.0	13.91	9.06
6090.0	97.0	8.09	9.65
6090.0	98.0	8.43	10.09
6090.0	99.0	11.82	9.15
6090.0	100.0	13.16	9.00
6100.0	97.0	7.54	9.75
6100.0	98.0	7.87	10.19
6100.0	99.0	11.19	9.24
6100.0	100.0	12.35	8.89
6110.0	97.0	6.98	9.85
6110.0	98.0	7.32	10.29
6110.0	99.0	10.55	9.34
6110.0	100.0	11.54	8.78
6110.0	101.0	15.13	8.40
6120.0	97.0	6.43	9.95
6120.0	98.0	6.76	10.38
6120.0	99.0	9.92	9.44
6120.0	100.0	10.72	8.74
6120.0	101.0	14.52	8.51
6130.0	97.0	5.88	10.07
6130.0	98.0	6.21	10.48
6130.0	99.0	9.29	9.51
6130.0	100.0	9.88	8.72
6130.0	101.0	13.91	8.62
6140.0	97.0	5.32	10.18
6140.0	98.0	5.66	10.59
6140.0	99.0	8.67	9.52
6140.0	100.0	9.00	8.75
6140.0	101.0	13.30	8.73
6150.0	97.0	4.80	10.27
6150.0	98.0	5.12	10.70
6150.0	99.0	8.05	9.54
6150.0	100.0	8.12	8.79
6150.0	101.0	12.65	8.91
6160.0	97.0	4.28	10.35
6160.0	98.0	4.57	10.81
6160.0	99.0	7.45	9.62
6160.0	100.0	7.25	8.82
6160.0	101.0	11.99	9.09
6170.0	97.0	3.77	10.44
6170.0	98.0	4.02	10.94
6170.0	99.0	6.84	9.73
6170.0	100.0	6.39	8.86
6170.0	101.0	11.35	9.26
6180.0	97.0	3.22	10.56
6180.0	98.0	3.46	11.07
6180.0	99.0	6.24	9.85
6180.0	100.0	5.48	8.89
6180.0	101.0	10.77	9.40
6190.0	97.0	2.67	10.70
6190.0	98.0	2.91	11.20
6190.0	99.0	5.64	9.95
6190.0	100.0	4.55	8.91
6190.0	101.0	10.18	9.54
6200.0	97.0	2.12	10.84
6200.0	98.0	2.36	11.35
6200.0	99.0	5.05	10.05
6200.0	100.0	3.62	8.92
6200.0	101.0	9.58	9.68
6210.0	97.0	1.60	10.96
6210.0	98.0	1.82	11.51
6210.0	99.0	4.46	10.15
6210.0	100.0	2.68	8.99
6210.0	101.0	8.94	9.82
6220.0	97.0	1.07	11.08
6220.0	98.0	1.27	11.67
6220.0	99.0	3.84	10.24
6220.0	100.0	1.74	9.06
6220.0	101.0	8.31	9.96
6230.0	97.0	0.54	11.20
6230.0	98.0	0.75	11.83
6230.0	99.0	3.17	10.31
6230.0	100.0	0.83	9.23
6230.0	101.0	7.71	10.12
6240.0	97.0	0.01	11.32
6240.0	98.0	0.26	11.98
6240.0	99.0	2.51	10.38
6240.0	100.0	-0.06	9.45
6240.0	101.0	7.15	10.31
6250.0	98.0	-0.22	12.13
6250.0	99.0	1.90	10.48
6250.0	101.0	6.59	10.50
6260.0	99.0	1.30	10.60
6260.0	101.0	6.03	10.68
6270.0	99.0	0.70	10.71
6270.0	101.0	5.43	10.86
6280.0	99.0	0.10	10.82
6280.0	101.0	4.83	11.04
6290.0	102.0	15.05	8.81
6290.0	103.0	3.82	9.62
6290.0	104.0	0.54	13.77
6300.0	102.0	14.26	8.97
6300.0	103.0	4.41	9.49
6300.0	104.0	1.20	13.67
6310.0	102.0	13.47	9.12
6310.0	103.0	5.01	9.37
6310.0	104.0	1.85	13.57
6320.0	102.0	12.63	9.20
6320.0	103.0	5.60	9.28
6320.0	104.0	2.51	13.48
6330.0	102.0	11.79	9.27
6330.0	103.0	6.20	9.20
6330.0	104.0	3.16	13.39
6340.0	102.0	10.99	9.41
6340.0	103.0	6.80	9.11
6340.0	104.0	3.81	13.30
6350.0	102.0	10.19	9.55
6350.0	103.0	7.42	9.01
6350.0	104.0	4.45	13.21
6360.0	102.0	9.36	9.74
6360.0	103.0	8.04	8.91
6360.0	104.0	5.12	13.12
6360.0	105.0	-0.06	13.03
6370.0	102.0	8.54	9.93
6370.0	103.0	8.66	8.81
6370.0	104.0	5.84	13.02
6370.0	105.0	0.36	12.96
6380.0	102.0	7.75	10.03
6380.0	103.0	9.28	8.71
6380.0	104.0	6.56	12.92
6380.0	105.0	0.78	12.90
6390.0	102.0	6.97	10.12
6390.0	103.0	9.89	8.62
6390.0	104.0	7.28	12.80
6390.0	105.0	1.20	12.84
6400.0	102.0	6.13	10.20
6400.0	103.0	10.52	8.38
6400.0	104.0	7.99	12.57
6400.0	105.0	1.62	12.78
6410.0	102.0	5.28	10.29
6410.0	103.0	11.15	8.14
6410.0	104.0	8.71	12.35
6410.0	105.0	2.08	12.72
6420.0	102.0	4.42	10.36
6420.0	103.0	11.78	7.90
6420.0	104.0	9.41	12.11
6420.0	105.0	2.54	12.66
6430.0	102.0	3.60	10.38
6430.0	103.0	12.37	7.66
6430.0	104.0	10.04	11.77
6430.0	105.0	3.00	12.60
6430.0	106.0	14.99	8.76
6430.0	107.0	15.26	8.17
6440.0	102.0	2.77	10.40
6440.0	103.0	12.97	7.42
6440.0	104.0	10.67	11.44
6440.0	105.0	3.47	12.54
6440.0	106.0	14.40	8.77
6440.0	107.0	14.63	8.23
6450.0	102.0	1.94	10.45
6450.0	103.0	13.62	7.24
6450.0	104.0	11.31	11.07
6450.0	105.0	4.00	12.49
6450.0	106.0	13.82	8.78
6450.0	107.0	14.01	8.29
6460.0	102.0	1.11	10.51
6460.0	103.0	14.28	7.06
6460.0	104.0	11.94	10.65
6460.0	105.0	4.54	12.45
6460.0	106.0	13.24	8.85
6460.0	107.0	13.39	8.35
6470.0	102.0	0.27	10.58
6470.0	103.0	14.94	6.88
6470.0	104.0	12.58	10.23
6470.0	105.0	5.09	12.40
6470.0	106.0	12.65	8.98
6470.0	107.0	12.76	8.44
6480.0	104.0	13.32	9.90
6480.0	105.0	5.61	12.34
6480.0	106.0	12.06	9.10
6480.0	107.0	12.14	8.52
6490.0	104.0	14.08	9.60
6490.0	105.0	6.11	12.27
6490.0	106.0	11.51	9.28
6490.0	107.0	11.53	8.65
6500.0	104.0	14.84	9.29
6500.0	105.0	6.62	12.20
6500.0	106.0	10.98	9.47
6500.0	107.0	10.93	8.84
6510.0	104.0	15.60	8.99
6510.0	105.0	7.12	12.15
6510.0	106.0	10.44	9.65
6510.0	107.0	10.33	9.03
6520.0	105.0	7.63	12.12
6520.0	106.0	9.89	9.82
6520.0	107.0	9.72	9.21
6530.0	105.0	8.13	12.09
6530.0	106.0	9.30	9.97
6530.0	107.0	9.07	9.34
6540.0	105.0	8.62	12.01
6540.0	106.0	8.71	10.11
6540.0	107.0	8.42	9.47
6550.0	105.0	9.09	11.89
6550.0	106.0	8.12	10.24
6550.0	107.0	7.77	9.59
6560.0	105.0	9.56	11.78
6560.0	106.0	7.54	10.32
6560.0	107.0	7.18	9.68
6570.0	105.0	10.06	11.71
6570.0	106.0	6.96	10.40
6570.0	107.0	6.59	9.76
6580.0	105.0	10.55	11.63
6580.0	106.0	6.38	10.48
6580.0	107.0	6.00	9.85
6580.0	108.0	0.11	11.81
6590.0	105.0	11.05	11.56
6590.0	106.0	5.75	10.54
6590.0	107.0	5.40	9.88
6590.0	108.0	0.79	11.78
6600.0	105.0	11.58	11.51
6600.0	106.0	5.11	10.61
6600.0	107.0	4.78	9.89
6600.0	108.0	1.47	11.76
6600.0	109.0	10.20	8.44
6610.0	105.0	12.10	11.45
6610.0	106.0	4.48	10.67
6610.0	107.0	4.16	9.90
6610.0	108.0	2.14	11.71
6610.0	109.0	10.05	8.75
6620.0	105.0	12.61	11.44
6620.0	106.0	3.82	10.71
6620.0	107.0	3.53	9.90
6620.0	108.0	2.79	11.64
6620.0	109.0	9.90	9.06
6630.0	105.0	13.09	11.46
6630.0	106.0	3.16	10.76
6630.0	107.0	2.88	9.89
6630.0	108.0	3.42	11.56
6630.0	109.0	9.68	9.37
6640.0	105.0	13.59	11.47
6640.0	106.0	2.52	10.82
6640.0	107.0	2.23	9.89
6640.0	108.0	4.02	11.44
6640.0	109.0	9.38	9.68
6650.0	105.0	14.12	11.42
6650.0	106.0	1.93	10.89
6650.0	107.0	1.58	9.90
6650.0	108.0	4.62	11.32
6650.0	109.0	9.07	10.00
6660.0	105.0	14.66	11.37
6660.0	106.0	1.34	10.96
6660.0	107.0	1.00	10.06
6660.0	108.0	5.22	11.24
6660.0	109.0	8.71	10.33
6670.0	105.0	15.20	11.31
6670.0	106.0	0.77	11.05
6670.0	107.0	0.43	10.22
6670.0	108.0	5.83	11.17
6670.0	109.0	8.34	10.65
6680.0	106.0	0.21	11.16
6680.0	107.0	-0.15	10.38
6680.0	108.0	6.40	11.01
6680.0	109.0	7.97	10.94
6690.0	108.0	6.92	10.73
6690.0	109.0	7.62	11.46
6700.0	108.0	7.49	10.50
6700.0	109.0	7.21	11.61
6710.0	108.0	8.10	10.32
6710.0	109.0	6.76	11.79
6720.0	108.0	8.72	10.13
6720.0	109.0	6.28	11.98
6730.0	108.0	9.34	9.94
6730.0	109.0	5.78	12.00
6740.0	108.0	9.96	9.75
6740.0	109.0	5.28	11.93
6750.0	108.0	10.58	9.56
6750.0	109.0	4.78	11.85
6750.0	110.0	10.97	9.40
6750.0	111.0	0.78	9.24
6760.0	110.0	10.33	9.54
6760.0	111.0	1.09	9.34
6770.0	110.0	9.70	9.69
6770.0	111.0	1.40	9.44
6780.0	110.0	9.10	9.84
6780.0	111.0	1.72	9.54
6790.0	110.0	8.56	10.02
6790.0	111.0	2.12	9.72
6800.0	110.0	8.02	10.20
6800.0	111.0	2.53	9.92
6810.0	110.0	7.44	10.38
6810.0	111.0	2.95	10.11
6820.0	110.0	6.82	10.58
6820.0	111.0	3.40	10.31
6830.0	110.0	6.21	10.77
6830.0	111.0	3.85	10.51
6840.0	110.0	5.60	10.98
6840.0	111.0	4.33	10.52
6850.0	110.0	5.00	11.18
6850.0	111.0	4.82	10.52
6860.0	110.0	4.43	11.33
6860.0	111.0	5.37	10.40
6870.0	110.0	3.87	11.45
6870.0	111.0	5.92	10.27
6880.0	110.0	3.32	11.57
6880.0	111.0	6.42	10.12
6890.0	110.0	2.71	11.67
6890.0	111.0	6.92	9.98
6890.0	112.0	14.82	7.43
6890.0	113.0	15.01	8.08
6890.0	114.0	11.26	6.49
6900.0	112.0	14.14	7.58
6900.0	113.0	14.36	8.21
6900.0	114.0	11.68	6.73
6910.0	112.0	13.45	7.72
6910.0	113.0	13.71	8.34
6910.0	114.0	12.10	6.97
6920.0	112.0	12.81	7.88
6920.0	113.0	13.10	8.47
6920.0	114.0	12.50	7.01
6930.0	112.0	12.17	8.05
6930.0	113.0	12.51	8.61
6930.0	114.0	12.86	7.03
6940.0	112.0	11.50	8.20
6940.0	113.0	11.92	8.75
6940.0	114.0	13.06	7.09
6950.0	112.0	10.83	8.36
6950.0	113.0	11.33	8.88
6950.0	114.0	13.26	7.16
6960.0	112.0	10.21	8.51
6960.0	113.0	10.74	9.01
6960.0	114.0	13.30	7.23
6970.0	112.0	9.61	8.66
6970.0	113.0	10.12	9.11
6970.0	114.0	13.33	7.30
6980.0	112.0	8.99	8.76
6980.0	113.0	9.49	9.20
6980.0	114.0	13.37	7.37
6990.0	112.0	8.36	8.85
6990.0	113.0	8.86	9.29
6990.0	114.0	13.40	7.44
7000.0	112.0	7.71	8.95
7000.0	113.0	8.25	9.40
7000.0	114.0	13.44	7.51
7010.0	112.0	7.03	9.08
7010.0	113.0	7.65	9.51
7010.0	114.0	13.50	7.58
7020.0	112.0	6.35	9.21
7020.0	113.0	7.04	9.62
7020.0	114.0	13.67	7.68
7030.0	112.0	5.68	9.34
7030.0	113.0	6.37	9.77
7030.0	114.0	13.84	7.77
7040.0	112.0	5.06	9.48
7040.0	113.0	5.68	9.93
7040.0	114.0	14.03	7.85
7050.0	112.0	4.44	9.62
7050.0	113.0	4.99	10.10
7050.0	114.0	14.35	7.83
7060.0	112.0	3.80	9.75
7060.0	113.0	4.38	10.19
7060.0	114.0	14.68	7.80
7070.0	112.0	3.14	9.83
7070.0	113.0	3.78	10.29
7070.0	114.0	15.01	7.78
7080.0	112.0	2.48	9.90
7080.0	113.0	3.18	10.38
7090.0	112.0	1.84	9.94
7090.0	113.0	2.59	10.59
7100.0	112.0	1.23	9.91
7100.0	113.0	2.01	10.79
7100.0	115.0	14.87	8.49
7110.0	112.0	0.63	9.87
7110.0	113.0	1.43	11.00
7110.0	115.0	14.07	8.60
7120.0	112.0	0.02	9.83
7120.0	113.0	0.90	11.24
7120.0	115.0	13.28	8.70
7130.0	113.0	0.37	11.48
7130.0	115.0	12.44	8.76
7140.0	113.0	-0.16	11.72
7140.0	115.0	11.60	8.81
7150.0	115.0	10.75	8.87
7160.0	115.0	9.99	8.91
7170.0	115.0	9.25	8.95
7170.0	116.0	0.08	11.05
7180.0	115.0	8.50	8.99
7180.0	116.0	0.60	10.97
7180.0	117.0	0.26	10.40
7190.0	115.0	7.72	8.99
7190.0	116.0	1.12	10.88
7190.0	117.0	0.75	10.30
7200.0	115.0	6.93	8.98
7200.0	116.0	1.61	10.79
7200.0	117.0	1.25	10.20
7210.0	115.0	6.15	8.97
7210.0	116.0	2.06	10.69
7210.0	117.0	1.76	10.11
7220.0	115.0	5.30	8.94
7220.0	116.0	2.50	10.59
7220.0	117.0	2.28	10.01
7230.0	115.0	4.46	8.90
7230.0	116.0	2.96	10.49
7230.0	117.0	2.79	9.91
7240.0	115.0	3.60	8.93
7240.0	116.0	3.47	10.37
7240.0	117.0	3.35	9.77
7250.0	115.0	2.72	9.05
7250.0	116.0	3.98	10.26
7250.0	117.0	3.90	9.63
7260.0	115.0	1.84	9.16
7260.0	116.0	4.51	10.15
7260.0	117.0	4.41	9.51
7270.0	115.0	1.00	9.40
7270.0	116.0	5.03	10.05
7270.0	117.0	4.89	9.40
7280.0	115.0	0.17	9.66
7280.0	116.0	5.56	9.95
7280.0	117.0	5.36	9.29
7290.0	116.0	6.09	9.84
7290.0	117.0	5.90	9.23
7290.0	118.0	15.17	8.91
7300.0	116.0	6.58	9.75
7300.0	117.0	6.45	9.16
7300.0	118.0	14.56	8.89
7310.0	116.0	7.06	9.65
7310.0	117.0	6.98	9.10
7310.0	118.0	13.94	8.87
7320.0	116.0	7.54	9.56
7320.0	117.0	7.44	9.03
7320.0	118.0	13.32	8.86
7330.0	116.0	8.04	9.46
7330.0	117.0	7.91	8.97
7330.0	118.0	12.67	8.92
7340.0	116.0	8.57	9.35
7340.0	117.0	8.38	8.88
7340.0	118.0	12.02	8.97
7350.0	116.0	9.09	9.25
7350.0	117.0	8.90	8.74
7350.0	118.0	11.42	9.14
7360.0	116.0	9.62	9.14
7360.0	117.0	9.41	8.59
7360.0	118.0	10.85	9.38
7370.0	116.0	10.13	9.01
7370.0	117.0	9.95	8.43
7370.0	118.0	10.25	9.62
7380.0	116.0	10.65	8.88
7380.0	117.0	10.50	8.27
7380.0	118.0	9.60	9.86
7390.0	116.0	11.17	8.75
7390.0	117.0	11.06	8.12
7390.0	118.0	8.98	10.07
7400.0	116.0	11.72	8.66
7400.0	117.0	11.64	7.98
7400.0	118.0	8.40	10.21
7410.0	116.0	12.27	8.57
7410.0	117.0	12.22	7.85
7410.0	118.0	7.79	10.35
