1288.0	15.0	1008.55	1020.60
1288.0	21.0	1011.45	1027.01
1288.0	22.0	1011.96	1025.33
1288.0	23.0	971.67	998.73
1288.0	27.0	999.41	994.62
1292.0	15.0	1008.62	1020.04
1292.0	21.0	1011.71	1027.62
1292.0	22.0	1012.19	1025.88
1292.0	23.0	971.26	999.13
1292.0	27.0	998.80	994.48
1296.0	15.0	1008.68	1019.45
1296.0	21.0	1012.00	1028.18
1296.0	22.0	1012.46	1026.40
1296.0	23.0	970.85	999.53
1296.0	27.0	998.19	994.30
1300.0	15.0	1008.72	1018.85
1300.0	21.0	1012.32	1028.73
1300.0	22.0	1012.76	1026.90
1300.0	23.0	970.47	999.90
1300.0	27.0	997.59	994.09
1304.0	15.0	1008.76	1018.27
1304.0	21.0	1012.69	1029.26
1304.0	22.0	1013.11	1027.36
1304.0	23.0	970.09	1000.24
1304.0	27.0	997.00	993.86
1308.0	15.0	1008.80	1017.72
1308.0	21.0	1013.08	1029.74
1308.0	22.0	1013.50	1027.81
1308.0	23.0	969.73	1000.58
1308.0	27.0	996.43	993.65
1308.0	29.0	1001.19	991.01
1312.0	15.0	1008.85	1017.17
1312.0	21.0	1013.51	1030.19
1312.0	22.0	1013.89	1028.28
1312.0	23.0	969.34	1000.96
1312.0	27.0	995.87	993.45
1312.0	29.0	1000.66	990.58
1316.0	15.0	1008.90	1016.61
1316.0	21.0	1013.96	1030.63
1316.0	22.0	1014.30	1028.74
1316.0	23.0	968.93	1001.37
1316.0	27.0	995.32	993.26
1316.0	29.0	1000.16	990.28
1316.0	30.0	1012.47	999.79
1320.0	15.0	1008.94	1016.05
1320.0	21.0	1014.40	1031.09
1320.0	22.0	1014.70	1029.21
1320.0	23.0	968.51	1001.78
1320.0	27.0	994.76	993.07
1320.0	29.0	999.61	990.06
1320.0	30.0	1011.79	999.45
1324.0	15.0	1008.97	1015.49
1324.0	21.0	1014.88	1031.53
1324.0	22.0	1015.09	1029.67
1324.0	23.0	968.13	1002.16
1324.0	27.0	994.16	992.87
1324.0	29.0	999.04	989.91
1324.0	30.0	1011.16	999.11
1328.0	15.0	1009.00	1014.91
1328.0	21.0	1015.41	1031.94
1328.0	22.0	1015.48	1030.09
1328.0	23.0	967.84	1002.46
1328.0	27.0	993.55	992.67
1328.0	29.0	998.42	989.82
1328.0	30.0	1010.56	998.79
1332.0	15.0	1009.04	1014.33
1332.0	21.0	1015.98	1032.31
1332.0	22.0	1015.89	1030.47
1332.0	27.0	992.94	992.47
1332.0	29.0	997.76	989.82
1332.0	30.0	1009.99	998.47
1336.0	15.0	1009.09	1013.76
1336.0	21.0	1016.54	1032.63
1336.0	22.0	1016.30	1030.82
1336.0	27.0	992.34	992.28
1336.0	29.0	997.10	989.84
1336.0	30.0	1009.45	998.13
1340.0	15.0	1009.15	1013.19
1340.0	21.0	1017.08	1032.92
1340.0	22.0	1016.74	1031.16
1340.0	27.0	991.73	992.08
1340.0	29.0	996.46	989.85
1340.0	30.0	1008.92	997.79
1340.0	32.0	967.24	1039.42
1344.0	15.0	1009.20	1012.62
1344.0	21.0	1017.60	1033.17
1344.0	22.0	1017.21	1031.50
1344.0	27.0	991.13	991.88
1344.0	29.0	995.82	989.82
1344.0	30.0	1008.47	997.49
1344.0	32.0	967.68	1039.70
1348.0	15.0	1009.22	1012.06
1348.0	21.0	1018.11	1033.39
1348.0	22.0	1017.68	1031.84
1348.0	27.0	990.55	991.65
1348.0	29.0	995.18	989.79
1348.0	30.0	1008.10	997.25
1348.0	32.0	968.12	1040.00
1352.0	15.0	1009.21	1011.52
1352.0	21.0	1018.66	1033.57
1352.0	22.0	1018.16	1032.19
1352.0	27.0	989.97	991.38
1352.0	29.0	994.55	989.75
1352.0	32.0	968.57	1040.32
1356.0	15.0	1009.21	1010.96
1356.0	22.0	1018.63	1032.49
1356.0	27.0	989.38	991.12
1356.0	29.0	993.92	989.73
1356.0	32.0	969.03	1040.62
1360.0	15.0	1009.22	1010.37
1360.0	22.0	1019.09	1032.74
1360.0	27.0	988.77	990.92
1360.0	29.0	993.27	989.74
1360.0	32.0	969.48	1040.91
1364.0	15.0	1009.23	1009.77
1364.0	22.0	1019.48	1032.90
1364.0	27.0	988.13	990.78
1364.0	29.0	992.62	989.78
1364.0	32.0	969.91	1041.22
1368.0	15.0	1009.22	1009.19
1368.0	27.0	987.48	990.65
1368.0	29.0	991.99	989.84
1368.0	32.0	970.34	1041.54
1372.0	15.0	1009.22	1008.62
1372.0	27.0	986.82	990.56
1372.0	29.0	991.38	989.89
1372.0	32.0	970.78	1041.85
1376.0	15.0	1009.24	1008.04
1376.0	27.0	986.17	990.53
1376.0	29.0	990.75	989.94
1376.0	32.0	971.23	1042.16
1380.0	15.0	1009.26	1007.46
1380.0	27.0	985.51	990.54
1380.0	29.0	990.13	990.01
1380.0	32.0	971.64	1042.43
1384.0	15.0	1009.27	1006.87
1384.0	27.0	984.85	990.61
1384.0	29.0	989.53	990.12
1384.0	32.0	971.97	1042.67
1388.0	15.0	1009.28	1006.29
1388.0	27.0	984.20	990.69
1388.0	29.0	988.93	990.27
1392.0	15.0	1009.30	1005.73
1392.0	27.0	983.59	990.79
1392.0	29.0	988.35	990.45
1396.0	15.0	1009.33	1005.19
1396.0	27.0	983.02	990.91
1396.0	29.0	987.75	990.60
1400.0	15.0	1009.33	1004.64
1400.0	27.0	982.46	991.08
1400.0	29.0	987.15	990.75
1400.0	33.0	1001.15	991.28
1404.0	15.0	1009.35	1004.09
1404.0	27.0	981.91	991.30
1404.0	29.0	986.55	990.89
1404.0	33.0	1000.60	990.74
1404.0	34.0	998.16	986.98
1408.0	15.0	1009.40	1003.55
1408.0	27.0	981.37	991.57
1408.0	29.0	985.94	991.02
1408.0	33.0	999.99	990.30
1408.0	34.0	998.55	987.41
1412.0	15.0	1009.48	1003.01
1412.0	27.0	980.81	991.83
1412.0	29.0	985.32	991.12
1412.0	33.0	999.34	990.02
1412.0	34.0	998.88	987.87
1416.0	15.0	1009.60	1002.46
1416.0	27.0	980.21	992.07
1416.0	29.0	984.71	991.20
1416.0	33.0	998.66	989.86
1416.0	34.0	999.18	988.26
1420.0	15.0	1009.76	1001.94
1420.0	27.0	979.61	992.30
1420.0	29.0	984.11	991.27
1420.0	33.0	997.96	989.81
1420.0	34.0	999.44	988.49
1424.0	15.0	1010.00	1001.45
1424.0	27.0	979.04	992.51
1424.0	29.0	983.55	991.36
1424.0	33.0	997.24	989.82
1424.0	34.0	999.71	988.73
1428.0	15.0	1010.32	1000.99
1428.0	27.0	978.50	992.69
1428.0	29.0	983.04	991.47
1428.0	33.0	996.54	989.84
1428.0	34.0	1000.17	989.44
1432.0	15.0	1010.72	1000.61
1432.0	27.0	977.94	992.85
1432.0	29.0	982.51	991.57
1432.0	33.0	995.88	989.84
1432.0	34.0	1000.63	990.21
1436.0	15.0	1011.20	1000.35
1436.0	27.0	977.39	993.05
1436.0	29.0	981.87	991.68
1436.0	33.0	995.25	989.83
1436.0	34.0	1000.85	990.50
1440.0	15.0	1011.71	1000.22
1440.0	27.0	976.88	993.33
1440.0	29.0	981.18	991.80
1440.0	33.0	994.61	989.83
1440.0	34.0	1000.76	990.15
1444.0	15.0	1012.19	1000.22
1444.0	27.0	976.39	993.67
1444.0	29.0	980.54	991.90
1444.0	33.0	993.95	989.82
1444.0	34.0	1000.53	989.49
1444.0	35.0	978.05	1047.88
1448.0	15.0	1012.61	1000.27
1448.0	27.0	975.93	994.04
1448.0	29.0	979.92	991.98
1448.0	33.0	993.26	989.79
1448.0	35.0	978.47	1048.21
1452.0	27.0	975.53	994.42
1452.0	29.0	979.30	992.09
1452.0	33.0	992.55	989.77
1452.0	35.0	978.91	1048.50
1456.0	27.0	975.17	994.83
1456.0	29.0	978.70	992.27
1456.0	33.0	991.82	989.79
1456.0	35.0	979.35	1048.73
1460.0	27.0	974.83	995.28
1460.0	29.0	978.13	992.52
1460.0	33.0	991.07	989.84
1460.0	35.0	979.80	1048.87
1464.0	27.0	974.49	995.76
1464.0	29.0	977.62	992.85
1464.0	33.0	990.33	989.89
1464.0	35.0	980.33	1048.94
1468.0	27.0	974.16	996.26
1468.0	29.0	977.15	993.22
1468.0	33.0	989.59	989.93
1468.0	35.0	980.90	1048.96
1472.0	27.0	973.84	996.75
1472.0	29.0	976.73	993.62
1472.0	33.0	988.85	989.97
1472.0	35.0	981.43	1048.97
1476.0	27.0	973.53	997.21
1476.0	29.0	976.32	994.04
1476.0	33.0	988.09	989.99
1476.0	35.0	981.93	1048.95
1480.0	27.0	973.21	997.66
1480.0	29.0	975.93	994.46
1480.0	33.0	987.31	990.04
1480.0	35.0	982.51	1048.93
1484.0	27.0	972.85	998.11
1484.0	29.0	975.54	994.90
1484.0	33.0	986.52	990.15
1484.0	35.0	983.16	1048.92
1488.0	27.0	972.45	998.57
1488.0	29.0	975.16	995.33
1488.0	33.0	985.76	990.33
1488.0	35.0	983.78	1048.94
1492.0	27.0	972.04	999.01
1492.0	29.0	974.82	995.73
1492.0	33.0	985.03	990.53
1492.0	35.0	984.33	1048.96
1496.0	27.0	971.65	999.46
1496.0	29.0	974.52	996.11
1496.0	33.0	984.30	990.72
1496.0	35.0	984.89	1049.00
1500.0	27.0	971.23	999.89
1500.0	29.0	974.16	996.57
1500.0	33.0	983.60	990.91
1500.0	35.0	985.51	1049.03
1504.0	27.0	970.77	1000.28
1504.0	29.0	973.76	997.11
1504.0	33.0	982.91	991.12
1504.0	35.0	986.14	1049.03
1504.0	36.0	1008.49	997.79
1508.0	27.0	970.32	1000.63
1508.0	29.0	973.41	997.65
1508.0	33.0	982.23	991.39
1508.0	35.0	986.75	1049.01
1508.0	36.0	1008.96	998.13
1512.0	27.0	969.88	1000.98
1512.0	29.0	973.03	998.13
1512.0	33.0	981.57	991.75
1512.0	35.0	987.34	1049.01
1512.0	36.0	1009.42	998.47
1516.0	27.0	969.40	1001.31
1516.0	29.0	972.58	998.57
1516.0	33.0	980.97	992.11
1516.0	35.0	987.92	1049.01
1516.0	36.0	1009.89	998.82
1520.0	27.0	968.89	1001.63
1520.0	29.0	972.08	999.02
1520.0	33.0	980.44	992.46
1520.0	35.0	988.49	1049.02
1520.0	36.0	1010.39	999.17
1520.0	37.0	1008.36	996.83
1524.0	27.0	968.39	1001.95
1524.0	29.0	971.63	999.44
1524.0	33.0	979.87	992.86
1524.0	35.0	989.04	1049.03
1524.0	36.0	1010.89	999.49
1524.0	37.0	1008.79	997.07
1528.0	27.0	967.90	1002.29
1528.0	29.0	971.25	999.88
1528.0	33.0	979.20	993.34
1528.0	35.0	989.58	1049.04
1528.0	36.0	1011.43	999.79
1528.0	37.0	1009.22	997.42
1532.0	29.0	970.85	1000.31
1532.0	33.0	978.53	993.85
1532.0	35.0	990.09	1049.02
1532.0	36.0	1011.97	1000.08
1532.0	37.0	1009.65	997.79
1536.0	29.0	970.42	1000.73
1536.0	33.0	977.93	994.34
1536.0	35.0	990.57	1048.98
1536.0	36.0	1012.51	1000.36
1536.0	37.0	1010.11	998.11
1540.0	29.0	969.97	1001.12
1540.0	33.0	977.43	994.84
1540.0	35.0	991.08	1048.96
1540.0	37.0	1010.56	998.37
1540.0	38.0	998.99	987.23
1544.0	29.0	969.51	1001.48
1544.0	33.0	976.98	995.33
1544.0	35.0	991.64	1048.98
1544.0	37.0	1011.05	998.61
1544.0	38.0	999.24	987.64
1548.0	29.0	969.05	1001.83
1548.0	33.0	976.48	995.81
1548.0	35.0	992.26	1049.04
1548.0	37.0	1011.55	998.84
1548.0	38.0	999.46	988.01
1552.0	29.0	968.58	1002.16
1552.0	33.0	975.91	996.29
1552.0	35.0	992.90	1049.13
1552.0	37.0	1012.01	999.07
1552.0	38.0	999.70	988.44
1556.0	29.0	968.12	1002.48
1556.0	33.0	975.33	996.75
1556.0	35.0	993.54	1049.23
1556.0	37.0	1012.39	999.27
1556.0	38.0	1000.00	988.96
1560.0	29.0	967.73	1002.79
1560.0	33.0	974.76	997.20
1560.0	35.0	994.21	1049.29
1560.0	38.0	1000.31	989.46
1564.0	29.0	967.39	1003.05
1564.0	33.0	974.24	997.65
1564.0	35.0	994.86	1049.29
1564.0	38.0	1000.61	989.88
1568.0	33.0	973.76	998.10
1568.0	35.0	995.52	1049.30
1568.0	38.0	1000.90	990.21
1572.0	33.0	973.29	998.52
1572.0	35.0	996.19	1049.33
1572.0	38.0	1001.16	990.44
1576.0	33.0	972.79	998.93
1576.0	35.0	996.87	1049.36
1580.0	33.0	972.26	999.36
1580.0	35.0	997.51	1049.37
1584.0	33.0	971.72	999.84
1584.0	35.0	998.15	1049.37
1588.0	33.0	971.18	1000.32
1588.0	35.0	998.79	1049.34
1592.0	33.0	970.66	1000.76
1592.0	35.0	999.41	1049.31
1596.0	33.0	970.15	1001.17
1596.0	35.0	1000.04	1049.29
1600.0	33.0	969.61	1001.55
1600.0	35.0	1000.70	1049.27
1604.0	33.0	969.03	1001.96
1604.0	35.0	1001.37	1049.25
1608.0	33.0	968.45	1002.40
1608.0	35.0	1002.04	1049.18
1608.0	39.0	977.15	993.17
1612.0	33.0	967.91	1002.81
1612.0	35.0	1002.68	1049.08
1612.0	39.0	977.39	992.89
1616.0	33.0	967.49	1003.14
1616.0	35.0	1003.30	1048.97
1616.0	39.0	977.63	992.69
1620.0	33.0	967.18	1003.40
1620.0	35.0	1003.92	1048.84
1620.0	39.0	977.90	992.52
1624.0	35.0	1004.55	1048.66
1624.0	39.0	978.24	992.36
1628.0	35.0	1005.15	1048.43
1628.0	39.0	978.65	992.22
1632.0	35.0	1005.68	1048.14
1632.0	39.0	979.10	992.08
1636.0	35.0	1006.16	1047.81
1636.0	39.0	979.57	991.92
1640.0	35.0	1006.63	1047.44
1640.0	39.0	980.01	991.75
1640.0	40.0	979.93	1052.03
1644.0	35.0	1007.07	1047.03
1644.0	39.0	980.42	991.57
1644.0	40.0	979.65	1051.61
1644.0	41.0	1012.57	1042.33
1648.0	35.0	1007.49	1046.57
1648.0	39.0	980.81	991.42
1648.0	40.0	979.40	1051.21
1648.0	41.0	1012.12	1042.85
1652.0	35.0	1007.88	1046.05
1652.0	39.0	981.19	991.30
1652.0	40.0	979.15	1050.80
1652.0	41.0	1011.68	1043.35
1652.0	43.0	966.94	1004.27
1656.0	35.0	1008.24	1045.53
1656.0	39.0	981.60	991.21
1656.0	40.0	978.88	1050.38
1656.0	41.0	1011.25	1043.88
1656.0	43.0	967.32	1004.33
1660.0	35.0	1008.61	1045.02
1660.0	39.0	982.06	991.13
1660.0	40.0	978.59	1049.97
1660.0	41.0	1010.83	1044.43
1660.0	43.0	967.63	1004.38
1664.0	35.0	1009.02	1044.54
1664.0	39.0	982.52	991.03
1664.0	40.0	978.31	1049.58
1664.0	41.0	1010.40	1044.96
1664.0	43.0	967.87	1004.41
1664.0	44.0	1008.36	999.51
1668.0	35.0	1009.46	1044.07
1668.0	39.0	982.96	990.92
1668.0	40.0	978.03	1049.22
1668.0	41.0	1009.93	1045.47
1668.0	43.0	968.00	1004.43
1668.0	44.0	1008.37	999.91
1672.0	35.0	1009.94	1043.65
1672.0	39.0	983.39	990.83
1672.0	40.0	977.77	1048.88
1672.0	41.0	1009.42	1045.93
1672.0	43.0	968.05	1004.44
1672.0	44.0	1008.40	1000.35
1676.0	35.0	1010.45	1043.29
1676.0	39.0	983.88	990.76
1676.0	40.0	977.56	1048.59
1676.0	41.0	1008.89	1046.36
1676.0	43.0	968.04	1004.46
1676.0	44.0	1008.38	1000.80
1680.0	35.0	1010.99	1043.00
1680.0	39.0	984.38	990.72
1680.0	41.0	1008.34	1046.76
1680.0	43.0	968.01	1004.46
1680.0	44.0	1008.34	1001.22
1684.0	35.0	1011.55	1042.78
1684.0	39.0	984.89	990.68
1684.0	41.0	1007.76	1047.12
1684.0	43.0	968.01	1004.44
1684.0	44.0	1008.33	1001.64
1688.0	35.0	1012.12	1042.62
1688.0	39.0	985.36	990.65
1688.0	41.0	1007.14	1047.43
1688.0	43.0	968.02	1004.43
1688.0	44.0	1008.32	1002.08
1692.0	35.0	1012.64	1042.49
1692.0	39.0	985.85	990.63
1692.0	41.0	1006.48	1047.69
1692.0	43.0	968.03	1004.42
1692.0	44.0	1008.34	1002.58
1696.0	39.0	986.35	990.62
1696.0	41.0	1005.81	1047.92
1696.0	43.0	968.03	1004.43
1696.0	44.0	1008.41	1003.11
1700.0	39.0	986.85	990.64
1700.0	41.0	1005.15	1048.15
1700.0	43.0	968.03	1004.43
1700.0	44.0	1008.49	1003.66
1704.0	39.0	987.31	990.71
1704.0	41.0	1004.49	1048.38
1704.0	43.0	968.02	1004.44
1704.0	44.0	1008.54	1004.28
1708.0	39.0	987.77	990.85
1708.0	41.0	1003.81	1048.55
1708.0	43.0	968.01	1004.44
1708.0	44.0	1008.61	1004.90
1712.0	39.0	988.26	990.94
1712.0	41.0	1003.12	1048.68
1712.0	43.0	967.99	1004.44
1712.0	44.0	1008.75	1005.44
1716.0	39.0	988.75	990.94
1716.0	41.0	1002.44	1048.80
1716.0	43.0	968.01	1004.44
1716.0	44.0	1008.95	1005.95
1720.0	39.0	989.28	990.95
1720.0	41.0	1001.77	1048.91
1720.0	43.0	968.05	1004.43
1720.0	44.0	1009.14	1006.46
1724.0	39.0	989.81	991.02
1724.0	41.0	1001.11	1049.01
1724.0	43.0	968.06	1004.43
1724.0	44.0	1009.30	1006.95
1728.0	39.0	990.32	991.02
1728.0	41.0	1000.44	1049.10
1728.0	43.0	968.05	1004.44
1728.0	44.0	1009.44	1007.43
1732.0	39.0	990.83	990.97
1732.0	41.0	999.78	1049.21
1732.0	43.0	968.03	1004.44
1732.0	44.0	1009.57	1007.95
1736.0	39.0	991.33	990.90
1736.0	41.0	999.12	1049.31
1736.0	43.0	968.02	1004.43
1736.0	44.0	1009.69	1008.46
1740.0	39.0	991.83	990.83
1740.0	41.0	998.45	1049.40
1740.0	43.0	968.02	1004.43
1740.0	44.0	1009.83	1008.97
1744.0	39.0	992.31	990.78
1744.0	41.0	997.75	1049.48
1744.0	43.0	968.02	1004.43
1744.0	44.0	1009.93	1009.47
1748.0	39.0	992.76	990.77
1748.0	41.0	997.04	1049.54
1748.0	43.0	968.02	1004.43
1748.0	44.0	1009.99	1010.01
1748.0	45.0	970.62	1042.32
1752.0	39.0	993.27	990.80
1752.0	41.0	996.35	1049.58
1752.0	43.0	968.02	1004.43
1752.0	44.0	1010.02	1010.53
1752.0	45.0	970.26	1042.02
1756.0	39.0	993.85	990.79
1756.0	41.0	995.66	1049.63
1756.0	43.0	968.03	1004.44
1756.0	44.0	1010.02	1011.03
1756.0	45.0	969.94	1041.73
1760.0	39.0	994.40	990.74
1760.0	41.0	994.96	1049.70
1760.0	43.0	968.06	1004.45
1760.0	44.0	1010.05	1011.53
1760.0	45.0	969.61	1041.44
1764.0	39.0	994.87	990.68
1764.0	41.0	994.24	1049.78
1764.0	43.0	968.12	1004.49
1764.0	44.0	1010.11	1012.05
1764.0	45.0	969.25	1041.15
1768.0	39.0	995.31	990.63
1768.0	41.0	993.53	1049.88
1768.0	43.0	968.23	1004.60
1768.0	44.0	1010.18	1012.63
1768.0	45.0	968.86	1040.86
1772.0	39.0	995.78	990.59
1772.0	41.0	992.85	1049.98
1772.0	43.0	968.41	1004.80
1772.0	44.0	1010.23	1013.20
1772.0	45.0	968.44	1040.59
1776.0	39.0	996.27	990.55
1776.0	41.0	992.19	1050.08
1776.0	43.0	968.64	1005.05
1776.0	44.0	1010.23	1013.80
1776.0	45.0	968.01	1040.35
1780.0	39.0	996.79	990.47
1780.0	41.0	991.52	1050.15
1780.0	43.0	968.88	1005.37
1780.0	44.0	1010.22	1014.37
1780.0	45.0	967.60	1040.12
1784.0	39.0	997.35	990.38
1784.0	41.0	990.82	1050.20
1784.0	43.0	969.14	1005.74
1784.0	44.0	1010.25	1014.93
1784.0	45.0	967.26	1039.94
1788.0	39.0	997.94	990.28
1788.0	41.0	990.11	1050.22
1788.0	43.0	969.40	1006.14
1788.0	44.0	1010.31	1015.48
1788.0	45.0	966.97	1039.77
1792.0	39.0	998.50	990.21
1792.0	41.0	989.42	1050.22
1792.0	43.0	969.62	1006.59
1792.0	44.0	1010.37	1015.95
1796.0	39.0	998.99	990.17
1796.0	41.0	988.72	1050.23
1796.0	43.0	969.82	1007.14
1796.0	44.0	1010.38	1016.37
1800.0	39.0	999.41	990.14
1800.0	41.0	988.00	1050.25
1800.0	43.0	970.00	1007.75
1800.0	44.0	1010.39	1016.81
1804.0	39.0	999.78	990.11
1804.0	41.0	987.30	1050.29
1804.0	43.0	970.15	1008.37
1804.0	44.0	1010.40	1017.35
1808.0	39.0	1000.13	990.11
1808.0	41.0	986.62	1050.33
1808.0	43.0	970.31	1009.00
1808.0	44.0	1010.40	1017.95
1812.0	39.0	1000.50	990.15
1812.0	41.0	985.94	1050.36
1812.0	43.0	970.50	1009.68
1812.0	44.0	1010.37	1018.50
1816.0	39.0	1000.87	990.24
1816.0	41.0	985.25	1050.35
1816.0	43.0	970.66	1010.35
1816.0	44.0	1010.32	1019.02
1820.0	39.0	1001.18	990.38
1820.0	41.0	984.56	1050.30
1820.0	43.0	970.77	1010.99
1820.0	44.0	1010.27	1019.58
1824.0	39.0	1001.44	990.51
1824.0	41.0	983.88	1050.23
1824.0	43.0	970.84	1011.62
1824.0	44.0	1010.24	1020.20
1828.0	41.0	983.20	1050.13
1828.0	43.0	970.91	1012.27
1828.0	44.0	1010.26	1020.88
1832.0	41.0	982.51	1050.00
1832.0	43.0	970.96	1012.94
1832.0	44.0	1010.31	1021.53
1836.0	41.0	981.81	1049.84
1836.0	43.0	971.00	1013.62
1836.0	44.0	1010.36	1022.13
1840.0	41.0	981.11	1049.68
1840.0	43.0	971.02	1014.32
1840.0	44.0	1010.40	1022.67
1844.0	41.0	980.43	1049.51
1844.0	43.0	971.02	1015.01
1844.0	44.0	1010.44	1023.15
1848.0	41.0	979.79	1049.28
1848.0	43.0	971.00	1015.66
1848.0	44.0	1010.46	1023.64
1852.0	41.0	979.18	1049.01
1852.0	43.0	970.99	1016.30
1852.0	44.0	1010.43	1024.26
1856.0	41.0	978.62	1048.68
1856.0	43.0	971.00	1016.96
1856.0	44.0	1010.40	1024.89
1860.0	41.0	978.15	1048.34
1860.0	43.0	970.99	1017.62
1860.0	44.0	1010.40	1025.47
1864.0	43.0	970.94	1018.31
1864.0	44.0	1010.41	1026.03
1868.0	43.0	970.85	1018.97
1868.0	44.0	1010.42	1026.60
1872.0	43.0	970.76	1019.64
1872.0	44.0	1010.41	1027.16
1876.0	43.0	970.70	1020.32
1876.0	44.0	1010.37	1027.67
1880.0	43.0	970.66	1020.98
1880.0	44.0	1010.33	1028.15
1884.0	43.0	970.59	1021.64
1884.0	44.0	1010.30	1028.70
1888.0	43.0	970.52	1022.29
1888.0	44.0	1010.27	1029.33
1892.0	43.0	970.48	1022.93
1892.0	44.0	1010.26	1029.94
1896.0	43.0	970.46	1023.57
1896.0	44.0	1010.26	1030.51
1900.0	43.0	970.43	1024.23
1900.0	44.0	1010.27	1031.03
1904.0	43.0	970.36	1024.91
1904.0	44.0	1010.30	1031.54
1908.0	43.0	970.30	1025.58
1908.0	44.0	1010.33	1032.04
1912.0	43.0	970.28	1026.22
1912.0	44.0	1010.34	1032.55
1912.0	46.0	970.92	1042.64
1916.0	43.0	970.31	1026.86
1916.0	44.0	1010.30	1033.09
1916.0	46.0	970.41	1042.17
1920.0	43.0	970.36	1027.51
1920.0	44.0	1010.24	1033.73
1920.0	46.0	969.85	1041.72
1924.0	43.0	970.45	1028.15
1924.0	44.0	1010.21	1034.39
1924.0	46.0	969.29	1041.28
1928.0	43.0	970.57	1028.78
1928.0	44.0	1010.19	1035.00
1928.0	46.0	968.73	1040.83
1932.0	43.0	970.70	1029.42
1932.0	44.0	1010.19	1035.52
1932.0	46.0	968.17	1040.38
1932.0	48.0	998.70	986.98
1936.0	43.0	970.85	1030.07
1936.0	44.0	1010.22	1035.98
1936.0	46.0	967.67	1039.98
1936.0	48.0	999.08	987.46
1940.0	43.0	971.03	1030.72
1940.0	44.0	1010.20	1036.45
1940.0	46.0	967.29	1039.66
1940.0	48.0	999.46	988.00
1944.0	43.0	971.22	1031.35
1944.0	44.0	1010.07	1036.97
1944.0	48.0	999.84	988.57
1948.0	43.0	971.38	1031.95
1948.0	44.0	1009.92	1037.57
1948.0	48.0	1000.23	989.14
1952.0	43.0	971.52	1032.57
1952.0	44.0	1009.80	1038.17
1952.0	48.0	1000.60	989.65
1956.0	43.0	971.70	1033.22
1956.0	44.0	1009.71	1038.71
1956.0	48.0	1000.94	990.10
1960.0	43.0	971.94	1033.83
1960.0	44.0	1009.62	1039.20
1960.0	48.0	1001.23	990.46
1964.0	43.0	972.25	1034.39
1964.0	44.0	1009.55	1039.71
1968.0	43.0	972.61	1034.96
1968.0	44.0	1009.50	1040.27
1972.0	43.0	973.00	1035.52
1972.0	44.0	1009.43	1040.86
1976.0	43.0	973.41	1036.03
1976.0	44.0	1009.34	1041.44
1980.0	43.0	973.88	1036.47
1980.0	44.0	1009.26	1042.01
1984.0	43.0	974.43	1036.91
1984.0	44.0	1009.17	1042.55
1988.0	43.0	974.98	1037.34
1988.0	44.0	1009.03	1043.08
1992.0	43.0	975.50	1037.75
1992.0	44.0	1008.85	1043.63
1996.0	43.0	975.98	1038.19
1996.0	44.0	1008.66	1044.17
2000.0	43.0	976.46	1038.65
2000.0	44.0	1008.47	1044.64
2004.0	43.0	976.98	1039.13
2004.0	44.0	1008.30	1045.06
2008.0	43.0	977.50	1039.60
2008.0	44.0	1008.19	1045.46
2012.0	43.0	977.97	1040.04
2016.0	43.0	978.38	1040.42
2016.0	49.0	1008.17	997.31
2020.0	43.0	978.77	1040.85
2020.0	49.0	1008.45	997.83
2024.0	43.0	979.24	1041.41
2024.0	49.0	1008.61	998.43
2028.0	43.0	979.63	1042.02
2028.0	49.0	1008.72	999.08
2032.0	43.0	979.96	1042.57
2032.0	49.0	1008.82	999.74
2036.0	43.0	980.31	1043.09
2036.0	49.0	1008.89	1000.35
2036.0	51.0	1012.17	999.68
2040.0	43.0	980.70	1043.60
2040.0	49.0	1008.97	1000.89
2040.0	51.0	1011.56	999.36
2044.0	43.0	981.13	1044.06
2044.0	49.0	1009.05	1001.32
2044.0	51.0	1010.98	999.03
2048.0	43.0	981.59	1044.47
2048.0	49.0	1009.11	1001.62
2048.0	51.0	1010.40	998.69
2052.0	43.0	982.11	1044.85
2052.0	49.0	1009.14	1001.87
2052.0	51.0	1009.84	998.33
2056.0	43.0	982.69	1045.27
2056.0	49.0	1009.19	1002.19
2056.0	51.0	1009.30	997.99
2060.0	43.0	983.27	1045.74
2060.0	49.0	1009.24	1002.59
2060.0	51.0	1008.80	997.72
2064.0	43.0	983.78	1046.14
2064.0	49.0	1009.29	1003.10
2064.0	51.0	1008.38	997.51
2068.0	43.0	984.32	1046.38
2068.0	49.0	1009.33	1003.66
2072.0	43.0	984.94	1046.52
2072.0	49.0	1009.39	1004.23
2072.0	52.0	999.36	989.45
2076.0	43.0	985.59	1046.63
2076.0	49.0	1009.43	1004.80
2076.0	52.0	999.16	988.85
2080.0	43.0	986.29	1046.73
2080.0	49.0	1009.45	1005.35
2080.0	52.0	998.81	988.58
2084.0	43.0	987.05	1046.87
2084.0	49.0	1009.46	1005.91
2084.0	52.0	998.00	988.79
2084.0	53.0	1012.09	1042.33
2088.0	43.0	987.80	1047.01
2088.0	49.0	1009.48	1006.54
2088.0	52.0	997.15	989.05
2088.0	53.0	1011.67	1042.77
2092.0	43.0	988.48	1047.11
2092.0	49.0	1009.52	1007.22
2092.0	52.0	996.45	989.18
2092.0	53.0	1011.24	1043.18
2096.0	43.0	989.11	1047.18
2096.0	49.0	1009.53	1007.93
2096.0	52.0	995.86	989.23
2096.0	53.0	1010.79	1043.60
2100.0	43.0	989.79	1047.23
2100.0	49.0	1009.52	1008.64
2100.0	52.0	995.27	989.23
2100.0	53.0	1010.38	1044.13
2104.0	43.0	990.53	1047.26
2104.0	49.0	1009.51	1009.34
2104.0	52.0	994.66	989.23
2104.0	53.0	1009.98	1044.71
2108.0	43.0	991.19	1047.27
2108.0	49.0	1009.51	1010.02
2108.0	52.0	993.95	989.28
2108.0	53.0	1009.60	1045.29
2112.0	43.0	991.76	1047.25
2112.0	49.0	1009.50	1010.69
2112.0	52.0	993.20	989.40
2112.0	53.0	1009.22	1045.81
2116.0	43.0	992.31	1047.20
2116.0	49.0	1009.49	1011.34
2116.0	52.0	992.52	989.54
2116.0	53.0	1008.85	1046.30
2116.0	54.0	1000.15	993.84
2120.0	43.0	992.93	1047.12
2120.0	49.0	1009.48	1011.99
2120.0	52.0	991.89	989.66
2120.0	53.0	1008.49	1046.74
2120.0	54.0	999.55	993.60
2124.0	43.0	993.59	1047.05
2124.0	49.0	1009.49	1012.65
2124.0	52.0	991.28	989.77
2124.0	53.0	1008.20	1047.12
2124.0	54.0	998.89	993.35
2128.0	43.0	994.26	1047.03
2128.0	49.0	1009.52	1013.32
2128.0	52.0	990.67	989.87
2128.0	53.0	1007.97	1047.44
2128.0	54.0	998.24	993.08
2132.0	43.0	994.94	1047.07
2132.0	49.0	1009.55	1013.96
2132.0	52.0	990.02	989.95
2132.0	54.0	997.60	992.78
2136.0	43.0	995.61	1047.09
2136.0	49.0	1009.60	1014.61
2136.0	52.0	989.32	990.05
2136.0	54.0	996.98	992.47
2140.0	43.0	996.27	1047.06
2140.0	49.0	1009.66	1015.27
2140.0	52.0	988.63	990.15
2140.0	54.0	996.36	992.14
2144.0	43.0	996.90	1047.02
2144.0	49.0	1009.72	1015.92
2144.0	52.0	987.96	990.26
2144.0	54.0	995.74	991.84
2148.0	43.0	997.52	1046.98
2148.0	49.0	1009.78	1016.55
2148.0	52.0	987.24	990.37
2148.0	54.0	995.10	991.58
2152.0	43.0	998.13	1046.93
2152.0	49.0	1009.82	1017.18
2152.0	52.0	986.54	990.49
2152.0	54.0	994.44	991.38
2156.0	43.0	998.75	1046.90
2156.0	49.0	1009.86	1017.80
2156.0	52.0	985.88	990.60
2156.0	54.0	993.77	991.25
2160.0	43.0	999.38	1046.89
2160.0	49.0	1009.90	1018.45
2160.0	52.0	985.25	990.71
2160.0	54.0	993.08	991.13
2160.0	55.0	998.98	987.12
2164.0	43.0	1000.00	1046.91
2164.0	49.0	1009.94	1019.12
2164.0	52.0	984.64	990.82
2164.0	54.0	992.39	991.08
2164.0	55.0	999.27	987.60
2164.0	56.0	1008.09	997.51
2168.0	43.0	1000.61	1046.94
2168.0	49.0	1009.98	1019.81
2168.0	52.0	984.03	990.93
2168.0	54.0	991.75	991.09
2168.0	55.0	999.57	988.09
2168.0	56.0	1008.31	997.82
2172.0	43.0	1001.22	1046.95
2172.0	49.0	1009.98	1020.51
2172.0	52.0	983.37	991.05
2172.0	54.0	991.14	991.12
2172.0	55.0	999.89	988.60
2172.0	56.0	1008.55	998.33
2176.0	43.0	1001.83	1046.94
2176.0	49.0	1009.97	1021.22
2176.0	52.0	982.67	991.18
2176.0	54.0	990.48	991.16
2176.0	55.0	1000.22	989.10
2176.0	56.0	1008.74	998.99
2180.0	43.0	1002.46	1046.90
2180.0	49.0	1009.98	1021.93
2180.0	52.0	981.99	991.35
2180.0	54.0	989.74	991.19
2180.0	55.0	1000.58	989.58
2180.0	56.0	1008.88	999.75
2184.0	43.0	1003.08	1046.80
2184.0	49.0	1009.99	1022.63
2184.0	52.0	981.35	991.50
2184.0	54.0	989.02	991.24
2184.0	55.0	1000.92	990.00
2184.0	56.0	1008.96	1000.50
2188.0	43.0	1003.69	1046.64
2188.0	49.0	1010.00	1023.32
2188.0	52.0	980.74	991.63
2188.0	54.0	988.34	991.29
2188.0	55.0	1001.24	990.36
2188.0	56.0	1009.02	1001.18
2192.0	43.0	1004.25	1046.41
2192.0	49.0	1009.99	1024.01
2192.0	52.0	980.13	991.79
2192.0	54.0	987.67	991.37
2192.0	55.0	1001.53	990.65
2192.0	56.0	1009.05	1001.83
2196.0	43.0	1004.78	1046.18
2196.0	49.0	1009.93	1024.72
2196.0	52.0	979.48	992.01
2196.0	54.0	987.00	991.47
2196.0	56.0	1009.07	1002.46
2200.0	43.0	1005.34	1045.97
2200.0	49.0	1009.85	1025.42
2200.0	52.0	978.85	992.29
2200.0	54.0	986.34	991.58
2200.0	56.0	1009.11	1003.15
2204.0	43.0	1005.90	1045.78
2204.0	49.0	1009.77	1026.13
2204.0	52.0	978.27	992.60
2204.0	54.0	985.67	991.67
2204.0	56.0	1009.22	1003.86
2208.0	43.0	1006.47	1045.56
2208.0	49.0	1009.72	1026.84
2208.0	52.0	977.77	992.93
2208.0	54.0	984.98	991.71
2208.0	56.0	1009.32	1004.56
2212.0	43.0	1007.04	1045.32
2212.0	49.0	1009.69	1027.55
2212.0	52.0	977.30	993.28
2212.0	54.0	984.28	991.75
2212.0	56.0	1009.40	1005.22
2216.0	43.0	1007.60	1045.04
2216.0	49.0	1009.66	1028.24
2216.0	52.0	976.83	993.66
2216.0	54.0	983.62	991.84
2216.0	56.0	1009.49	1005.87
2220.0	43.0	1008.12	1044.73
2220.0	49.0	1009.63	1028.93
2220.0	52.0	976.36	994.07
2220.0	54.0	983.00	991.98
2220.0	56.0	1009.57	1006.50
2224.0	43.0	1008.64	1044.40
2224.0	49.0	1009.61	1029.63
2224.0	52.0	975.93	994.50
2224.0	54.0	982.40	992.16
2224.0	56.0	1009.63	1007.12
2228.0	43.0	1009.14	1044.03
2228.0	49.0	1009.59	1030.35
2228.0	52.0	975.52	994.94
2228.0	54.0	981.79	992.34
2228.0	56.0	1009.67	1007.72
2232.0	43.0	1009.63	1043.64
2232.0	49.0	1009.58	1031.08
2232.0	52.0	975.10	995.41
2232.0	54.0	981.15	992.50
2232.0	56.0	1009.69	1008.31
2236.0	43.0	1010.12	1043.23
2236.0	49.0	1009.53	1031.79
2236.0	52.0	974.68	995.91
2236.0	54.0	980.50	992.68
2236.0	56.0	1009.68	1008.89
2240.0	43.0	1010.61	1042.83
2240.0	49.0	1009.43	1032.49
2240.0	52.0	974.26	996.40
2240.0	54.0	979.86	992.89
2240.0	56.0	1009.66	1009.41
2244.0	43.0	1011.11	1042.45
2244.0	49.0	1009.34	1033.17
2244.0	52.0	973.85	996.87
2244.0	54.0	979.22	993.12
2244.0	56.0	1009.67	1009.93
2248.0	43.0	1011.62	1042.05
2248.0	49.0	1009.24	1033.87
2248.0	52.0	973.44	997.30
2248.0	54.0	978.59	993.44
2248.0	56.0	1009.75	1010.59
2252.0	43.0	1012.10	1041.65
2252.0	49.0	1009.13	1034.57
2252.0	52.0	973.01	997.72
2252.0	54.0	977.99	993.80
2252.0	56.0	1009.86	1011.32
2256.0	43.0	1012.55	1041.27
2256.0	49.0	1009.06	1035.28
2256.0	52.0	972.53	998.18
2256.0	54.0	977.44	994.18
2256.0	56.0	1009.97	1011.99
2256.0	59.0	1008.90	997.38
2260.0	43.0	1012.92	1040.96
2260.0	49.0	1009.05	1035.98
2260.0	52.0	972.05	998.65
2260.0	54.0	976.89	994.56
2260.0	56.0	1010.08	1012.64
2260.0	59.0	1009.41	997.75
2264.0	49.0	1009.07	1036.69
2264.0	52.0	971.63	999.12
2264.0	54.0	976.37	994.93
2264.0	56.0	1010.14	1013.27
2264.0	59.0	1009.89	998.07
2268.0	49.0	1009.07	1037.38
2268.0	52.0	971.22	999.58
2268.0	54.0	975.88	995.30
2268.0	56.0	1010.10	1013.90
2268.0	59.0	1010.41	998.38
2272.0	49.0	1009.05	1038.08
2272.0	52.0	970.78	1000.03
2272.0	54.0	975.38	995.67
2272.0	56.0	1010.08	1014.55
2272.0	59.0	1010.96	998.68
2276.0	49.0	1009.02	1038.78
2276.0	52.0	970.31	1000.44
2276.0	54.0	974.88	996.06
2276.0	56.0	1010.11	1015.21
2276.0	59.0	1011.53	998.98
2280.0	49.0	1009.00	1039.49
2280.0	52.0	969.83	1000.85
2280.0	54.0	974.39	996.49
2280.0	56.0	1010.13	1015.82
2280.0	59.0	1012.03	999.27
2284.0	49.0	1009.01	1040.21
2284.0	52.0	969.36	1001.25
2284.0	54.0	973.92	996.91
2284.0	56.0	1010.12	1016.42
2284.0	59.0	1012.44	999.50
2288.0	49.0	1009.02	1040.92
2288.0	52.0	968.88	1001.64
2288.0	54.0	973.48	997.33
2288.0	56.0	1010.08	1017.03
2292.0	49.0	1009.02	1041.61
2292.0	52.0	968.41	1002.00
2292.0	54.0	973.06	997.76
2292.0	56.0	1010.06	1017.63
2296.0	49.0	1009.00	1042.30
2296.0	52.0	967.99	1002.30
2296.0	54.0	972.64	998.23
2296.0	56.0	1010.05	1018.19
2300.0	49.0	1008.93	1042.97
2300.0	52.0	967.62	1002.58
2300.0	54.0	972.22	998.72
2300.0	56.0	1010.08	1018.79
2304.0	49.0	1008.83	1043.61
2304.0	54.0	971.80	999.22
2304.0	56.0	1010.12	1019.48
2308.0	49.0	1008.70	1044.21
2308.0	54.0	971.39	999.72
2308.0	56.0	1010.17	1020.18
2312.0	49.0	1008.52	1044.78
2312.0	54.0	970.93	1000.21
2312.0	56.0	1010.22	1020.87
2316.0	49.0	1008.32	1045.34
2316.0	54.0	970.43	1000.66
2316.0	56.0	1010.26	1021.52
2320.0	49.0	1008.08	1045.92
2320.0	54.0	969.92	1001.06
2320.0	56.0	1010.27	1022.13
2324.0	49.0	1007.82	1046.51
2324.0	54.0	969.41	1001.43
2324.0	56.0	1010.35	1022.71
2328.0	49.0	1007.54	1047.04
2328.0	54.0	968.91	1001.78
2328.0	56.0	1010.52	1023.33
2332.0	49.0	1007.32	1047.45
2332.0	54.0	968.40	1002.12
2332.0	56.0	1010.74	1024.00
2336.0	49.0	1007.16	1047.74
2336.0	54.0	967.91	1002.47
2336.0	56.0	1010.99	1024.66
2340.0	54.0	967.50	1002.78
2340.0	56.0	1011.28	1025.30
2344.0	56.0	1011.60	1025.93
2344.0	60.0	979.73	1043.82
2348.0	56.0	1011.95	1026.54
2348.0	60.0	979.85	1044.14
2352.0	56.0	1012.34	1027.12
2352.0	60.0	979.87	1044.54
2356.0	56.0	1012.77	1027.66
2356.0	60.0	979.74	1044.95
2360.0	56.0	1013.18	1028.17
2360.0	60.0	979.45	1045.35
2364.0	56.0	1013.57	1028.65
2364.0	60.0	979.07	1045.75
2368.0	56.0	1014.01	1029.15
2368.0	60.0	978.72	1046.09
2372.0	56.0	1014.54	1029.69
2376.0	56.0	1015.12	1030.16
2380.0	56.0	1015.70	1030.55
2384.0	56.0	1016.31	1030.92
2388.0	56.0	1016.96	1031.29
2392.0	56.0	1017.56	1031.63
2396.0	56.0	1018.14	1031.95
2400.0	56.0	1018.69	1032.27
2404.0	56.0	1019.28	1032.55
2408.0	56.0	1019.87	1032.77
2436.0	63.0	968.28	1001.92
2436.0	64.0	990.46	1058.21
2436.0	65.0	971.51	1042.42
2440.0	63.0	968.84	1001.54
2440.0	64.0	989.49	1056.05
2440.0	65.0	971.00	1042.07
2444.0	63.0	969.40	1001.17
2444.0	64.0	988.39	1054.10
2444.0	65.0	970.42	1041.75
2448.0	63.0	969.94	1000.79
2448.0	64.0	987.24	1052.32
2448.0	65.0	969.85	1041.49
2452.0	63.0	970.47	1000.38
2452.0	64.0	986.07	1050.52
2452.0	65.0	969.33	1041.25
2456.0	63.0	970.99	999.94
2456.0	64.0	984.88	1048.45
2456.0	65.0	968.85	1040.99
2460.0	63.0	971.49	999.49
2460.0	64.0	983.57	1045.94
2460.0	65.0	968.34	1040.72
2464.0	63.0	972.00	999.05
2464.0	64.0	982.23	1043.32
2464.0	65.0	967.85	1040.44
2468.0	63.0	972.52	998.61
2468.0	64.0	980.76	1040.59
2468.0	65.0	967.42	1040.17
2472.0	63.0	973.03	998.20
2472.0	64.0	979.23	1037.83
2472.0	65.0	967.05	1039.94
2476.0	63.0	973.54	997.84
2476.0	64.0	977.82	1035.07
2480.0	63.0	974.07	997.47
2480.0	64.0	976.72	1032.20
2484.0	63.0	974.65	997.11
2484.0	64.0	975.99	1029.16
2488.0	63.0	975.27	996.78
2488.0	64.0	975.63	1025.99
2492.0	63.0	975.92	996.50
2492.0	64.0	975.62	1022.73
2496.0	63.0	976.60	996.25
2496.0	64.0	975.96	1019.44
2500.0	63.0	977.29	996.02
2500.0	64.0	976.71	1016.16
2504.0	63.0	977.97	995.76
2504.0	64.0	977.95	1012.90
2508.0	63.0	978.60	995.48
2508.0	64.0	979.61	1009.67
2512.0	63.0	979.21	995.17
2512.0	64.0	981.48	1006.40
2516.0	63.0	979.80	994.86
2516.0	64.0	983.16	1002.96
2520.0	63.0	980.39	994.59
2520.0	64.0	984.35	999.30
2524.0	63.0	980.96	994.34
2524.0	64.0	984.98	995.45
2528.0	63.0	981.52	994.08
2528.0	64.0	985.16	991.57
2532.0	63.0	982.10	993.80
2532.0	64.0	985.03	987.99
2536.0	63.0	982.66	993.51
2536.0	64.0	984.73	984.79
2540.0	63.0	983.22	993.22
2544.0	63.0	983.81	992.92
2548.0	63.0	984.43	992.65
2552.0	63.0	985.07	992.40
2556.0	63.0	985.70	992.17
2560.0	63.0	986.31	991.98
2564.0	63.0	986.92	991.82
2568.0	63.0	987.53	991.66
2572.0	63.0	988.15	991.52
2576.0	63.0	988.77	991.39
2580.0	63.0	989.39	991.28
2584.0	63.0	990.01	991.19
2588.0	63.0	990.64	991.11
2592.0	63.0	991.27	991.04
2596.0	63.0	991.88	991.00
2600.0	63.0	992.49	990.95
2604.0	63.0	993.11	990.88
2608.0	63.0	993.75	990.77
2612.0	63.0	994.40	990.67
2616.0	63.0	995.08	990.58
2620.0	63.0	995.76	990.50
2624.0	63.0	996.41	990.42
2628.0	63.0	997.04	990.34
2632.0	63.0	997.68	990.28
2636.0	63.0	998.30	990.24
2640.0	63.0	998.92	990.22
2644.0	63.0	999.52	990.28
2648.0	63.0	1000.08	990.45
2652.0	63.0	1000.58	990.73
2652.0	66.0	967.34	1039.51
2656.0	63.0	1001.00	991.06
2656.0	66.0	968.00	1039.80
2660.0	63.0	1001.35	991.38
2660.0	66.0	968.63	1040.15
2664.0	66.0	969.25	1040.52
2668.0	66.0	969.83	1040.88
2672.0	66.0	970.41	1041.25
2676.0	66.0	970.97	1041.62
2680.0	66.0	971.48	1041.98
2684.0	66.0	971.91	1042.34
2708.0	68.0	1007.29	996.54
2712.0	68.0	1007.75	996.86
2716.0	68.0	1008.40	997.28
2720.0	68.0	1009.05	997.70
2724.0	68.0	1009.61	998.07
2728.0	68.0	1010.12	998.42
2732.0	68.0	1010.64	998.75
2736.0	68.0	1011.20	999.06
2740.0	68.0	1011.74	999.36
2740.0	69.0	979.89	1051.41
2744.0	68.0	1012.20	999.62
2744.0	69.0	980.35	1049.90
2748.0	68.0	1012.57	999.85
2748.0	69.0	981.12	1048.82
2752.0	69.0	981.87	1048.56
2756.0	69.0	982.54	1048.69
2760.0	69.0	983.18	1048.85
2764.0	69.0	983.81	1048.95
2768.0	69.0	984.49	1049.01
2772.0	69.0	985.23	1049.05
2776.0	69.0	985.99	1049.09
2780.0	69.0	986.75	1049.12
2784.0	69.0	987.51	1049.16
2788.0	69.0	988.28	1049.22
2792.0	69.0	989.03	1049.28
2796.0	69.0	989.74	1049.33
2800.0	69.0	990.36	1049.36
2804.0	69.0	990.92	1049.38
2808.0	69.0	991.43	1049.38
2812.0	69.0	991.91	1049.33
2816.0	69.0	992.40	1049.25
2820.0	69.0	992.94	1049.18
2824.0	69.0	993.55	1049.15
2824.0	71.0	970.70	1041.76
2828.0	69.0	994.23	1049.16
2828.0	71.0	970.30	1041.38
2832.0	69.0	994.93	1049.17
2832.0	71.0	969.84	1041.01
2836.0	69.0	995.62	1049.18
2836.0	71.0	969.31	1040.66
2840.0	69.0	996.38	1049.18
2840.0	71.0	968.72	1040.36
2844.0	69.0	997.16	1049.17
2844.0	71.0	968.11	1040.07
2848.0	69.0	997.92	1049.15
2848.0	71.0	967.58	1039.80
2852.0	69.0	998.67	1049.11
2852.0	71.0	967.12	1039.60
2856.0	69.0	999.40	1049.04
2860.0	69.0	1000.13	1048.97
2864.0	69.0	1000.87	1048.91
2868.0	69.0	1001.62	1048.86
2872.0	69.0	1002.36	1048.81
2876.0	69.0	1003.12	1048.74
2880.0	69.0	1003.88	1048.63
2884.0	69.0	1004.62	1048.46
2888.0	69.0	1005.33	1048.23
2892.0	69.0	1005.97	1047.92
2896.0	69.0	1006.54	1047.56
2900.0	69.0	1007.10	1047.18
2904.0	69.0	1007.64	1046.78
2908.0	69.0	1008.17	1046.35
2912.0	69.0	1008.68	1045.90
2916.0	69.0	1009.16	1045.41
2920.0	69.0	1009.62	1044.93
2924.0	69.0	1010.07	1044.45
2928.0	69.0	1010.54	1043.93
2932.0	69.0	1011.00	1043.39
2936.0	69.0	1011.46	1042.81
2940.0	69.0	1011.94	1042.23
2944.0	69.0	1012.41	1041.66
2948.0	69.0	1012.84	1041.12
2952.0	69.0	1013.21	1040.65
2968.0	72.0	971.20	1042.09
2972.0	72.0	970.70	1041.76
2976.0	72.0	970.28	1041.39
2980.0	72.0	969.92	1040.98
2980.0	73.0	998.83	987.04
2984.0	72.0	969.66	1040.55
2984.0	73.0	999.15	987.44
2988.0	72.0	969.49	1040.15
2988.0	73.0	999.44	987.88
2992.0	72.0	969.40	1039.83
2992.0	73.0	999.69	988.34
2996.0	72.0	969.38	1039.56
2996.0	73.0	999.93	988.80
3000.0	72.0	969.43	1039.31
3000.0	73.0	1000.17	989.24
3004.0	72.0	969.49	1039.02
3004.0	73.0	1000.45	989.62
3008.0	72.0	969.55	1038.67
3008.0	73.0	1000.76	989.98
