844.0	19.0	1013.23	1037.91
844.0	25.0	1000.29	1049.60
844.0	29.0	1011.75	998.98
848.0	19.0	1013.49	1038.06
848.0	25.0	1000.87	1049.62
848.0	29.0	1012.28	999.27
852.0	25.0	1001.44	1049.62
852.0	29.0	1012.71	999.55
856.0	25.0	1002.04	1049.61
860.0	25.0	1002.66	1049.60
864.0	25.0	1003.28	1049.61
864.0	31.0	978.62	1047.55
868.0	25.0	1003.90	1049.62
868.0	31.0	979.13	1047.83
872.0	25.0	1004.45	1049.62
872.0	31.0	979.61	1048.01
876.0	25.0	1004.90	1049.59
876.0	31.0	980.05	1048.13
880.0	31.0	980.52	1048.19
884.0	31.0	981.04	1048.22
888.0	31.0	981.64	1048.27
892.0	31.0	982.24	1048.34
896.0	31.0	982.76	1048.40
900.0	31.0	983.20	1048.44
900.0	32.0	1007.90	1047.58
904.0	31.0	983.56	1048.47
904.0	32.0	1008.18	1047.15
908.0	31.0	983.80	1048.52
908.0	32.0	1008.52	1046.70
912.0	31.0	983.89	1048.60
912.0	32.0	1008.85	1046.25
912.0	33.0	967.52	1002.90
916.0	31.0	983.89	1048.71
916.0	32.0	1009.20	1045.79
916.0	33.0	968.06	1002.56
920.0	31.0	983.87	1048.84
920.0	32.0	1009.57	1045.33
920.0	33.0	968.55	1002.18
924.0	31.0	983.87	1048.91
924.0	32.0	1009.92	1044.91
924.0	33.0	969.00	1001.79
928.0	31.0	983.90	1048.91
928.0	32.0	1010.29	1044.48
928.0	33.0	969.45	1001.41
932.0	31.0	984.06	1048.84
932.0	32.0	1010.65	1044.04
932.0	33.0	969.93	1001.09
936.0	31.0	984.42	1048.70
936.0	32.0	1011.01	1043.59
936.0	33.0	970.42	1000.84
940.0	31.0	984.98	1048.53
940.0	32.0	1011.36	1043.12
940.0	33.0	970.90	1000.56
944.0	31.0	985.66	1048.38
944.0	32.0	1011.69	1042.69
944.0	33.0	971.33	1000.16
948.0	31.0	986.35	1048.27
948.0	32.0	1012.02	1042.25
948.0	33.0	971.69	999.71
952.0	31.0	987.05	1048.19
952.0	32.0	1012.36	1041.83
952.0	33.0	972.02	999.23
956.0	31.0	987.73	1048.14
956.0	32.0	1012.67	1041.45
956.0	33.0	972.37	998.79
960.0	31.0	988.40	1048.10
960.0	32.0	1012.95	1041.12
960.0	33.0	972.75	998.39
964.0	31.0	989.07	1048.05
964.0	33.0	973.14	997.98
968.0	31.0	989.75	1048.00
968.0	33.0	973.55	997.55
972.0	31.0	990.44	1047.98
972.0	33.0	973.95	997.10
976.0	31.0	991.12	1047.99
976.0	33.0	974.35	996.64
980.0	31.0	991.81	1048.01
980.0	33.0	974.74	996.20
984.0	31.0	992.49	1048.02
984.0	33.0	975.15	995.78
988.0	31.0	993.14	1048.03
988.0	33.0	975.55	995.36
992.0	31.0	993.77	1048.04
992.0	33.0	975.94	994.95
996.0	31.0	994.38	1048.06
996.0	33.0	976.35	994.57
1000.0	31.0	995.01	1048.11
1000.0	33.0	976.78	994.23
1004.0	31.0	995.65	1048.18
1004.0	33.0	977.18	993.87
1008.0	31.0	996.27	1048.26
1008.0	33.0	977.57	993.43
1012.0	31.0	996.88	1048.33
1012.0	33.0	978.06	993.14
1016.0	31.0	997.48	1048.40
1016.0	33.0	978.64	993.04
1020.0	31.0	998.07	1048.49
1020.0	33.0	979.24	992.95
1024.0	31.0	998.64	1048.58
1024.0	33.0	979.81	992.81
1024.0	34.0	976.73	991.93
1028.0	31.0	999.21	1048.63
1028.0	33.0	980.37	992.64
1028.0	34.0	976.66	992.36
1032.0	31.0	999.78	1048.68
1032.0	33.0	980.91	992.45
1032.0	34.0	976.52	992.78
1036.0	31.0	1000.34	1048.76
1036.0	33.0	981.46	992.30
1036.0	34.0	976.34	993.22
1040.0	31.0	1000.90	1048.83
1040.0	33.0	982.01	992.17
1040.0	34.0	976.14	993.66
1044.0	31.0	1001.46	1048.88
1044.0	33.0	982.58	992.05
1044.0	34.0	975.90	994.10
1048.0	31.0	1002.03	1048.90
1048.0	33.0	983.15	991.97
1048.0	34.0	975.65	994.50
1052.0	31.0	1002.59	1048.90
1052.0	33.0	983.70	991.88
1052.0	34.0	975.37	994.87
1056.0	31.0	1003.15	1048.87
1056.0	33.0	984.24	991.80
1056.0	34.0	975.09	995.24
1060.0	31.0	1003.69	1048.79
1060.0	33.0	984.78	991.72
1060.0	34.0	974.81	995.62
1064.0	31.0	1004.22	1048.65
1064.0	33.0	985.32	991.64
1064.0	34.0	974.52	996.01
1068.0	31.0	1004.75	1048.45
1068.0	33.0	985.86	991.58
1068.0	34.0	974.24	996.39
1072.0	31.0	1005.26	1048.21
1072.0	33.0	986.39	991.52
1072.0	34.0	973.95	996.77
1076.0	31.0	1005.76	1047.96
1076.0	33.0	986.92	991.44
1076.0	34.0	973.66	997.13
1080.0	31.0	1006.24	1047.70
1080.0	33.0	987.46	991.36
1080.0	34.0	973.37	997.49
1084.0	31.0	1006.71	1047.43
1084.0	33.0	987.98	991.27
1084.0	34.0	973.10	997.86
1088.0	31.0	1007.17	1047.14
1088.0	33.0	988.51	991.20
1088.0	34.0	972.83	998.25
1092.0	31.0	1007.59	1046.82
1092.0	33.0	989.04	991.15
1092.0	34.0	972.55	998.65
1096.0	31.0	1007.98	1046.43
1096.0	33.0	989.57	991.10
1096.0	34.0	972.27	999.07
1100.0	31.0	1008.33	1046.01
1100.0	33.0	990.11	991.06
1100.0	34.0	971.98	999.49
1104.0	31.0	1008.68	1045.56
1104.0	33.0	990.63	991.03
1104.0	34.0	971.65	999.92
1108.0	31.0	1009.03	1045.10
1108.0	33.0	991.16	991.01
1108.0	34.0	971.28	1000.30
1112.0	31.0	1009.35	1044.63
1112.0	33.0	991.70	990.99
1112.0	34.0	970.88	1000.63
1116.0	31.0	1009.67	1044.12
1116.0	33.0	992.23	990.95
1116.0	34.0	970.47	1000.94
1120.0	31.0	1009.97	1043.64
1120.0	33.0	992.77	990.91
1120.0	34.0	970.07	1001.24
1124.0	31.0	1010.30	1043.16
1124.0	33.0	993.33	990.88
1124.0	34.0	969.66	1001.58
1128.0	31.0	1010.65	1042.66
1128.0	33.0	993.88	990.84
1128.0	34.0	969.25	1001.93
1132.0	31.0	1011.00	1042.15
1132.0	33.0	994.42	990.78
1132.0	34.0	968.87	1002.29
1136.0	31.0	1011.33	1041.67
1136.0	33.0	994.97	990.73
1136.0	34.0	968.50	1002.64
1136.0	36.0	966.90	1038.47
1140.0	31.0	1011.67	1041.25
1140.0	33.0	995.54	990.67
1140.0	34.0	968.13	1002.99
1140.0	36.0	967.24	1039.06
1144.0	31.0	1012.04	1040.87
1144.0	33.0	996.10	990.60
1144.0	34.0	967.77	1003.29
1144.0	36.0	967.68	1039.60
1148.0	31.0	1012.45	1040.50
1148.0	33.0	996.69	990.48
1148.0	34.0	967.41	1003.58
1148.0	36.0	968.18	1039.94
1152.0	31.0	1012.85	1040.18
1152.0	33.0	997.33	990.30
1152.0	34.0	967.08	1003.84
1152.0	36.0	968.69	1040.21
1156.0	31.0	1013.22	1039.89
1156.0	33.0	997.95	990.14
1156.0	34.0	966.79	1004.04
1156.0	36.0	969.18	1040.51
1160.0	33.0	998.54	990.01
1160.0	36.0	969.67	1040.86
1164.0	33.0	999.09	989.95
1164.0	36.0	970.16	1041.24
1168.0	33.0	999.61	990.01
1168.0	36.0	970.64	1041.63
1172.0	33.0	1000.09	990.18
1172.0	36.0	971.10	1042.00
1176.0	33.0	1000.53	990.42
1176.0	36.0	971.51	1042.31
1180.0	33.0	1000.91	990.65
1180.0	36.0	971.84	1042.58
1180.0	37.0	973.54	996.76
1184.0	33.0	1001.23	990.88
1184.0	37.0	974.00	996.30
1188.0	37.0	974.47	995.84
1192.0	37.0	974.90	995.37
1196.0	37.0	975.33	994.91
1200.0	37.0	975.76	994.46
1204.0	37.0	976.18	994.02
1208.0	37.0	976.57	993.60
1212.0	37.0	976.94	993.23
1216.0	37.0	977.30	992.91
1220.0	37.0	977.66	992.64
1224.0	37.0	978.03	992.41
1228.0	37.0	978.42	992.27
1232.0	37.0	978.86	992.20
1232.0	38.0	977.80	1048.18
1236.0	37.0	979.34	992.17
1236.0	38.0	978.07	1048.81
1240.0	37.0	979.84	992.13
1240.0	38.0	978.37	1049.34
1244.0	37.0	980.38	992.06
1244.0	38.0	978.67	1049.86
1248.0	37.0	980.98	991.95
1248.0	38.0	978.95	1050.39
1252.0	37.0	981.63	991.79
1252.0	38.0	979.23	1050.92
1256.0	37.0	982.28	991.65
1256.0	38.0	979.57	1051.41
1260.0	37.0	982.95	991.54
1260.0	38.0	979.93	1051.83
1264.0	37.0	983.62	991.47
1264.0	38.0	980.27	1052.19
1268.0	37.0	984.28	991.43
1272.0	37.0	984.94	991.40
1276.0	37.0	985.60	991.37
1280.0	37.0	986.25	991.33
1284.0	37.0	986.91	991.33
1288.0	37.0	987.58	991.35
1292.0	37.0	988.24	991.40
1296.0	37.0	988.89	991.48
1300.0	37.0	989.56	991.58
1304.0	37.0	990.24	991.70
1308.0	37.0	990.93	991.84
1312.0	37.0	991.61	991.99
1316.0	37.0	992.25	992.15
1320.0	37.0	992.90	992.32
1324.0	37.0	993.56	992.49
1328.0	37.0	994.23	992.66
1332.0	37.0	994.92	992.83
1336.0	37.0	995.62	993.00
1340.0	37.0	996.33	993.15
1344.0	37.0	997.03	993.28
1344.0	39.0	967.80	1002.24
1344.0	40.0	998.74	986.84
1348.0	37.0	997.75	993.40
1348.0	39.0	968.26	1001.94
1348.0	40.0	999.04	987.30
1352.0	37.0	998.49	993.54
1352.0	39.0	968.73	1001.60
1352.0	40.0	999.32	987.75
1356.0	37.0	999.27	993.67
1356.0	39.0	969.19	1001.26
1356.0	40.0	999.59	988.19
1360.0	37.0	1000.02	993.75
1360.0	39.0	969.64	1000.92
1360.0	40.0	999.84	988.61
1364.0	37.0	1000.70	993.80
1364.0	39.0	970.08	1000.57
1364.0	40.0	1000.11	989.02
1368.0	39.0	970.51	1000.20
1368.0	40.0	1000.39	989.43
1372.0	39.0	970.91	999.82
1372.0	40.0	1000.69	989.84
1376.0	39.0	971.32	999.44
1376.0	40.0	1000.98	990.22
1380.0	39.0	971.76	999.07
1380.0	40.0	1001.21	990.54
1384.0	39.0	972.19	998.72
1388.0	39.0	972.59	998.32
1392.0	39.0	972.99	997.87
1396.0	39.0	973.38	997.44
1400.0	39.0	973.75	997.02
1400.0	41.0	1006.61	996.10
1404.0	39.0	974.07	996.60
1404.0	41.0	1007.20	996.40
1408.0	39.0	974.40	996.15
1408.0	41.0	1007.75	996.74
1412.0	39.0	974.73	995.69
1412.0	41.0	1008.28	997.07
1416.0	39.0	975.06	995.24
1416.0	41.0	1008.80	997.37
1420.0	39.0	975.39	994.79
1420.0	41.0	1009.27	997.65
1424.0	39.0	975.69	994.34
1424.0	41.0	1009.76	997.93
1428.0	39.0	975.93	993.86
1428.0	41.0	1010.30	998.23
1432.0	39.0	976.17	993.36
1432.0	41.0	1010.91	998.56
1436.0	39.0	976.42	992.87
1436.0	41.0	1011.48	998.91
1436.0	42.0	1006.48	996.51
1440.0	39.0	976.70	992.37
1440.0	41.0	1012.00	999.25
1440.0	42.0	1006.87	996.93
1444.0	39.0	976.96	991.87
1444.0	41.0	1012.45	999.54
1444.0	42.0	1007.23	997.34
1448.0	39.0	977.20	991.38
1448.0	41.0	1012.82	999.79
1448.0	42.0	1007.57	997.71
1448.0	43.0	967.25	1039.82
1452.0	39.0	977.41	990.87
1452.0	42.0	1007.89	998.07
1452.0	43.0	967.69	1040.19
1456.0	39.0	977.62	990.34
1456.0	42.0	1008.16	998.46
1456.0	43.0	968.19	1040.49
1460.0	39.0	977.83	989.80
1460.0	42.0	1008.36	998.88
1460.0	43.0	968.72	1040.77
1464.0	39.0	978.00	989.33
1464.0	42.0	1008.50	999.38
1464.0	43.0	969.24	1041.08
1468.0	39.0	978.14	988.96
1468.0	42.0	1008.62	999.95
1468.0	43.0	969.75	1041.42
1472.0	42.0	1008.72	1000.56
1472.0	43.0	970.23	1041.77
1476.0	42.0	1008.81	1001.19
1476.0	43.0	970.71	1042.10
1480.0	42.0	1008.88	1001.83
1480.0	43.0	971.17	1042.39
1484.0	42.0	1008.94	1002.45
1484.0	43.0	971.59	1042.63
1488.0	42.0	1009.01	1003.07
1492.0	42.0	1009.07	1003.69
1496.0	42.0	1009.16	1004.32
1500.0	42.0	1009.27	1004.95
1504.0	42.0	1009.37	1005.55
1508.0	42.0	1009.47	1006.14
1512.0	42.0	1009.56	1006.73
1516.0	42.0	1009.66	1007.35
1520.0	42.0	1009.76	1007.98
1524.0	42.0	1009.86	1008.60
1528.0	42.0	1009.94	1009.22
1532.0	42.0	1010.02	1009.85
1536.0	42.0	1010.09	1010.48
1536.0	45.0	978.19	1047.34
1540.0	42.0	1010.16	1011.09
1540.0	45.0	978.69	1047.68
1544.0	42.0	1010.23	1011.67
1544.0	45.0	979.22	1047.95
1548.0	42.0	1010.27	1012.24
1548.0	45.0	979.75	1048.14
1552.0	42.0	1010.30	1012.78
1552.0	45.0	980.31	1048.24
1556.0	42.0	1010.32	1013.32
1556.0	45.0	980.92	1048.30
1560.0	42.0	1010.34	1013.89
1560.0	45.0	981.57	1048.33
1564.0	42.0	1010.36	1014.46
1564.0	45.0	982.25	1048.34
1568.0	42.0	1010.37	1015.04
1568.0	45.0	982.92	1048.33
1572.0	42.0	1010.38	1015.62
1572.0	45.0	983.55	1048.33
1576.0	42.0	1010.36	1016.18
1576.0	45.0	984.18	1048.34
1580.0	42.0	1010.33	1016.75
1580.0	45.0	984.82	1048.36
1584.0	42.0	1010.28	1017.32
1584.0	45.0	985.46	1048.41
1588.0	42.0	1010.24	1017.90
1588.0	45.0	986.10	1048.47
1588.0	46.0	967.05	1039.33
1592.0	42.0	1010.23	1018.51
1592.0	45.0	986.73	1048.53
1592.0	46.0	967.64	1039.67
1596.0	42.0	1010.25	1019.10
1596.0	45.0	987.37	1048.59
1596.0	46.0	968.19	1040.04
1600.0	42.0	1010.32	1019.69
1600.0	45.0	987.99	1048.61
1600.0	46.0	968.71	1040.42
1604.0	42.0	1010.41	1020.26
1604.0	45.0	988.61	1048.60
1604.0	46.0	969.23	1040.82
1608.0	42.0	1010.51	1020.84
1608.0	45.0	989.25	1048.58
1608.0	46.0	969.76	1041.23
1612.0	42.0	1010.59	1021.41
1612.0	45.0	989.89	1048.57
1612.0	46.0	970.28	1041.64
1616.0	42.0	1010.64	1022.00
1616.0	45.0	990.53	1048.58
1616.0	46.0	970.77	1042.04
1616.0	47.0	1007.00	996.27
1620.0	42.0	1010.67	1022.62
1620.0	45.0	991.16	1048.62
1620.0	46.0	971.23	1042.40
1620.0	47.0	1007.53	996.79
1624.0	42.0	1010.68	1023.26
1624.0	45.0	991.80	1048.66
1624.0	46.0	971.63	1042.70
1624.0	47.0	1007.91	997.18
1628.0	42.0	1010.66	1023.91
1628.0	45.0	992.45	1048.69
1628.0	47.0	1008.21	997.52
1632.0	42.0	1010.64	1024.57
1632.0	45.0	993.09	1048.69
1632.0	47.0	1008.46	997.87
1636.0	42.0	1010.62	1025.25
1636.0	45.0	993.74	1048.69
1636.0	47.0	1008.69	998.26
1640.0	42.0	1010.61	1025.93
1640.0	45.0	994.37	1048.69
1640.0	47.0	1008.85	998.70
1640.0	48.0	967.32	1039.20
1644.0	42.0	1010.60	1026.61
1644.0	45.0	994.98	1048.72
1644.0	47.0	1008.95	999.19
1644.0	48.0	967.78	1039.48
1648.0	42.0	1010.62	1027.31
1648.0	45.0	995.56	1048.79
1648.0	47.0	1009.02	999.69
1648.0	48.0	968.23	1039.75
1648.0	49.0	967.96	1002.42
1652.0	42.0	1010.65	1028.01
1652.0	45.0	996.16	1048.86
1652.0	47.0	1009.07	1000.16
1652.0	48.0	968.67	1040.02
1652.0	49.0	968.37	1002.10
1656.0	42.0	1010.67	1028.72
1656.0	45.0	996.76	1048.91
1656.0	47.0	1009.09	1000.65
1656.0	48.0	969.10	1040.28
1656.0	49.0	968.79	1001.82
1660.0	42.0	1010.66	1029.40
1660.0	45.0	997.37	1048.93
1660.0	47.0	1009.08	1001.14
1660.0	48.0	969.50	1040.57
1660.0	49.0	969.19	1001.52
1664.0	42.0	1010.65	1030.06
1664.0	45.0	997.99	1048.93
1664.0	47.0	1009.02	1001.64
1664.0	48.0	969.93	1040.86
1664.0	49.0	969.55	1001.21
1664.0	50.0	967.03	1038.55
1668.0	42.0	1010.65	1030.73
1668.0	45.0	998.62	1048.93
1668.0	47.0	1008.93	1002.18
1668.0	48.0	970.36	1041.13
1668.0	49.0	969.90	1000.89
1668.0	50.0	967.41	1039.01
1672.0	42.0	1010.66	1031.41
1672.0	45.0	999.26	1048.90
1672.0	47.0	1008.88	1002.75
1672.0	48.0	970.78	1041.42
1672.0	49.0	970.28	1000.56
1672.0	50.0	967.98	1039.38
1672.0	51.0	998.56	986.90
1676.0	42.0	1010.65	1032.08
1676.0	45.0	999.89	1048.87
1676.0	47.0	1008.87	1003.32
1676.0	48.0	971.17	1041.73
1676.0	49.0	970.65	1000.21
1676.0	50.0	968.66	1039.69
1676.0	51.0	998.89	987.32
1676.0	52.0	978.59	1047.76
1680.0	42.0	1010.64	1032.72
1680.0	45.0	1000.50	1048.87
1680.0	47.0	1008.88	1003.85
1680.0	48.0	971.54	1042.05
1680.0	49.0	971.01	999.85
1680.0	50.0	969.39	1039.95
1680.0	51.0	999.23	987.81
1680.0	52.0	979.17	1048.05
1684.0	42.0	1010.62	1033.36
1684.0	45.0	1001.11	1048.90
1684.0	47.0	1008.88	1004.33
1684.0	48.0	971.93	1042.35
1684.0	49.0	971.33	999.48
1684.0	50.0	970.07	1040.17
1684.0	51.0	999.58	988.31
1684.0	52.0	979.73	1048.32
1688.0	42.0	1010.60	1033.99
1688.0	45.0	1001.74	1048.91
1688.0	47.0	1008.82	1004.76
1688.0	49.0	971.65	999.09
1688.0	50.0	970.72	1040.35
1688.0	51.0	999.94	988.80
1688.0	52.0	980.28	1048.55
1688.0	53.0	1012.60	1041.24
1692.0	42.0	1010.55	1034.62
1692.0	45.0	1002.38	1048.87
1692.0	47.0	1008.76	1005.24
1692.0	49.0	971.99	998.69
1692.0	50.0	971.38	1040.48
1692.0	51.0	1000.28	989.26
1692.0	52.0	980.87	1048.73
1692.0	53.0	1011.89	1041.59
1696.0	42.0	1010.49	1035.21
1696.0	45.0	1003.03	1048.78
1696.0	47.0	1008.75	1005.82
1696.0	49.0	972.33	998.32
1696.0	50.0	972.09	1040.54
1696.0	51.0	1000.64	989.71
1696.0	52.0	981.53	1048.87
1696.0	53.0	1011.20	1041.92
1700.0	42.0	1010.43	1035.79
1700.0	45.0	1003.67	1048.66
1700.0	47.0	1008.79	1006.43
1700.0	49.0	972.70	997.99
1700.0	50.0	972.82	1040.56
1700.0	51.0	1000.99	990.14
1700.0	52.0	982.21	1048.97
1700.0	53.0	1010.50	1042.24
1704.0	42.0	1010.38	1036.36
1704.0	45.0	1004.30	1048.52
1704.0	47.0	1008.80	1007.02
1704.0	49.0	973.06	997.64
1704.0	50.0	973.59	1040.55
1704.0	51.0	1001.32	990.52
1704.0	52.0	982.87	1049.05
1704.0	53.0	1009.80	1042.56
1708.0	42.0	1010.33	1036.94
1708.0	45.0	1004.91	1048.36
1708.0	47.0	1008.77	1007.57
1708.0	49.0	973.40	997.26
1708.0	50.0	974.39	1040.53
1708.0	51.0	1001.62	990.86
1708.0	52.0	983.50	1049.13
1708.0	53.0	1009.09	1042.86
1712.0	42.0	1010.27	1037.55
1712.0	45.0	1005.51	1048.18
1712.0	47.0	1008.69	1008.17
1712.0	49.0	973.72	996.84
1712.0	50.0	975.20	1040.52
1712.0	52.0	984.14	1049.24
1712.0	53.0	1008.38	1043.18
1716.0	42.0	1010.23	1038.17
1716.0	45.0	1006.09	1047.97
1716.0	47.0	1008.58	1008.75
1716.0	49.0	974.01	996.40
1716.0	50.0	975.99	1040.58
1716.0	52.0	984.79	1049.36
1716.0	53.0	1007.66	1043.50
1720.0	42.0	1010.21	1038.80
1720.0	45.0	1006.64	1047.70
1720.0	47.0	1008.53	1009.24
1720.0	49.0	974.32	995.99
1720.0	50.0	976.73	1040.69
1720.0	52.0	985.44	1049.47
1720.0	53.0	1006.95	1043.81
1720.0	54.0	1012.53	1000.21
1724.0	42.0	1010.25	1039.45
1724.0	45.0	1007.12	1047.33
1724.0	47.0	1008.59	1009.75
1724.0	49.0	974.65	995.60
1724.0	50.0	977.45	1040.85
1724.0	52.0	986.10	1049.59
1724.0	53.0	1006.25	1044.13
1724.0	54.0	1011.97	1000.03
1728.0	42.0	1010.33	1040.09
1728.0	45.0	1007.56	1046.89
1728.0	47.0	1008.72	1010.35
1728.0	49.0	975.00	995.24
1728.0	50.0	978.17	1041.12
1728.0	52.0	986.76	1049.71
1728.0	53.0	1005.57	1044.45
1728.0	54.0	1011.46	999.80
1728.0	55.0	967.05	1039.37
1732.0	42.0	1010.50	1040.66
1732.0	45.0	1007.95	1046.41
1732.0	47.0	1008.78	1011.02
1732.0	49.0	975.37	994.91
1732.0	50.0	978.86	1041.50
1732.0	52.0	987.42	1049.79
1732.0	53.0	1004.90	1044.78
1732.0	54.0	1010.96	999.55
1732.0	55.0	967.55	1039.66
1736.0	42.0	1010.80	1041.12
1736.0	45.0	1008.32	1045.91
1736.0	47.0	1008.72	1011.66
1736.0	49.0	975.72	994.58
1736.0	50.0	979.51	1041.94
1736.0	52.0	988.08	1049.83
1736.0	53.0	1004.23	1045.10
1736.0	54.0	1010.48	999.27
1736.0	55.0	968.02	1039.97
1740.0	42.0	1011.26	1041.44
1740.0	45.0	1008.69	1045.41
1740.0	47.0	1008.57	1012.23
1740.0	49.0	976.06	994.23
1740.0	50.0	980.15	1042.38
1740.0	52.0	988.75	1049.86
1740.0	53.0	1003.58	1045.37
1740.0	54.0	1010.01	998.96
1740.0	55.0	968.49	1040.30
1744.0	42.0	1011.83	1041.63
1744.0	45.0	1009.09	1044.91
1744.0	47.0	1008.41	1012.75
1744.0	49.0	976.42	993.88
1744.0	50.0	980.81	1042.76
1744.0	52.0	989.40	1049.93
1744.0	53.0	1002.92	1045.65
1744.0	54.0	1009.58	998.63
1744.0	55.0	968.94	1040.63
1748.0	42.0	1012.46	1041.69
1748.0	45.0	1009.52	1044.43
1748.0	47.0	1008.36	1013.25
1748.0	49.0	976.78	993.53
1748.0	50.0	981.50	1043.09
1748.0	52.0	990.04	1050.04
1748.0	53.0	1002.27	1045.93
1748.0	54.0	1009.17	998.29
1748.0	55.0	969.40	1040.98
1748.0	56.0	978.24	1047.59
1752.0	45.0	1009.96	1043.97
1752.0	47.0	1008.45	1013.74
1752.0	49.0	977.13	993.21
1752.0	50.0	982.22	1043.38
1752.0	52.0	990.68	1050.15
1752.0	53.0	1001.61	1046.19
1752.0	54.0	1008.75	997.94
1752.0	55.0	969.86	1041.32
1752.0	56.0	978.69	1047.74
1756.0	45.0	1010.39	1043.55
1756.0	47.0	1008.50	1014.26
1756.0	49.0	977.51	992.90
1756.0	50.0	982.93	1043.65
1756.0	52.0	991.33	1050.27
1756.0	53.0	1000.94	1046.43
1756.0	54.0	1008.33	997.60
1756.0	55.0	970.36	1041.65
1756.0	56.0	979.17	1047.96
1760.0	45.0	1010.82	1043.14
1760.0	47.0	1008.52	1014.79
1760.0	49.0	977.91	992.62
1760.0	50.0	983.66	1043.91
1760.0	52.0	991.98	1050.40
1760.0	53.0	1000.31	1046.64
1760.0	54.0	1007.88	997.25
1760.0	55.0	970.85	1041.97
1760.0	56.0	979.64	1048.17
1764.0	45.0	1011.23	1042.71
1764.0	47.0	1008.57	1015.29
1764.0	49.0	978.32	992.39
1764.0	50.0	984.40	1044.18
1764.0	52.0	992.64	1050.51
1764.0	53.0	999.69	1046.84
1764.0	54.0	1007.44	996.90
1764.0	55.0	971.27	1042.27
1764.0	56.0	980.11	1048.30
1768.0	45.0	1011.63	1042.28
1768.0	47.0	1008.56	1015.83
1768.0	49.0	978.76	992.20
1768.0	50.0	985.14	1044.45
1768.0	52.0	993.29	1050.56
1768.0	53.0	999.06	1047.07
1768.0	54.0	1007.05	996.57
1768.0	55.0	971.61	1042.53
1768.0	56.0	980.60	1048.36
1772.0	45.0	1012.04	1041.85
1772.0	47.0	1008.52	1016.49
1772.0	49.0	979.21	992.03
1772.0	50.0	985.87	1044.71
1772.0	52.0	993.95	1050.56
1772.0	53.0	998.40	1047.32
1772.0	54.0	1006.73	996.26
1772.0	56.0	981.11	1048.35
1776.0	45.0	1012.46	1041.43
1776.0	47.0	1008.54	1017.15
1776.0	49.0	979.67	991.86
1776.0	50.0	986.60	1044.95
1776.0	52.0	994.60	1050.56
1776.0	53.0	997.74	1047.56
1776.0	56.0	981.67	1048.30
1776.0	57.0	968.16	1002.01
1780.0	45.0	1012.85	1041.07
1780.0	47.0	1008.63	1017.71
1780.0	49.0	980.14	991.69
1780.0	50.0	987.34	1045.19
1780.0	52.0	995.26	1050.58
1780.0	53.0	997.05	1047.77
1780.0	56.0	982.25	1048.24
1780.0	57.0	968.59	1001.74
1780.0	58.0	1008.11	1047.61
1784.0	45.0	1013.17	1040.78
1784.0	47.0	1008.72	1018.20
1784.0	49.0	980.61	991.53
1784.0	50.0	988.08	1045.43
1784.0	52.0	995.91	1050.65
1784.0	53.0	996.36	1047.93
1784.0	56.0	982.83	1048.19
1784.0	57.0	969.05	1001.40
1784.0	58.0	1008.48	1047.12
1788.0	47.0	1008.79	1018.72
1788.0	49.0	981.07	991.41
1788.0	50.0	988.83	1045.66
1788.0	52.0	996.56	1050.74
1788.0	53.0	995.66	1048.08
1788.0	56.0	983.40	1048.13
1788.0	57.0	969.53	1001.03
1788.0	58.0	1008.84	1046.61
1792.0	47.0	1008.85	1019.29
1792.0	49.0	981.55	991.32
1792.0	50.0	989.56	1045.88
1792.0	52.0	997.21	1050.85
1792.0	53.0	994.97	1048.24
1792.0	56.0	983.96	1048.04
1792.0	57.0	970.00	1000.67
1792.0	58.0	1009.20	1046.08
1796.0	47.0	1008.91	1019.90
1796.0	49.0	982.04	991.25
1796.0	50.0	990.29	1046.08
1796.0	52.0	997.87	1050.98
1796.0	53.0	994.29	1048.45
1796.0	56.0	984.50	1047.94
1796.0	57.0	970.46	1000.31
1796.0	58.0	1009.55	1045.54
1800.0	47.0	1008.98	1020.51
1800.0	49.0	982.55	991.17
1800.0	50.0	991.03	1046.27
1800.0	52.0	998.50	1051.15
1800.0	53.0	993.62	1048.71
1800.0	56.0	985.02	1047.86
1800.0	57.0	970.94	999.95
1800.0	58.0	1009.92	1044.99
1804.0	47.0	1009.04	1021.12
1804.0	49.0	983.07	991.09
1804.0	50.0	991.77	1046.44
1804.0	52.0	999.14	1051.36
1804.0	53.0	992.94	1048.97
1804.0	56.0	985.53	1047.80
1804.0	57.0	971.42	999.58
1804.0	58.0	1010.31	1044.44
1808.0	47.0	1009.11	1021.73
1808.0	49.0	983.58	991.01
1808.0	50.0	992.53	1046.58
1808.0	52.0	999.76	1051.59
1808.0	53.0	992.26	1049.19
1808.0	56.0	986.06	1047.75
1808.0	57.0	971.87	999.18
1808.0	58.0	1010.69	1043.91
1808.0	59.0	967.25	1039.43
1808.0	60.0	998.12	986.79
1812.0	47.0	1009.18	1022.37
1812.0	49.0	984.08	990.93
1812.0	50.0	993.27	1046.68
1812.0	52.0	1000.37	1051.87
1812.0	53.0	991.58	1049.42
1812.0	56.0	986.62	1047.70
1812.0	57.0	972.30	998.77
1812.0	58.0	1011.05	1043.38
1812.0	59.0	967.84	1039.59
1812.0	60.0	998.60	987.22
1816.0	47.0	1009.24	1023.07
1816.0	49.0	984.56	990.87
1816.0	50.0	994.02	1046.76
1816.0	52.0	1000.98	1052.20
1816.0	53.0	990.93	1049.68
1816.0	56.0	987.17	1047.68
1816.0	57.0	972.72	998.32
1816.0	58.0	1011.41	1042.86
1816.0	59.0	968.39	1039.86
1816.0	60.0	999.09	987.68
1820.0	47.0	1009.26	1023.81
1820.0	49.0	985.05	990.78
1820.0	50.0	994.77	1046.83
1820.0	52.0	1001.53	1052.57
1820.0	53.0	990.30	1049.99
1820.0	56.0	987.71	1047.68
1820.0	57.0	973.13	997.87
1820.0	58.0	1011.78	1042.34
1820.0	59.0	968.94	1040.12
1820.0	60.0	999.56	988.13
1820.0	61.0	967.21	1038.51
1824.0	47.0	1009.25	1024.52
1824.0	49.0	985.53	990.68
1824.0	50.0	995.53	1046.91
1824.0	52.0	1002.00	1052.92
1824.0	53.0	989.69	1050.32
1824.0	56.0	988.24	1047.68
1824.0	57.0	973.53	997.41
1824.0	58.0	1012.17	1041.83
1824.0	59.0	969.51	1040.38
1824.0	60.0	1000.00	988.59
1824.0	61.0	967.45	1038.99
1824.0	62.0	1000.78	991.31
1828.0	47.0	1009.25	1025.18
1828.0	49.0	986.01	990.60
1828.0	50.0	996.31	1046.96
1828.0	53.0	989.10	1050.65
1828.0	56.0	988.76	1047.66
1828.0	57.0	973.92	996.93
1828.0	58.0	1012.58	1041.34
1828.0	59.0	970.02	1040.69
1828.0	60.0	1000.38	989.08
1828.0	61.0	967.78	1039.32
1828.0	62.0	1000.37	990.74
1832.0	47.0	1009.28	1025.81
1832.0	49.0	986.48	990.54
1832.0	50.0	997.07	1046.96
1832.0	53.0	988.50	1051.00
1832.0	56.0	989.28	1047.64
1832.0	57.0	974.32	996.46
1832.0	58.0	1012.97	1040.90
1832.0	59.0	970.48	1041.05
1832.0	60.0	1000.72	989.62
1832.0	61.0	968.07	1039.54
1832.0	62.0	999.96	990.31
1836.0	47.0	1009.28	1026.45
1836.0	49.0	986.97	990.48
1836.0	50.0	997.83	1046.93
1836.0	53.0	987.93	1051.37
1836.0	56.0	989.78	1047.65
1836.0	57.0	974.73	996.00
1836.0	58.0	1013.29	1040.54
1836.0	59.0	970.93	1041.45
1836.0	61.0	968.23	1039.75
1836.0	62.0	999.47	990.10
1836.0	64.0	978.16	1049.45
1840.0	47.0	1009.26	1027.15
1840.0	49.0	987.48	990.42
1840.0	50.0	998.58	1046.86
1840.0	53.0	987.45	1051.74
1840.0	56.0	990.26	1047.67
1840.0	57.0	975.15	995.55
1840.0	59.0	971.36	1041.85
1840.0	61.0	968.58	1040.08
1840.0	62.0	998.88	990.12
1840.0	64.0	978.45	1049.90
1844.0	47.0	1009.29	1027.88
1844.0	49.0	987.99	990.37
1844.0	50.0	999.33	1046.78
1844.0	53.0	987.06	1052.04
1844.0	56.0	990.75	1047.69
1844.0	57.0	975.59	995.10
1844.0	59.0	971.78	1042.25
1844.0	61.0	969.15	1040.48
1844.0	62.0	998.23	990.26
1844.0	64.0	978.73	1050.34
1848.0	47.0	1009.35	1028.51
1848.0	49.0	988.50	990.33
1848.0	50.0	1000.09	1046.67
1848.0	56.0	991.25	1047.70
1848.0	57.0	976.05	994.62
1848.0	61.0	969.69	1040.80
1848.0	62.0	997.56	990.47
1848.0	64.0	979.00	1050.75
1848.0	65.0	968.84	1003.42
1852.0	47.0	1009.41	1029.11
1852.0	49.0	989.00	990.29
1852.0	50.0	1000.85	1046.54
1852.0	56.0	991.76	1047.69
1852.0	57.0	976.55	994.16
1852.0	61.0	970.12	1041.04
1852.0	62.0	996.93	990.66
1852.0	64.0	979.30	1051.18
1852.0	65.0	969.45	1003.68
1856.0	47.0	1009.48	1029.73
1856.0	49.0	989.50	990.26
1856.0	50.0	1001.61	1046.36
1856.0	56.0	992.27	1047.67
1856.0	57.0	977.08	993.75
1856.0	61.0	970.46	1041.26
1856.0	62.0	996.33	990.79
1856.0	64.0	979.64	1051.63
1856.0	65.0	970.00	1004.09
1860.0	47.0	1009.52	1030.38
1860.0	49.0	990.00	990.22
1860.0	50.0	1002.36	1046.14
1860.0	56.0	992.77	1047.64
1860.0	57.0	977.65	993.43
1860.0	61.0	970.83	1041.54
1860.0	62.0	995.75	990.87
1860.0	64.0	979.91	1052.01
1860.0	65.0	970.41	1004.61
1864.0	47.0	1009.51	1031.03
1864.0	49.0	990.50	990.18
1864.0	50.0	1003.10	1045.93
1864.0	56.0	993.28	1047.59
1864.0	57.0	978.26	993.21
1864.0	61.0	971.22	1041.86
1864.0	62.0	995.19	990.92
1864.0	64.0	980.14	1052.31
1864.0	65.0	970.71	1005.16
1868.0	47.0	1009.50	1031.71
1868.0	49.0	990.99	990.14
1868.0	50.0	1003.85	1045.74
1868.0	56.0	993.79	1047.53
1868.0	57.0	978.90	993.05
1868.0	61.0	971.53	1042.16
1868.0	62.0	994.59	990.95
1868.0	65.0	970.91	1005.66
1872.0	47.0	1009.53	1032.44
1872.0	49.0	991.46	990.10
1872.0	50.0	1004.62	1045.59
1872.0	56.0	994.32	1047.47
1872.0	57.0	979.57	992.91
1872.0	62.0	993.92	990.96
1872.0	65.0	971.00	1006.18
1876.0	47.0	1009.57	1033.20
1876.0	49.0	991.93	990.06
1876.0	50.0	1005.39	1045.46
1876.0	56.0	994.86	1047.42
1876.0	57.0	980.23	992.77
1876.0	62.0	993.21	990.96
1876.0	65.0	971.13	1006.73
1880.0	47.0	1009.56	1033.92
1880.0	49.0	992.40	990.02
1880.0	50.0	1006.15	1045.33
1880.0	56.0	995.37	1047.39
1880.0	57.0	980.87	992.59
1880.0	62.0	992.50	990.96
1880.0	65.0	971.29	1007.31
1884.0	47.0	1009.52	1034.58
1884.0	49.0	992.89	989.99
1884.0	50.0	1006.88	1045.17
1884.0	56.0	995.89	1047.32
1884.0	57.0	981.50	992.37
1884.0	62.0	991.83	990.96
1884.0	65.0	971.37	1007.97
1888.0	47.0	1009.49	1035.22
1888.0	49.0	993.39	989.94
1888.0	50.0	1007.59	1044.96
1888.0	56.0	996.44	1047.22
1888.0	57.0	982.12	992.13
1888.0	62.0	991.14	991.00
1888.0	65.0	971.41	1008.69
1888.0	66.0	1007.13	995.83
1892.0	47.0	1009.46	1035.87
1892.0	49.0	993.87	989.88
1892.0	50.0	1008.30	1044.72
1892.0	56.0	996.99	1047.18
1892.0	57.0	982.74	991.89
1892.0	62.0	990.44	991.09
1892.0	65.0	971.47	1009.39
1892.0	66.0	1007.61	996.36
1896.0	47.0	1009.47	1036.54
1896.0	49.0	994.36	989.82
1896.0	50.0	1009.00	1044.43
1896.0	56.0	997.51	1047.19
1896.0	57.0	983.38	991.69
1896.0	62.0	989.73	991.20
1896.0	65.0	971.53	1010.08
1896.0	66.0	1008.09	996.87
1896.0	67.0	968.44	1001.57
1900.0	47.0	1009.45	1037.16
1900.0	49.0	994.87	989.77
1900.0	50.0	1009.68	1044.08
1900.0	56.0	998.02	1047.22
1900.0	57.0	984.00	991.53
1900.0	62.0	989.05	991.33
1900.0	65.0	971.59	1010.70
1900.0	66.0	1008.58	997.35
1900.0	67.0	968.83	1001.23
1904.0	47.0	1009.44	1037.76
1904.0	49.0	995.38	989.73
1904.0	50.0	1010.32	1043.68
1904.0	56.0	998.54	1047.23
1904.0	57.0	984.62	991.39
1904.0	62.0	988.40	991.45
1904.0	65.0	971.64	1011.26
1904.0	66.0	1009.04	997.74
1904.0	67.0	969.26	1000.87
1908.0	47.0	1009.46	1038.32
1908.0	49.0	995.91	989.68
1908.0	50.0	1010.91	1043.23
1908.0	56.0	999.08	1047.20
1908.0	57.0	985.23	991.25
1908.0	62.0	987.79	991.59
1908.0	65.0	971.65	1011.79
1908.0	66.0	1009.49	998.11
1908.0	67.0	969.74	1000.46
1912.0	47.0	1009.47	1038.90
1912.0	49.0	996.45	989.62
1912.0	50.0	1011.45	1042.74
1912.0	56.0	999.60	1047.15
1912.0	57.0	985.87	991.10
1912.0	62.0	987.18	991.73
1912.0	65.0	971.65	1012.38
1912.0	66.0	1010.01	998.49
1912.0	67.0	970.21	1000.05
1916.0	47.0	1009.43	1039.46
1916.0	49.0	997.00	989.57
1916.0	50.0	1011.95	1042.20
1916.0	56.0	1000.15	1047.10
1916.0	57.0	986.51	990.93
1916.0	62.0	986.53	991.85
1916.0	65.0	971.62	1013.00
1916.0	66.0	1010.59	998.89
1916.0	67.0	970.67	999.67
1920.0	47.0	1009.35	1040.00
1920.0	49.0	997.55	989.57
1920.0	50.0	1012.41	1041.65
1920.0	56.0	1000.70	1047.05
1920.0	57.0	987.15	990.74
1920.0	62.0	985.82	991.98
1920.0	65.0	971.54	1013.62
1920.0	66.0	1011.19	999.24
1920.0	67.0	971.12	999.28
1924.0	47.0	1009.27	1040.57
1924.0	49.0	998.04	989.59
1924.0	50.0	1012.81	1041.13
1924.0	56.0	1001.25	1047.00
1924.0	57.0	987.80	990.61
1924.0	62.0	985.12	992.12
1924.0	65.0	971.47	1014.24
1924.0	66.0	1011.76	999.54
1924.0	67.0	971.54	998.89
1924.0	69.0	980.44	988.85
1928.0	47.0	1009.23	1041.19
1928.0	49.0	998.49	989.62
1928.0	50.0	1013.14	1040.69
1928.0	56.0	1001.78	1046.93
1928.0	57.0	988.46	990.54
1928.0	62.0	984.46	992.29
1928.0	65.0	971.44	1014.91
1928.0	66.0	1012.24	999.77
1928.0	67.0	971.94	998.47
1928.0	69.0	980.97	989.16
1932.0	47.0	1009.19	1041.86
1932.0	49.0	998.93	989.67
1932.0	56.0	1002.30	1046.81
1932.0	57.0	989.12	990.54
1932.0	62.0	983.85	992.48
1932.0	65.0	971.44	1015.60
1932.0	66.0	1012.63	999.95
1932.0	67.0	972.32	998.05
1932.0	69.0	981.53	989.40
1936.0	47.0	1009.17	1042.53
1936.0	49.0	999.37	989.77
1936.0	56.0	1002.81	1046.61
1936.0	57.0	989.78	990.57
1936.0	62.0	983.25	992.68
1936.0	65.0	971.44	1016.27
1936.0	67.0	972.69	997.61
1936.0	69.0	982.10	989.57
1940.0	47.0	1009.19	1043.20
1940.0	49.0	999.79	989.94
1940.0	56.0	1003.35	1046.39
1940.0	57.0	990.44	990.61
1940.0	62.0	982.64	992.87
1940.0	65.0	971.41	1016.87
1940.0	67.0	973.06	997.14
1940.0	69.0	982.68	989.71
1944.0	47.0	1009.21	1043.82
1944.0	49.0	1000.19	990.17
1944.0	56.0	1003.90	1046.21
1944.0	57.0	991.09	990.62
1944.0	62.0	982.04	993.05
1944.0	65.0	971.39	1017.49
1944.0	67.0	973.40	996.66
1944.0	69.0	983.27	989.84
1948.0	47.0	1009.16	1044.40
1948.0	49.0	1000.57	990.43
1948.0	56.0	1004.45	1046.05
1948.0	57.0	991.75	990.60
1948.0	62.0	981.41	993.26
1948.0	65.0	971.38	1018.14
1948.0	67.0	973.74	996.16
1948.0	69.0	983.84	989.94
1952.0	47.0	1009.03	1044.96
1952.0	49.0	1000.89	990.69
1952.0	56.0	1004.98	1045.87
1952.0	57.0	992.41	990.54
1952.0	62.0	980.78	993.50
1952.0	65.0	971.35	1018.77
1952.0	67.0	974.12	995.68
1952.0	69.0	984.41	990.02
1952.0	70.0	967.54	1040.24
1956.0	47.0	1008.83	1045.50
1956.0	49.0	1001.16	990.92
1956.0	56.0	1005.51	1045.65
1956.0	57.0	993.06	990.49
1956.0	62.0	980.18	993.77
1956.0	65.0	971.35	1019.40
1956.0	67.0	974.52	995.24
1956.0	69.0	984.98	990.10
1956.0	70.0	968.08	1040.58
1960.0	47.0	1008.58	1045.92
1960.0	56.0	1006.02	1045.41
1960.0	57.0	993.71	990.44
1960.0	62.0	979.63	994.10
1960.0	65.0	971.35	1020.02
1960.0	67.0	974.94	994.85
1960.0	69.0	985.55	990.18
1960.0	70.0	968.62	1040.92
1964.0	47.0	1008.36	1046.30
1964.0	56.0	1006.52	1045.15
1964.0	57.0	994.37	990.41
1964.0	62.0	979.12	994.49
1964.0	65.0	971.34	1020.61
1964.0	67.0	975.37	994.49
1964.0	69.0	986.13	990.22
1964.0	70.0	969.16	1041.27
1968.0	47.0	1008.14	1046.77
1968.0	56.0	1007.04	1044.91
1968.0	57.0	995.03	990.39
1968.0	62.0	978.63	994.89
1968.0	65.0	971.31	1021.19
1968.0	67.0	975.84	994.14
1968.0	69.0	986.71	990.14
1968.0	70.0	969.70	1041.63
1972.0	47.0	1007.87	1047.22
1972.0	56.0	1007.57	1044.72
1972.0	57.0	995.68	990.38
1972.0	62.0	978.13	995.29
1972.0	65.0	971.27	1021.80
1972.0	67.0	976.33	993.79
1972.0	69.0	987.28	989.99
1972.0	70.0	970.21	1041.99
1976.0	47.0	1007.50	1047.47
1976.0	56.0	1008.09	1044.58
1976.0	57.0	996.33	990.34
1976.0	62.0	977.59	995.68
1976.0	65.0	971.24	1022.40
1976.0	67.0	976.78	993.48
1976.0	69.0	987.87	989.88
1976.0	70.0	970.67	1042.33
1980.0	47.0	1007.18	1047.64
1980.0	56.0	1008.62	1044.40
1980.0	57.0	996.97	990.28
1980.0	62.0	977.02	996.00
1980.0	65.0	971.25	1023.01
1980.0	67.0	977.20	993.21
1980.0	69.0	988.44	989.83
1980.0	70.0	971.06	1042.60
1984.0	47.0	1007.01	1047.91
1984.0	56.0	1009.14	1044.19
1984.0	57.0	997.59	990.21
1984.0	62.0	976.43	996.30
1984.0	65.0	971.25	1023.64
1984.0	67.0	977.62	993.00
1984.0	69.0	988.99	989.85
1988.0	56.0	1009.64	1043.96
1988.0	57.0	998.20	990.10
1988.0	62.0	975.84	996.59
1988.0	65.0	971.25	1024.31
1988.0	67.0	978.08	992.85
1988.0	69.0	989.58	989.95
1988.0	71.0	967.41	1003.37
1992.0	56.0	1010.13	1043.71
1992.0	57.0	998.80	990.00
1992.0	62.0	975.26	996.90
1992.0	65.0	971.26	1024.97
1992.0	67.0	978.62	992.73
1992.0	69.0	990.19	990.13
1992.0	71.0	968.06	1003.13
1996.0	56.0	1010.62	1043.44
1996.0	57.0	999.41	989.96
1996.0	62.0	974.71	997.25
1996.0	65.0	971.30	1025.61
1996.0	67.0	979.23	992.63
1996.0	69.0	990.83	990.26
1996.0	71.0	968.62	1003.07
2000.0	56.0	1011.12	1043.19
2000.0	57.0	1000.00	990.03
2000.0	62.0	974.19	997.66
2000.0	65.0	971.31	1026.23
2000.0	67.0	979.87	992.53
2000.0	69.0	991.45	990.29
2000.0	71.0	969.10	1003.16
2000.0	72.0	998.51	987.24
2004.0	56.0	1011.62	1042.99
2004.0	57.0	1000.56	990.23
2004.0	62.0	973.70	998.10
2004.0	65.0	971.28	1026.86
2004.0	67.0	980.50	992.43
2004.0	69.0	992.05	990.26
2004.0	71.0	969.48	1003.35
2004.0	72.0	998.72	987.78
2008.0	56.0	1012.11	1042.84
2008.0	57.0	1001.10	990.52
2008.0	62.0	973.22	998.57
2008.0	65.0	971.26	1027.49
2008.0	67.0	981.13	992.30
2008.0	69.0	992.69	990.14
2008.0	71.0	969.78	1003.57
2008.0	72.0	998.89	988.26
2012.0	56.0	1012.55	1042.71
2012.0	62.0	972.74	999.04
2012.0	65.0	971.25	1028.13
2012.0	67.0	981.76	992.15
2012.0	69.0	993.35	990.05
2012.0	71.0	970.02	1003.80
2012.0	72.0	999.09	988.68
2016.0	56.0	1012.92	1042.61
2016.0	62.0	972.26	999.52
2016.0	65.0	971.22	1028.74
2016.0	67.0	982.37	991.99
2016.0	69.0	993.99	989.96
2016.0	71.0	970.20	1004.05
2016.0	72.0	999.37	989.08
2020.0	62.0	971.77	1000.00
2020.0	65.0	971.20	1029.29
2020.0	67.0	982.99	991.83
2020.0	69.0	994.63	989.88
2020.0	71.0	970.36	1004.33
2020.0	72.0	999.69	989.46
2020.0	73.0	1003.79	1049.11
2024.0	62.0	971.27	1000.44
2024.0	65.0	971.20	1029.80
2024.0	67.0	983.62	991.67
2024.0	69.0	995.26	989.80
2024.0	71.0	970.54	1004.69
2024.0	72.0	1000.05	989.84
2024.0	73.0	1003.29	1049.04
2024.0	74.0	1007.13	996.35
2024.0	75.0	966.84	1038.90
2028.0	62.0	970.77	1000.86
2028.0	65.0	971.23	1030.32
2028.0	67.0	984.23	991.54
2028.0	69.0	995.90	989.74
2028.0	71.0	970.75	1005.10
2028.0	72.0	1000.42	990.22
2028.0	73.0	1002.85	1048.94
2028.0	74.0	1007.53	996.58
2028.0	75.0	967.41	1039.16
2032.0	62.0	970.27	1001.28
2032.0	65.0	971.26	1030.88
2032.0	67.0	984.83	991.40
2032.0	69.0	996.56	989.67
2032.0	71.0	970.94	1005.51
2032.0	72.0	1000.78	990.58
2032.0	73.0	1002.35	1048.93
2032.0	74.0	1007.91	996.91
2032.0	75.0	967.98	1039.44
2036.0	62.0	969.77	1001.72
2036.0	65.0	971.26	1031.46
2036.0	67.0	985.36	991.26
2036.0	69.0	997.25	989.59
2036.0	71.0	971.06	1005.82
2036.0	72.0	1001.15	990.93
2036.0	73.0	1001.78	1048.97
2036.0	74.0	1008.30	997.25
2036.0	75.0	968.60	1039.72
2040.0	62.0	969.28	1002.15
2040.0	65.0	971.26	1032.07
2040.0	67.0	985.81	991.14
2040.0	69.0	997.89	989.44
2040.0	71.0	971.09	1006.01
2040.0	73.0	1001.15	1049.04
2040.0	74.0	1008.70	997.56
2040.0	75.0	969.24	1040.00
2044.0	62.0	968.76	1002.55
2044.0	65.0	971.21	1032.75
2044.0	67.0	986.20	991.07
2044.0	69.0	998.49	989.25
2044.0	71.0	971.05	1006.15
2044.0	73.0	1000.47	1049.09
2044.0	74.0	1009.09	997.82
2044.0	75.0	969.86	1040.29
2044.0	77.0	978.10	1049.83
2048.0	62.0	968.23	1002.90
2048.0	65.0	971.13	1033.52
2048.0	67.0	986.64	991.03
2048.0	69.0	999.04	989.24
2048.0	71.0	971.00	1006.29
2048.0	73.0	999.74	1049.09
2048.0	74.0	1009.49	998.05
2048.0	75.0	970.46	1040.60
2048.0	77.0	978.60	1050.23
2052.0	62.0	967.75	1003.25
2052.0	65.0	971.07	1034.25
2052.0	67.0	987.19	991.01
2052.0	69.0	999.57	989.45
2052.0	71.0	970.99	1006.45
2052.0	73.0	998.96	1049.10
2052.0	74.0	1009.90	998.29
2052.0	75.0	971.04	1040.94
2052.0	77.0	979.02	1050.68
2052.0	78.0	998.94	987.39
2052.0	79.0	969.09	1000.83
2056.0	62.0	967.40	1003.62
2056.0	65.0	971.01	1034.91
2056.0	67.0	987.83	990.96
2056.0	69.0	1000.07	989.80
2056.0	71.0	971.00	1006.65
2056.0	73.0	998.22	1049.12
2056.0	74.0	1010.32	998.54
2056.0	75.0	971.57	1041.30
2056.0	77.0	979.42	1051.14
2056.0	78.0	999.30	987.89
2056.0	79.0	969.61	1000.56
2060.0	62.0	967.18	1003.99
2060.0	65.0	970.98	1035.55
2060.0	67.0	988.52	990.87
2060.0	69.0	1000.51	990.20
2060.0	71.0	970.98	1006.93
2060.0	73.0	997.53	1049.14
2060.0	74.0	1010.75	998.80
2060.0	75.0	972.07	1041.66
2060.0	77.0	979.82	1051.57
2060.0	78.0	999.64	988.39
2060.0	79.0	970.07	1000.20
2060.0	80.0	1007.09	995.73
2064.0	65.0	970.96	1036.16
2064.0	67.0	989.21	990.78
2064.0	69.0	1000.90	990.57
2064.0	71.0	970.98	1007.28
2064.0	73.0	996.84	1049.14
2064.0	74.0	1011.18	999.03
2064.0	75.0	972.49	1041.98
2064.0	77.0	980.15	1051.95
2064.0	78.0	999.98	988.82
2064.0	79.0	970.54	999.81
2064.0	80.0	1007.82	996.15
2068.0	65.0	970.95	1036.78
2068.0	67.0	989.86	990.69
2068.0	71.0	971.04	1007.71
2068.0	73.0	996.14	1049.18
2068.0	74.0	1011.62	999.24
2068.0	75.0	972.82	1042.26
2068.0	77.0	980.39	1052.26
2068.0	78.0	1000.28	989.14
2068.0	79.0	971.02	999.40
2068.0	80.0	1008.34	996.60
2072.0	65.0	970.96	1037.43
2072.0	67.0	990.52	990.62
2072.0	71.0	971.17	1008.22
2072.0	73.0	995.42	1049.26
2072.0	74.0	1012.05	999.45
2072.0	78.0	1000.56	989.37
2072.0	79.0	971.53	999.00
2072.0	80.0	1008.77	997.07
2076.0	65.0	970.98	1038.09
2076.0	67.0	991.19	990.55
2076.0	71.0	971.28	1008.79
2076.0	73.0	994.75	1049.30
2076.0	74.0	1012.48	999.65
2076.0	79.0	972.02	998.59
2076.0	80.0	1009.18	997.52
2080.0	65.0	971.05	1038.75
2080.0	67.0	991.86	990.46
2080.0	71.0	971.33	1009.44
2080.0	73.0	994.13	1049.31
2080.0	79.0	972.50	998.16
2080.0	80.0	1009.58	997.89
2084.0	65.0	971.24	1039.43
2084.0	67.0	992.52	990.37
2084.0	71.0	971.37	1010.12
2084.0	73.0	993.48	1049.38
2084.0	79.0	972.97	997.70
2084.0	80.0	1010.02	998.26
2088.0	65.0	971.58	1040.07
2088.0	67.0	993.17	990.26
2088.0	71.0	971.40	1010.82
2088.0	73.0	992.88	1049.50
2088.0	79.0	973.42	997.23
2088.0	80.0	1010.53	998.63
2092.0	65.0	972.01	1040.58
2092.0	67.0	993.83	990.16
2092.0	71.0	971.41	1011.53
2092.0	73.0	992.28	1049.59
2092.0	79.0	973.85	996.77
2092.0	80.0	1011.06	999.00
2092.0	81.0	1007.21	995.98
2096.0	67.0	994.49	990.05
2096.0	71.0	971.45	1012.25
2096.0	73.0	991.65	1049.68
2096.0	79.0	974.24	996.31
2096.0	80.0	1011.57	999.35
2096.0	81.0	1007.61	996.29
2100.0	67.0	995.18	989.96
2100.0	71.0	971.53	1012.98
2100.0	73.0	990.97	1049.74
2100.0	79.0	974.64	995.86
2100.0	80.0	1012.06	999.64
2100.0	81.0	1008.04	996.66
2104.0	67.0	995.90	989.88
2104.0	71.0	971.57	1013.69
2104.0	73.0	990.24	1049.83
2104.0	79.0	975.04	995.42
2104.0	80.0	1012.48	999.86
2104.0	81.0	1008.48	997.04
2108.0	67.0	996.66	989.81
2108.0	71.0	971.59	1014.39
2108.0	73.0	989.54	1049.90
2108.0	79.0	975.44	994.96
2108.0	81.0	1008.91	997.40
2112.0	67.0	997.47	989.74
2112.0	71.0	971.64	1015.09
2112.0	73.0	988.95	1049.89
2112.0	79.0	975.83	994.51
2112.0	81.0	1009.35	997.75
2116.0	67.0	998.23	989.73
2116.0	71.0	971.71	1015.77
2116.0	73.0	988.38	1049.87
2116.0	79.0	976.22	994.06
2116.0	81.0	1009.80	998.08
2120.0	67.0	998.89	989.78
2120.0	71.0	971.77	1016.42
2120.0	73.0	987.78	1049.87
2120.0	79.0	976.63	993.63
2120.0	81.0	1010.25	998.40
2124.0	67.0	999.47	989.92
2124.0	71.0	971.82	1017.05
2124.0	73.0	987.13	1049.80
2124.0	79.0	977.06	993.26
2124.0	81.0	1010.72	998.73
2124.0	83.0	966.73	1005.14
2128.0	67.0	1000.02	990.15
2128.0	71.0	971.82	1017.66
2128.0	73.0	986.45	1049.66
2128.0	79.0	977.54	992.97
2128.0	81.0	1011.23	999.03
2128.0	83.0	967.31	1005.20
2132.0	67.0	1000.50	990.45
2132.0	71.0	971.81	1018.30
2132.0	73.0	985.83	1049.54
2132.0	79.0	978.07	992.77
2132.0	81.0	1011.72	999.28
2132.0	83.0	967.99	1005.26
2132.0	84.0	967.74	1002.44
2132.0	85.0	1006.66	996.40
2136.0	67.0	1000.89	990.76
2136.0	71.0	971.79	1018.94
2136.0	73.0	985.29	1049.46
2136.0	79.0	978.61	992.63
2136.0	81.0	1012.20	999.52
2136.0	83.0	968.68	1005.30
2136.0	84.0	968.17	1002.17
2136.0	85.0	1007.00	996.76
2140.0	67.0	1001.17	991.05
2140.0	71.0	971.76	1019.58
2140.0	73.0	984.82	1049.39
2140.0	79.0	979.14	992.50
2140.0	81.0	1012.59	999.73
2140.0	83.0	969.34	1005.33
2140.0	84.0	968.64	1001.85
2140.0	85.0	1007.38	997.18
2144.0	71.0	971.72	1020.24
2144.0	79.0	979.67	992.37
2144.0	83.0	970.01	1005.32
2144.0	84.0	969.11	1001.48
2144.0	85.0	1007.75	997.63
2144.0	86.0	967.95	1002.40
2148.0	71.0	971.71	1020.88
2148.0	79.0	980.23	992.26
2148.0	83.0	970.66	1005.30
2148.0	84.0	969.58	1001.10
2148.0	85.0	1008.05	998.05
2148.0	86.0	968.51	1002.12
2152.0	71.0	971.72	1021.51
2152.0	79.0	980.79	992.12
2152.0	83.0	971.32	1005.29
2152.0	84.0	970.04	1000.73
2152.0	85.0	1008.27	998.46
2152.0	86.0	969.01	1001.82
2156.0	71.0	971.74	1022.15
2156.0	79.0	981.36	991.98
2156.0	83.0	971.97	1005.29
2156.0	84.0	970.49	1000.35
2156.0	85.0	1008.41	998.87
2156.0	86.0	969.53	1001.53
2160.0	71.0	971.76	1022.79
2160.0	79.0	981.93	991.83
2160.0	83.0	972.63	1005.28
2160.0	84.0	970.94	1000.00
2160.0	85.0	1008.49	999.28
2160.0	86.0	970.06	1001.25
2160.0	87.0	998.45	986.73
2164.0	71.0	971.82	1023.45
2164.0	79.0	982.53	991.69
2164.0	83.0	973.29	1005.24
2164.0	84.0	971.37	999.65
2164.0	85.0	1008.52	999.70
2164.0	86.0	970.61	1000.98
2164.0	87.0	998.86	987.27
2164.0	88.0	967.86	1002.39
2168.0	71.0	971.89	1024.10
2168.0	79.0	983.15	991.57
2168.0	83.0	973.95	1005.20
2168.0	84.0	971.78	999.28
2168.0	85.0	1008.53	1000.11
2168.0	86.0	971.18	1000.68
2168.0	87.0	999.22	987.78
2168.0	88.0	968.35	1002.17
2172.0	71.0	971.96	1024.74
2172.0	79.0	983.75	991.44
2172.0	83.0	974.61	1005.13
2172.0	84.0	972.17	998.88
2172.0	85.0	1008.53	1000.52
2172.0	86.0	971.73	1000.35
2172.0	87.0	999.56	988.28
2172.0	88.0	968.84	1001.92
2176.0	71.0	972.04	1025.39
2176.0	79.0	984.35	991.32
2176.0	83.0	975.26	1005.04
2176.0	84.0	972.54	998.45
2176.0	85.0	1008.51	1000.94
2176.0	86.0	972.25	1000.00
2176.0	87.0	999.89	988.79
2176.0	88.0	969.33	1001.71
2180.0	71.0	972.14	1026.05
2180.0	79.0	984.95	991.20
2180.0	83.0	975.91	1004.94
2180.0	84.0	972.91	998.01
2180.0	85.0	1008.47	1001.36
2180.0	86.0	972.71	999.60
2180.0	87.0	1000.22	989.29
2180.0	88.0	969.83	1001.52
2184.0	71.0	972.28	1026.73
2184.0	79.0	985.57	991.09
2184.0	83.0	976.56	1004.83
2184.0	84.0	973.26	997.57
2184.0	85.0	1008.41	1001.79
2184.0	86.0	973.12	999.17
2184.0	87.0	1000.55	989.78
2184.0	88.0	970.34	1001.30
2188.0	71.0	972.44	1027.39
2188.0	79.0	986.22	990.99
2188.0	83.0	977.20	1004.70
2188.0	84.0	973.61	997.09
2188.0	85.0	1008.38	1002.23
2188.0	86.0	973.54	998.72
2188.0	87.0	1000.88	990.22
2188.0	88.0	970.89	1001.09
2192.0	71.0	972.62	1028.03
2192.0	79.0	986.87	990.90
2192.0	83.0	977.83	1004.56
2192.0	84.0	973.93	996.59
2192.0	85.0	1008.42	1002.69
2192.0	86.0	973.99	998.27
2192.0	87.0	1001.17	990.56
2192.0	88.0	971.48	1000.92
2192.0	89.0	967.81	1002.13
2196.0	71.0	972.81	1028.68
2196.0	79.0	987.54	990.82
2196.0	83.0	978.48	1004.38
2196.0	84.0	974.25	996.09
2196.0	85.0	1008.51	1003.18
2196.0	86.0	974.45	997.84
2196.0	88.0	972.11	1000.79
2196.0	89.0	968.43	1001.86
2200.0	71.0	973.01	1029.31
2200.0	79.0	988.19	990.75
2200.0	83.0	979.13	1004.18
2200.0	84.0	974.56	995.61
2200.0	85.0	1008.62	1003.74
2200.0	86.0	974.91	997.42
2200.0	88.0	972.77	1000.69
2200.0	89.0	968.97	1001.53
2200.0	90.0	1007.50	996.29
2204.0	71.0	973.25	1029.91
2204.0	79.0	988.83	990.68
2204.0	83.0	979.77	1003.96
2204.0	84.0	974.84	995.12
2204.0	85.0	1008.73	1004.34
2204.0	86.0	975.34	996.99
2204.0	88.0	973.44	1000.63
2204.0	89.0	969.45	1001.18
2204.0	90.0	1007.89	996.63
2208.0	71.0	973.49	1030.49
2208.0	79.0	989.46	990.61
2208.0	83.0	980.40	1003.75
2208.0	84.0	975.11	994.62
2208.0	85.0	1008.86	1004.98
2208.0	86.0	975.75	996.55
2208.0	88.0	974.09	1000.57
2208.0	89.0	969.88	1000.81
2208.0	90.0	1008.31	996.99
2212.0	71.0	973.68	1031.03
2212.0	79.0	990.10	990.56
2212.0	83.0	981.04	1003.56
2212.0	84.0	975.38	994.14
2212.0	85.0	1008.99	1005.61
2212.0	86.0	976.15	996.09
2212.0	88.0	974.74	1000.51
2212.0	89.0	970.30	1000.44
2212.0	90.0	1008.74	997.37
2216.0	71.0	973.88	1031.56
2216.0	79.0	990.73	990.54
2216.0	83.0	981.69	1003.36
2216.0	84.0	975.65	993.66
2216.0	85.0	1009.12	1006.23
2216.0	86.0	976.53	995.61
2216.0	88.0	975.35	1000.44
2216.0	89.0	970.74	1000.09
2216.0	90.0	1009.15	997.66
2220.0	71.0	974.13	1032.15
2220.0	79.0	991.37	990.54
2220.0	83.0	982.34	1003.15
2220.0	85.0	1009.25	1006.86
2220.0	86.0	976.87	995.13
2220.0	88.0	975.92	1000.36
2220.0	89.0	971.18	999.69
2220.0	90.0	1009.58	997.91
2224.0	71.0	974.45	1032.80
2224.0	79.0	991.99	990.55
2224.0	83.0	983.00	1002.93
2224.0	85.0	1009.38	1007.52
2224.0	86.0	977.18	994.67
2224.0	88.0	976.49	1000.26
2224.0	89.0	971.60	999.26
2224.0	90.0	1010.02	998.19
2228.0	71.0	974.75	1033.44
2228.0	79.0	992.60	990.55
2228.0	83.0	983.65	1002.74
2228.0	85.0	1009.50	1008.19
2228.0	86.0	977.51	994.25
2228.0	88.0	977.05	1000.15
2228.0	89.0	971.99	998.83
2228.0	90.0	1010.46	998.51
2232.0	71.0	974.99	1034.05
2232.0	79.0	993.22	990.53
2232.0	83.0	984.31	1002.57
2232.0	85.0	1009.62	1008.87
2232.0	86.0	977.88	993.84
2232.0	88.0	977.60	1000.02
2232.0	89.0	972.38	998.40
2232.0	90.0	1010.90	998.84
2236.0	71.0	975.17	1034.67
2236.0	79.0	993.83	990.51
2236.0	83.0	984.96	1002.41
2236.0	85.0	1009.73	1009.53
2236.0	86.0	978.31	993.45
2236.0	88.0	978.13	999.87
2236.0	89.0	972.79	998.00
2236.0	90.0	1011.36	999.13
2240.0	71.0	975.35	1035.27
2240.0	79.0	994.45	990.48
2240.0	83.0	985.62	1002.25
2240.0	85.0	1009.85	1010.19
2240.0	86.0	978.84	993.10
2240.0	88.0	978.64	999.70
2240.0	89.0	973.19	997.58
2240.0	90.0	1011.82	999.39
2244.0	71.0	975.57	1035.86
2244.0	79.0	995.08	990.46
2244.0	83.0	986.28	1002.09
2244.0	85.0	1009.99	1010.83
2244.0	86.0	979.43	992.79
2244.0	88.0	979.13	999.53
2244.0	89.0	973.55	997.14
2244.0	90.0	1012.27	999.62
2244.0	91.0	1007.31	996.02
2248.0	71.0	975.83	1036.43
2248.0	79.0	995.72	990.43
2248.0	83.0	986.95	1001.97
2248.0	85.0	1010.11	1011.45
2248.0	86.0	980.04	992.54
2248.0	88.0	979.62	999.36
2248.0	89.0	973.86	996.69
2248.0	90.0	1012.70	999.80
2248.0	91.0	1007.79	996.50
2248.0	92.0	967.05	1038.49
2252.0	71.0	976.12	1036.98
2252.0	79.0	996.39	990.38
2252.0	83.0	987.62	1001.86
2252.0	85.0	1010.20	1012.04
2252.0	86.0	980.67	992.36
2252.0	88.0	980.10	999.20
2252.0	89.0	974.15	996.24
2252.0	91.0	1008.29	996.99
2252.0	92.0	967.65	1038.77
2256.0	71.0	976.41	1037.51
2256.0	79.0	997.08	990.27
2256.0	83.0	988.27	1001.77
2256.0	85.0	1010.29	1012.64
2256.0	86.0	981.31	992.22
2256.0	88.0	980.59	999.05
2256.0	89.0	974.45	995.79
2256.0	91.0	1008.75	997.43
2256.0	92.0	968.27	1039.13
2260.0	71.0	976.71	1038.01
2260.0	79.0	997.77	990.14
2260.0	83.0	988.93	1001.69
2260.0	85.0	1010.36	1013.25
2260.0	86.0	981.94	992.10
2260.0	88.0	981.07	998.92
2260.0	89.0	974.77	995.32
2260.0	91.0	1009.13	997.84
2260.0	92.0	968.89	1039.52
2260.0	93.0	970.64	1042.32
2264.0	71.0	977.04	1038.49
2264.0	79.0	998.43	990.02
2264.0	83.0	989.59	1001.62
2264.0	85.0	1010.41	1013.88
2264.0	86.0	982.56	991.99
2264.0	88.0	981.56	998.78
2264.0	89.0	975.08	994.86
2264.0	91.0	1009.41	998.24
2264.0	92.0	969.48	1039.95
2264.0	93.0	970.12	1041.98
2268.0	71.0	977.41	1038.95
2268.0	79.0	999.05	989.98
2268.0	83.0	990.25	1001.56
2268.0	85.0	1010.42	1014.51
2268.0	86.0	983.18	991.87
2268.0	88.0	982.05	998.63
2268.0	89.0	975.39	994.42
2268.0	91.0	1009.61	998.65
2268.0	92.0	970.06	1040.40
2268.0	93.0	969.61	1041.62
2272.0	71.0	977.79	1039.38
2272.0	79.0	999.63	990.06
2272.0	83.0	990.91	1001.51
2272.0	85.0	1010.38	1015.16
2272.0	86.0	983.82	991.77
2272.0	88.0	982.56	998.47
2272.0	89.0	975.75	994.01
2272.0	91.0	1009.75	999.10
2272.0	92.0	970.63	1040.87
2272.0	93.0	969.11	1041.26
2276.0	71.0	978.15	1039.82
2276.0	79.0	1000.19	990.24
2276.0	83.0	991.58	1001.48
2276.0	85.0	1010.33	1015.79
2276.0	86.0	984.47	991.70
2276.0	88.0	983.08	998.33
2276.0	89.0	976.12	993.60
2276.0	91.0	1009.84	999.60
2276.0	92.0	971.17	1041.33
2276.0	93.0	968.60	1040.91
2280.0	71.0	978.48	1040.24
2280.0	79.0	1000.68	990.51
2280.0	83.0	992.26	1001.50
2280.0	85.0	1010.29	1016.39
2280.0	86.0	985.11	991.63
2280.0	88.0	983.61	998.17
2280.0	89.0	976.48	993.18
2280.0	91.0	1009.88	1000.14
2280.0	92.0	971.65	1041.76
2280.0	93.0	968.08	1040.58
2284.0	71.0	978.76	1040.65
2284.0	79.0	1001.11	990.81
2284.0	83.0	992.93	1001.55
2284.0	85.0	1010.25	1016.97
2284.0	86.0	985.75	991.56
2284.0	88.0	984.13	998.01
2284.0	89.0	976.85	992.82
2284.0	91.0	1009.89	1000.66
2284.0	92.0	972.04	1042.12
2284.0	93.0	967.61	1040.30
2288.0	71.0	979.04	1041.07
2288.0	79.0	1001.48	991.09
2288.0	83.0	993.60	1001.60
2288.0	85.0	1010.22	1017.54
2288.0	86.0	986.37	991.47
2288.0	88.0	984.65	997.86
2288.0	89.0	977.24	992.51
2288.0	91.0	1009.87	1001.13
2288.0	93.0	967.21	1040.10
2292.0	71.0	979.34	1041.52
2292.0	83.0	994.28	1001.62
2292.0	85.0	1010.21	1018.12
2292.0	86.0	986.98	991.38
2292.0	88.0	985.15	997.72
2292.0	89.0	977.70	992.28
2292.0	91.0	1009.84	1001.51
2296.0	71.0	979.66	1042.00
2296.0	83.0	994.97	1001.64
2296.0	85.0	1010.21	1018.72
2296.0	86.0	987.61	991.29
2296.0	88.0	985.64	997.62
2296.0	89.0	978.22	992.11
2296.0	91.0	1009.83	1001.76
2300.0	71.0	980.05	1042.46
2300.0	83.0	995.64	1001.70
2300.0	85.0	1010.23	1019.33
2300.0	86.0	988.24	991.21
2300.0	88.0	986.12	997.52
2300.0	89.0	978.81	991.99
2300.0	91.0	1009.83	1001.87
2304.0	71.0	980.48	1042.86
2304.0	83.0	996.32	1001.78
2304.0	85.0	1010.23	1019.95
2304.0	86.0	988.88	991.12
2304.0	88.0	986.62	997.42
2304.0	89.0	979.48	991.95
2304.0	91.0	1009.86	1001.91
2308.0	71.0	980.93	1043.21
2308.0	83.0	997.00	1001.85
2308.0	85.0	1010.21	1020.62
2308.0	86.0	989.52	991.04
2308.0	88.0	987.14	997.33
2308.0	89.0	980.18	991.92
2308.0	91.0	1009.90	1001.97
2312.0	71.0	981.38	1043.54
2312.0	83.0	997.66	1001.92
2312.0	85.0	1010.18	1021.31
2312.0	86.0	990.16	990.96
2312.0	88.0	987.68	997.25
2312.0	89.0	980.84	991.87
2312.0	91.0	1009.91	1002.10
2316.0	71.0	981.82	1043.85
2316.0	83.0	998.31	1002.03
2316.0	85.0	1010.11	1022.03
2316.0	86.0	990.80	990.88
2316.0	88.0	988.21	997.17
2316.0	89.0	981.46	991.80
2316.0	91.0	1009.89	1002.28
2320.0	71.0	982.26	1044.15
2320.0	83.0	998.95	1002.14
2320.0	85.0	1010.02	1022.76
2320.0	86.0	991.44	990.79
2320.0	88.0	988.74	997.11
2320.0	89.0	982.05	991.75
2320.0	91.0	1009.87	1002.44
2324.0	71.0	982.71	1044.43
2324.0	83.0	999.60	1002.25
2324.0	85.0	1009.91	1023.49
2324.0	86.0	992.09	990.68
2324.0	88.0	989.26	997.06
2324.0	89.0	982.64	991.68
2324.0	91.0	1009.89	1002.57
2328.0	71.0	983.19	1044.72
2328.0	83.0	1000.25	1002.34
2328.0	85.0	1009.80	1024.23
2328.0	86.0	992.74	990.54
2328.0	88.0	989.78	997.02
2328.0	89.0	983.25	991.63
2328.0	91.0	1009.92	1002.65
2328.0	94.0	967.08	1038.63
2332.0	71.0	983.70	1044.99
2332.0	83.0	1000.89	1002.46
2332.0	85.0	1009.68	1024.95
2332.0	86.0	993.39	990.41
2332.0	88.0	990.30	997.00
2332.0	89.0	983.89	991.59
2332.0	91.0	1009.93	1002.71
2332.0	94.0	967.61	1038.90
2336.0	71.0	984.24	1045.20
2336.0	83.0	1001.53	1002.59
2336.0	85.0	1009.57	1025.66
2336.0	86.0	994.06	990.30
2336.0	88.0	990.84	996.98
2336.0	89.0	984.53	991.53
2336.0	91.0	1009.91	1002.75
2336.0	94.0	968.14	1039.18
2336.0	95.0	977.69	1048.89
2340.0	71.0	984.80	1045.37
2340.0	83.0	1002.16	1002.72
2340.0	85.0	1009.51	1026.36
2340.0	86.0	994.74	990.22
2340.0	88.0	991.41	996.95
2340.0	89.0	985.16	991.46
2340.0	91.0	1009.90	1002.76
2340.0	94.0	968.67	1039.49
2340.0	95.0	978.03	1049.38
2340.0	96.0	1007.35	996.46
2344.0	71.0	985.36	1045.51
2344.0	83.0	1002.78	1002.86
2344.0	85.0	1009.46	1027.06
2344.0	86.0	995.42	990.20
2344.0	88.0	992.01	996.92
2344.0	89.0	985.77	991.37
2344.0	91.0	1009.89	1002.76
2344.0	94.0	969.19	1039.80
2344.0	95.0	978.43	1049.87
2344.0	96.0	1007.86	996.85
2348.0	71.0	985.93	1045.62
2348.0	83.0	1003.41	1003.05
2348.0	85.0	1009.44	1027.76
2348.0	86.0	996.10	990.20
2348.0	88.0	992.62	996.87
2348.0	89.0	986.36	991.26
2348.0	91.0	1009.88	1002.80
2348.0	94.0	969.70	1040.14
2348.0	95.0	978.85	1050.36
2348.0	96.0	1008.38	997.19
2348.0	97.0	998.07	986.92
2352.0	71.0	986.50	1045.70
2352.0	83.0	1004.04	1003.29
2352.0	85.0	1009.43	1028.46
2352.0	86.0	996.78	990.20
2352.0	88.0	993.22	996.81
2352.0	89.0	986.93	991.16
2352.0	91.0	1009.89	1002.89
2352.0	94.0	970.20	1040.50
2352.0	95.0	979.29	1050.87
2352.0	96.0	1008.90	997.51
2352.0	97.0	998.39	987.23
2356.0	71.0	987.09	1045.79
2356.0	83.0	1004.64	1003.60
2356.0	85.0	1009.41	1029.15
2356.0	86.0	997.48	990.17
2356.0	88.0	993.81	996.75
2356.0	89.0	987.49	991.05
2356.0	91.0	1009.90	1003.04
2356.0	94.0	970.67	1040.89
2356.0	95.0	979.75	1051.42
2356.0	96.0	1009.38	997.80
2356.0	97.0	998.70	987.57
2360.0	71.0	987.69	1045.91
2360.0	83.0	1005.19	1003.99
2360.0	85.0	1009.40	1029.84
2360.0	86.0	998.17	990.15
2360.0	88.0	994.40	996.69
2360.0	89.0	988.08	990.94
2360.0	91.0	1009.91	1003.26
2360.0	94.0	971.11	1041.31
2360.0	95.0	980.17	1051.89
2360.0	96.0	1009.85	998.09
2360.0	97.0	998.99	987.90
2364.0	71.0	988.28	1046.07
2364.0	83.0	1005.67	1004.43
2364.0	85.0	1009.43	1030.50
2364.0	86.0	998.83	990.18
2364.0	88.0	994.99	996.65
2364.0	89.0	988.70	990.84
2364.0	91.0	1009.90	1003.57
2364.0	94.0	971.52	1041.72
2364.0	95.0	980.50	1052.25
2364.0	96.0	1010.32	998.40
2364.0	97.0	999.26	988.21
2368.0	71.0	988.87	1046.24
2368.0	83.0	1006.11	1004.92
2368.0	85.0	1009.52	1031.15
2368.0	86.0	999.45	990.27
2368.0	88.0	995.55	996.60
2368.0	89.0	989.32	990.74
2368.0	91.0	1009.91	1003.97
2368.0	94.0	971.88	1042.06
2368.0	96.0	1010.78	998.71
2368.0	97.0	999.54	988.51
2372.0	71.0	989.48	1046.40
2372.0	83.0	1006.48	1005.47
2372.0	85.0	1009.66	1031.79
2372.0	86.0	1000.03	990.45
2372.0	88.0	996.09	996.54
2372.0	89.0	989.94	990.66
2372.0	91.0	1009.94	1004.44
2372.0	94.0	972.18	1042.34
2372.0	96.0	1011.24	999.01
2372.0	97.0	999.81	988.81
2376.0	71.0	990.10	1046.52
2376.0	83.0	1006.79	1006.07
2376.0	85.0	1009.82	1032.42
2376.0	86.0	1000.57	990.72
2376.0	88.0	996.61	996.49
2376.0	89.0	990.55	990.60
2376.0	91.0	1009.96	1004.99
2376.0	96.0	1011.70	999.30
2376.0	97.0	1000.07	989.12
2380.0	71.0	990.74	1046.63
2380.0	83.0	1007.05	1006.69
2380.0	85.0	1009.99	1033.04
2380.0	86.0	1001.08	991.04
2380.0	88.0	997.13	996.41
2380.0	89.0	991.17	990.54
2380.0	91.0	1009.98	1005.62
2380.0	96.0	1012.15	999.54
2380.0	97.0	1000.33	989.45
2384.0	71.0	991.40	1046.75
2384.0	83.0	1007.27	1007.33
2384.0	85.0	1010.20	1033.62
2384.0	88.0	997.65	996.35
2384.0	89.0	991.79	990.48
2384.0	91.0	1010.00	1006.29
2384.0	96.0	1012.55	999.74
2384.0	97.0	1000.57	989.80
2388.0	71.0	992.10	1046.85
2388.0	83.0	1007.46	1007.99
2388.0	85.0	1010.45	1034.17
2388.0	88.0	998.16	996.30
2388.0	89.0	992.40	990.41
2388.0	91.0	1010.00	1006.97
2388.0	97.0	1000.79	990.15
2392.0	71.0	992.81	1046.89
2392.0	83.0	1007.64	1008.64
2392.0	85.0	1010.73	1034.70
2392.0	88.0	998.66	996.26
2392.0	89.0	993.02	990.34
2392.0	91.0	1009.99	1007.65
2392.0	97.0	1001.02	990.48
2396.0	71.0	993.55	1046.92
2396.0	83.0	1007.81	1009.32
2396.0	85.0	1011.03	1035.20
2396.0	88.0	999.17	996.22
2396.0	89.0	993.67	990.25
2396.0	91.0	1009.97	1008.32
2396.0	97.0	1001.22	990.76
2400.0	71.0	994.31	1046.95
2400.0	83.0	1007.98	1010.01
2400.0	85.0	1011.34	1035.65
2400.0	88.0	999.68	996.16
2400.0	89.0	994.31	990.15
2400.0	91.0	1009.94	1008.98
2404.0	71.0	995.10	1046.97
2404.0	83.0	1008.13	1010.70
2404.0	85.0	1011.65	1036.05
2404.0	88.0	1000.20	996.11
2404.0	89.0	994.96	990.00
2404.0	91.0	1009.93	1009.65
2408.0	71.0	995.94	1046.93
2408.0	83.0	1008.26	1011.38
2408.0	85.0	1011.96	1036.41
2408.0	88.0	1000.74	996.03
2408.0	89.0	995.62	989.80
2408.0	91.0	1009.91	1010.32
2412.0	71.0	996.79	1046.86
2412.0	83.0	1008.38	1012.05
2412.0	85.0	1012.29	1036.76
2412.0	88.0	1001.28	995.94
2412.0	89.0	996.28	989.62
2412.0	91.0	1009.87	1011.00
2416.0	71.0	997.64	1046.74
2416.0	83.0	1008.46	1012.73
2416.0	85.0	1012.65	1037.12
2416.0	88.0	1001.80	995.84
2416.0	89.0	996.93	989.46
2416.0	91.0	1009.83	1011.69
2420.0	71.0	998.48	1046.61
2420.0	83.0	1008.53	1013.41
2420.0	85.0	1012.99	1037.47
2420.0	88.0	1002.26	995.76
2420.0	89.0	997.57	989.39
2420.0	91.0	1009.78	1012.37
2424.0	71.0	999.33	1046.42
2424.0	83.0	1008.58	1014.10
2424.0	85.0	1013.27	1037.77
2424.0	89.0	998.16	989.42
2424.0	91.0	1009.74	1013.05
2428.0	71.0	1000.17	1046.21
2428.0	83.0	1008.62	1014.79
2428.0	85.0	1013.49	1038.01
2428.0	89.0	998.73	989.49
2428.0	91.0	1009.71	1013.75
2428.0	98.0	978.42	1047.70
2432.0	71.0	1001.00	1046.01
2432.0	83.0	1008.65	1015.50
2432.0	89.0	999.25	989.56
2432.0	91.0	1009.71	1014.44
2432.0	98.0	978.92	1047.98
2432.0	99.0	1007.30	995.95
2436.0	71.0	1001.82	1045.81
2436.0	83.0	1008.70	1016.23
2436.0	89.0	999.73	989.69
2436.0	91.0	1009.74	1015.09
2436.0	98.0	979.40	1048.26
2436.0	99.0	1007.73	996.34
2440.0	71.0	1002.63	1045.60
2440.0	83.0	1008.74	1016.95
2440.0	89.0	1000.14	989.92
2440.0	91.0	1009.78	1015.75
2440.0	98.0	979.88	1048.53
2440.0	99.0	1008.19	996.76
2444.0	71.0	1003.43	1045.37
2444.0	83.0	1008.80	1017.65
2444.0	89.0	1000.52	990.23
2444.0	91.0	1009.83	1016.41
2444.0	98.0	980.36	1048.75
2444.0	99.0	1008.66	997.18
2448.0	71.0	1004.26	1045.17
2448.0	83.0	1008.88	1018.33
2448.0	89.0	1000.86	990.55
2448.0	91.0	1009.88	1017.05
2448.0	98.0	980.88	1048.94
2448.0	99.0	1009.13	997.58
2452.0	71.0	1005.11	1045.01
2452.0	83.0	1008.97	1019.04
2452.0	89.0	1001.15	990.83
2452.0	91.0	1009.92	1017.68
2452.0	98.0	981.45	1049.08
2452.0	99.0	1009.60	997.94
2452.0	100.0	1006.51	996.35
2456.0	71.0	1005.94	1044.88
2456.0	83.0	1009.06	1019.76
2456.0	91.0	1009.99	1018.31
2456.0	98.0	982.04	1049.15
2456.0	99.0	1010.09	998.28
2456.0	100.0	1006.97	996.58
2460.0	71.0	1006.72	1044.73
2460.0	83.0	1009.17	1020.47
2460.0	91.0	1010.08	1018.94
2460.0	98.0	982.64	1049.18
2460.0	99.0	1010.61	998.61
2460.0	100.0	1007.42	996.92
2464.0	71.0	1007.41	1044.52
2464.0	83.0	1009.30	1021.18
2464.0	91.0	1010.18	1019.59
2464.0	98.0	983.24	1049.20
2464.0	99.0	1011.15	998.91
2464.0	100.0	1007.90	997.30
2464.0	101.0	1007.26	996.48
2468.0	71.0	1008.04	1044.26
2468.0	83.0	1009.43	1021.90
2468.0	91.0	1010.27	1020.21
2468.0	98.0	983.86	1049.22
2468.0	99.0	1011.69	999.18
2468.0	100.0	1008.36	997.63
2468.0	101.0	1007.54	996.85
2472.0	71.0	1008.68	1043.97
2472.0	83.0	1009.57	1022.61
2472.0	91.0	1010.35	1020.82
2472.0	98.0	984.47	1049.27
2472.0	99.0	1012.21	999.46
2472.0	100.0	1008.80	997.92
2472.0	101.0	1007.82	997.25
2476.0	71.0	1009.34	1043.71
2476.0	83.0	1009.71	1023.31
2476.0	91.0	1010.41	1021.44
2476.0	98.0	985.07	1049.33
2476.0	100.0	1009.24	998.18
2476.0	101.0	1008.09	997.64
2480.0	71.0	1009.99	1043.46
2480.0	83.0	1009.81	1024.03
2480.0	91.0	1010.44	1022.09
2480.0	98.0	985.67	1049.38
2480.0	100.0	1009.68	998.47
2480.0	101.0	1008.32	998.04
2484.0	71.0	1010.64	1043.23
2484.0	83.0	1009.90	1024.74
2484.0	91.0	1010.45	1022.75
2484.0	98.0	986.25	1049.41
2484.0	100.0	1010.11	998.74
2484.0	101.0	1008.51	998.45
2488.0	71.0	1011.29	1043.04
2488.0	83.0	1010.00	1025.45
2488.0	91.0	1010.46	1023.43
2488.0	98.0	986.86	1049.42
2488.0	100.0	1010.56	998.99
2488.0	101.0	1008.69	998.86
2492.0	71.0	1011.93	1042.88
2492.0	83.0	1010.11	1026.15
2492.0	91.0	1010.49	1024.12
2492.0	98.0	987.47	1049.41
2492.0	100.0	1011.02	999.23
2492.0	101.0	1008.82	999.32
2496.0	71.0	1012.51	1042.76
2496.0	83.0	1010.25	1026.87
2496.0	91.0	1010.55	1024.82
2496.0	98.0	988.08	1049.39
2496.0	100.0	1011.51	999.44
2496.0	101.0	1008.90	999.82
2500.0	71.0	1013.00	1042.68
2500.0	83.0	1010.43	1027.57
2500.0	91.0	1010.65	1025.52
2500.0	98.0	988.66	1049.38
2500.0	100.0	1012.02	999.64
2500.0	101.0	1008.96	1000.35
2504.0	83.0	1010.66	1028.25
2504.0	91.0	1010.80	1026.22
2504.0	98.0	989.24	1049.40
2504.0	100.0	1012.54	999.84
2504.0	101.0	1008.96	1000.86
2508.0	83.0	1010.96	1028.88
2508.0	91.0	1011.01	1026.91
2508.0	98.0	989.83	1049.44
2508.0	101.0	1008.94	1001.35
2508.0	102.0	1006.99	996.10
2512.0	83.0	1011.36	1029.45
2512.0	91.0	1011.26	1027.57
2512.0	98.0	990.44	1049.48
2512.0	101.0	1008.94	1001.87
2512.0	102.0	1007.43	996.35
2516.0	83.0	1011.84	1029.97
2516.0	91.0	1011.55	1028.19
2516.0	98.0	991.05	1049.49
2516.0	101.0	1008.97	1002.42
2516.0	102.0	1007.88	996.69
2520.0	83.0	1012.36	1030.44
2520.0	91.0	1011.87	1028.76
2520.0	98.0	991.68	1049.50
2520.0	101.0	1009.02	1002.99
2520.0	102.0	1008.32	997.06
2524.0	83.0	1012.92	1030.85
2524.0	91.0	1012.26	1029.29
2524.0	98.0	992.34	1049.52
2524.0	101.0	1009.09	1003.58
2524.0	102.0	1008.75	997.45
2528.0	83.0	1013.53	1031.20
2528.0	91.0	1012.73	1029.78
2528.0	98.0	992.99	1049.53
2528.0	101.0	1009.14	1004.15
2528.0	102.0	1009.18	997.84
2532.0	83.0	1014.18	1031.51
2532.0	91.0	1013.26	1030.20
2532.0	98.0	993.63	1049.51
2532.0	101.0	1009.19	1004.71
2532.0	102.0	1009.60	998.22
2536.0	83.0	1014.85	1031.79
2536.0	91.0	1013.79	1030.52
2536.0	98.0	994.26	1049.48
2536.0	101.0	1009.24	1005.24
2536.0	102.0	1010.05	998.52
2540.0	83.0	1015.52	1032.02
2540.0	91.0	1014.31	1030.73
2540.0	98.0	994.89	1049.45
2540.0	101.0	1009.30	1005.74
2540.0	102.0	1010.53	998.80
2544.0	83.0	1016.19	1032.20
2544.0	91.0	1014.87	1030.91
2544.0	98.0	995.54	1049.42
2544.0	101.0	1009.36	1006.24
2544.0	102.0	1011.03	999.06
2548.0	83.0	1016.88	1032.36
2548.0	91.0	1015.43	1031.15
2548.0	98.0	996.19	1049.40
2548.0	101.0	1009.38	1006.72
2548.0	102.0	1011.53	999.30
2552.0	83.0	1017.56	1032.47
2552.0	91.0	1015.92	1031.42
2552.0	98.0	996.84	1049.39
2552.0	101.0	1009.37	1007.19
2552.0	102.0	1011.99	999.51
2556.0	83.0	1018.22	1032.52
2556.0	91.0	1016.37	1031.60
2556.0	98.0	997.49	1049.39
2556.0	101.0	1009.37	1007.68
2556.0	102.0	1012.37	999.68
2560.0	83.0	1018.88	1032.52
2560.0	91.0	1016.92	1031.69
2560.0	98.0	998.10	1049.38
2560.0	101.0	1009.37	1008.21
2560.0	102.0	1012.70	999.85
2564.0	83.0	1019.56	1032.48
2564.0	91.0	1017.57	1031.72
2564.0	98.0	998.69	1049.35
2564.0	101.0	1009.38	1008.76
2568.0	83.0	1020.23	1032.44
2568.0	91.0	1018.19	1031.75
2568.0	98.0	999.29	1049.30
2568.0	101.0	1009.39	1009.29
2572.0	83.0	1020.82	1032.39
2572.0	91.0	1018.74	1031.78
2572.0	98.0	999.92	1049.25
2572.0	101.0	1009.39	1009.82
2576.0	83.0	1021.32	1032.35
2576.0	91.0	1019.32	1031.80
2576.0	98.0	1000.52	1049.17
2576.0	101.0	1009.39	1010.36
2580.0	91.0	1019.90	1031.80
2580.0	98.0	1001.08	1049.06
2580.0	101.0	1009.39	1010.90
2584.0	91.0	1020.37	1031.75
2584.0	98.0	1001.65	1048.88
2584.0	101.0	1009.40	1011.45
2588.0	91.0	1020.77	1031.70
2588.0	98.0	1002.23	1048.69
2588.0	101.0	1009.44	1012.00
2592.0	91.0	1021.13	1031.66
2592.0	98.0	1002.82	1048.53
2592.0	101.0	1009.50	1012.55
2596.0	98.0	1003.43	1048.42
2596.0	101.0	1009.57	1013.09
2600.0	98.0	1004.08	1048.34
2600.0	101.0	1009.62	1013.64
2604.0	98.0	1004.76	1048.26
2604.0	101.0	1009.68	1014.19
2608.0	98.0	1005.41	1048.14
2608.0	101.0	1009.73	1014.75
2612.0	98.0	1006.01	1048.00
2612.0	101.0	1009.77	1015.32
2616.0	98.0	1006.57	1047.80
2616.0	101.0	1009.76	1015.86
2620.0	98.0	1007.09	1047.52
2620.0	101.0	1009.71	1016.39
2624.0	98.0	1007.57	1047.15
2624.0	101.0	1009.64	1016.90
2628.0	98.0	1008.01	1046.77
2628.0	101.0	1009.57	1017.40
2632.0	98.0	1008.46	1046.35
2632.0	101.0	1009.51	1017.92
2636.0	98.0	1008.88	1045.92
2636.0	101.0	1009.44	1018.44
2640.0	98.0	1009.29	1045.47
2640.0	101.0	1009.39	1018.96
2644.0	98.0	1009.69	1045.00
2644.0	101.0	1009.36	1019.50
2648.0	98.0	1010.09	1044.54
2648.0	101.0	1009.37	1020.02
2652.0	98.0	1010.49	1044.08
2652.0	101.0	1009.39	1020.54
2656.0	98.0	1010.88	1043.62
2656.0	101.0	1009.41	1021.04
2660.0	98.0	1011.29	1043.16
2660.0	101.0	1009.43	1021.55
2664.0	98.0	1011.69	1042.69
2664.0	101.0	1009.44	1022.07
2668.0	98.0	1012.09	1042.22
2668.0	101.0	1009.44	1022.60
2672.0	98.0	1012.47	1041.77
2672.0	101.0	1009.44	1023.16
2676.0	98.0	1012.79	1041.38
2676.0	101.0	1009.44	1023.75
2680.0	98.0	1013.04	1041.08
2680.0	101.0	1009.45	1024.35
2684.0	101.0	1009.44	1024.94
2688.0	101.0	1009.42	1025.50
2692.0	101.0	1009.42	1026.05
2696.0	101.0	1009.43	1026.59
2700.0	101.0	1009.47	1027.15
2704.0	101.0	1009.55	1027.71
2708.0	101.0	1009.67	1028.28
2712.0	101.0	1009.83	1028.84
2716.0	101.0	1009.97	1029.38
2720.0	101.0	1010.06	1029.91
2724.0	101.0	1010.11	1030.46
2728.0	101.0	1010.13	1031.02
