16068.0	163.0	123.84	-81.88
16078.0	163.0	124.08	-81.63
16088.0	163.0	124.30	-81.48
16098.0	163.0	124.46	-81.47
16108.0	163.0	124.53	-81.57
16118.0	163.0	124.52	-81.73
16128.0	163.0	124.47	-81.91
16138.0	163.0	124.36	-82.09
16148.0	163.0	124.19	-82.28
16158.0	163.0	124.02	-82.45
16168.0	163.0	123.85	-82.60
16178.0	163.0	123.68	-82.74
16188.0	163.0	123.48	-82.88
16198.0	163.0	123.28	-83.01
16208.0	163.0	123.12	-83.12
16218.0	163.0	123.00	-83.17
16228.0	163.0	122.91	-83.16
16238.0	163.0	122.85	-83.12
16248.0	163.0	122.79	-83.09
16258.0	163.0	122.75	-83.09
16268.0	163.0	122.72	-83.10
16278.0	163.0	122.72	-83.11
16288.0	163.0	122.71	-83.12
16298.0	163.0	122.70	-83.13
16308.0	163.0	122.69	-83.13
16318.0	163.0	122.68	-83.14
16328.0	163.0	122.68	-83.14
16338.0	163.0	122.68	-83.14
16348.0	163.0	122.68	-83.14
16358.0	163.0	122.68	-83.14
16368.0	163.0	122.67	-83.14
16378.0	163.0	122.67	-83.14
16388.0	163.0	122.67	-83.14
16398.0	163.0	122.67	-83.14
16408.0	163.0	122.67	-83.14
16418.0	163.0	122.67	-83.14
16428.0	163.0	122.67	-83.14
16438.0	163.0	122.67	-83.15
16448.0	163.0	122.67	-83.15
16458.0	163.0	122.67	-83.14
16468.0	163.0	122.67	-83.14
16478.0	163.0	122.67	-83.14
16488.0	163.0	122.67	-83.15
16498.0	163.0	122.67	-83.17
16508.0	163.0	122.68	-83.17
16518.0	163.0	122.72	-83.08
16528.0	163.0	122.82	-82.86
16538.0	163.0	122.96	-82.51
16548.0	163.0	123.11	-82.08
16558.0	163.0	123.22	-81.56
16568.0	163.0	123.26	-80.94
16578.0	163.0	123.25	-80.25
16588.0	163.0	123.18	-79.52
16598.0	163.0	123.05	-78.79
16608.0	163.0	122.88	-78.08
16618.0	163.0	122.70	-77.38
16628.0	163.0	122.54	-76.68
16638.0	163.0	122.45	-75.93
16648.0	163.0	122.42	-75.20
16658.0	163.0	122.42	-74.48
16668.0	163.0	122.46	-73.74
16678.0	163.0	122.55	-73.02
16688.0	163.0	122.64	-72.31
16698.0	163.0	122.69	-71.66
16708.0	163.0	122.71	-71.09
16718.0	163.0	122.69	-70.55
16728.0	163.0	122.62	-70.04
16738.0	163.0	122.55	-69.58
16748.0	163.0	122.48	-69.17
16758.0	163.0	122.43	-68.86
16768.0	163.0	122.40	-68.67
16778.0	163.0	122.40	-68.59
16788.0	163.0	122.41	-68.57
16798.0	163.0	122.43	-68.57
16808.0	163.0	122.43	-68.56
16818.0	163.0	122.44	-68.55
16828.0	163.0	122.45	-68.53
16838.0	163.0	122.46	-68.52
16848.0	163.0	122.48	-68.51
16858.0	163.0	122.48	-68.50
16868.0	163.0	122.48	-68.51
16878.0	163.0	122.47	-68.52
16888.0	163.0	122.49	-68.53
16898.0	163.0	122.51	-68.55
16908.0	163.0	122.53	-68.55
16918.0	163.0	122.53	-68.56
16928.0	163.0	122.51	-68.56
16938.0	163.0	122.50	-68.56
16948.0	163.0	122.48	-68.57
16958.0	163.0	122.47	-68.57
16968.0	163.0	122.48	-68.57
16978.0	163.0	122.49	-68.57
16988.0	163.0	122.50	-68.57
16998.0	163.0	122.48	-68.58
17008.0	163.0	122.46	-68.58
17018.0	163.0	122.45	-68.58
17028.0	163.0	122.44	-68.58
17038.0	163.0	122.44	-68.57
17048.0	163.0	122.44	-68.56
17058.0	163.0	122.44	-68.54
17068.0	163.0	122.45	-68.53
17078.0	163.0	122.44	-68.53
17088.0	163.0	122.44	-68.54
17098.0	163.0	122.43	-68.56
17108.0	163.0	122.43	-68.57
17118.0	163.0	122.44	-68.57
17128.0	163.0	122.45	-68.57
17138.0	163.0	122.44	-68.56
17148.0	163.0	122.43	-68.54
17158.0	163.0	122.42	-68.53
17168.0	163.0	122.44	-68.53
17178.0	163.0	122.48	-68.53
17188.0	163.0	122.55	-68.54
17198.0	163.0	122.64	-68.55
17208.0	163.0	122.69	-68.56
17218.0	163.0	122.69	-68.55
17228.0	163.0	122.66	-68.53
17238.0	163.0	122.65	-68.51
17248.0	163.0	122.64	-68.51
17258.0	163.0	122.64	-68.51
17268.0	163.0	122.65	-68.51
17278.0	163.0	122.66	-68.50
17288.0	163.0	122.66	-68.51
17298.0	163.0	122.65	-68.51
17308.0	163.0	122.63	-68.53
17318.0	163.0	122.63	-68.54
17328.0	163.0	122.63	-68.54
17338.0	163.0	122.63	-68.54
17348.0	163.0	122.63	-68.54
17358.0	163.0	122.64	-68.54
17368.0	163.0	122.64	-68.53
17378.0	163.0	122.64	-68.52
17388.0	163.0	122.64	-68.52
17398.0	163.0	122.64	-68.53
17408.0	163.0	122.63	-68.53
17418.0	163.0	122.62	-68.53
17428.0	163.0	122.60	-68.53
17438.0	163.0	122.57	-68.52
17448.0	163.0	122.54	-68.52
17458.0	163.0	122.53	-68.51
17468.0	163.0	122.51	-68.50
17468.0	228.0	152.64	-27.21
17478.0	163.0	122.50	-68.50
17478.0	228.0	152.68	-27.93
17488.0	163.0	122.51	-68.48
17488.0	228.0	152.82	-28.60
17498.0	163.0	122.51	-68.46
17498.0	228.0	153.06	-29.24
17508.0	163.0	122.52	-68.44
17508.0	228.0	153.38	-29.84
17518.0	163.0	122.54	-68.42
17518.0	228.0	153.72	-30.42
17528.0	163.0	122.56	-68.40
17528.0	228.0	154.07	-30.98
17538.0	163.0	122.58	-68.35
17538.0	228.0	154.49	-31.51
17548.0	163.0	122.59	-68.29
17548.0	228.0	154.92	-32.03
17558.0	163.0	122.60	-68.25
17558.0	228.0	155.30	-32.58
17568.0	163.0	122.57	-68.22
17568.0	228.0	155.67	-33.13
17578.0	163.0	122.53	-68.20
17578.0	228.0	156.04	-33.70
17588.0	163.0	122.53	-68.13
17588.0	228.0	156.43	-34.25
17598.0	163.0	122.54	-67.98
17598.0	228.0	156.87	-34.78
17608.0	163.0	122.57	-67.77
17608.0	228.0	157.35	-35.28
17618.0	163.0	122.57	-67.52
17618.0	228.0	157.87	-35.74
17628.0	163.0	122.52	-67.22
17628.0	228.0	158.39	-36.17
17638.0	163.0	122.39	-66.85
17638.0	228.0	158.89	-36.59
17648.0	163.0	122.21	-66.38
17648.0	228.0	159.36	-37.04
17658.0	163.0	121.97	-65.85
17658.0	228.0	159.80	-37.55
17668.0	163.0	121.72	-65.29
17668.0	228.0	160.23	-38.12
17678.0	163.0	121.45	-64.71
17678.0	228.0	160.63	-38.76
17688.0	163.0	121.18	-64.13
17688.0	228.0	160.98	-39.45
17698.0	163.0	120.90	-63.56
17698.0	228.0	161.28	-40.15
17708.0	163.0	120.62	-63.00
17708.0	228.0	161.53	-40.88
17718.0	163.0	120.31	-62.45
17718.0	228.0	161.73	-41.62
17728.0	163.0	119.99	-61.91
17728.0	228.0	161.88	-42.37
17738.0	163.0	119.63	-61.37
17738.0	228.0	161.99	-43.12
17748.0	163.0	119.22	-60.82
17748.0	228.0	162.08	-43.88
17758.0	163.0	118.81	-60.27
17758.0	228.0	162.16	-44.63
17768.0	163.0	118.38	-59.72
17768.0	228.0	162.25	-45.38
17778.0	163.0	117.96	-59.19
17778.0	228.0	162.32	-46.15
17788.0	163.0	117.57	-58.66
17788.0	228.0	162.38	-46.90
17798.0	163.0	117.19	-58.13
17798.0	228.0	162.47	-47.67
17808.0	163.0	116.84	-57.61
17808.0	228.0	162.57	-48.43
17818.0	163.0	116.49	-57.15
17818.0	228.0	162.70	-49.20
17828.0	163.0	116.10	-56.80
17828.0	228.0	162.84	-49.97
17838.0	163.0	115.63	-56.55
17838.0	228.0	162.98	-50.73
17848.0	163.0	115.10	-56.39
17848.0	228.0	163.14	-51.48
17858.0	163.0	114.53	-56.33
17858.0	228.0	163.28	-52.20
17868.0	163.0	113.96	-56.35
17868.0	228.0	163.42	-52.91
17878.0	163.0	113.39	-56.41
17878.0	228.0	163.56	-53.61
17888.0	163.0	112.82	-56.49
17888.0	228.0	163.72	-54.32
17898.0	163.0	112.26	-56.57
17898.0	228.0	163.93	-55.04
17908.0	163.0	111.69	-56.62
17908.0	228.0	164.13	-55.72
17918.0	163.0	111.12	-56.65
17918.0	228.0	164.35	-56.38
17928.0	163.0	110.57	-56.68
17928.0	228.0	164.57	-57.03
17938.0	163.0	110.03	-56.72
17938.0	228.0	164.76	-57.70
17948.0	163.0	109.50	-56.79
17948.0	228.0	164.90	-58.37
17958.0	163.0	109.00	-56.87
17958.0	228.0	164.96	-59.06
17968.0	163.0	108.51	-56.99
17978.0	163.0	108.04	-57.12
17988.0	163.0	107.59	-57.29
17998.0	163.0	107.15	-57.47
18008.0	163.0	106.72	-57.68
18018.0	163.0	106.30	-57.90
18028.0	163.0	105.88	-58.13
18038.0	163.0	105.46	-58.38
18048.0	163.0	105.05	-58.63
18058.0	163.0	104.63	-58.89
18068.0	163.0	104.21	-59.15
18078.0	163.0	103.80	-59.42
18088.0	163.0	103.39	-59.68
18098.0	163.0	102.98	-59.94
18108.0	163.0	102.57	-60.20
18118.0	163.0	102.17	-60.44
18128.0	163.0	101.75	-60.64
18138.0	163.0	101.33	-60.84
18148.0	163.0	100.91	-61.04
18158.0	163.0	100.49	-61.22
18168.0	163.0	100.06	-61.41
18178.0	163.0	99.64	-61.61
18188.0	163.0	99.27	-61.82
18198.0	163.0	98.97	-62.03
18208.0	163.0	98.78	-62.25
18218.0	163.0	98.68	-62.46
18228.0	163.0	98.64	-62.61
18238.0	163.0	98.73	-62.70
18248.0	163.0	98.92	-62.76
18258.0	163.0	99.18	-62.83
18268.0	163.0	99.44	-62.89
18278.0	163.0	99.67	-62.94
18288.0	163.0	99.90	-62.98
19597.0	254.0	132.10	-81.78
19607.0	254.0	131.57	-81.79
19617.0	254.0	131.01	-81.85
19627.0	254.0	130.49	-81.97
19637.0	254.0	130.01	-82.13
19647.0	254.0	129.54	-82.32
19657.0	254.0	129.06	-82.55
19667.0	254.0	128.54	-82.80
19677.0	254.0	128.03	-83.05
19687.0	254.0	127.53	-83.31
19697.0	254.0	127.02	-83.59
19707.0	254.0	126.52	-83.87
19717.0	254.0	126.03	-84.16
19727.0	254.0	125.53	-84.45
19737.0	254.0	125.04	-84.70
19747.0	254.0	124.51	-84.92
19757.0	254.0	123.98	-85.14
19767.0	254.0	123.44	-85.36
19777.0	254.0	122.87	-85.59
19787.0	254.0	122.33	-85.83
19797.0	254.0	121.79	-86.07
19807.0	254.0	121.25	-86.34
19817.0	254.0	120.70	-86.60
19827.0	254.0	120.16	-86.84
19827.0	259.0	172.36	-33.56
19837.0	254.0	119.60	-87.06
19837.0	259.0	171.69	-33.84
19847.0	254.0	119.04	-87.29
19847.0	259.0	171.03	-34.10
19857.0	254.0	118.49	-87.54
19857.0	259.0	170.36	-34.33
19867.0	254.0	117.97	-87.79
19867.0	259.0	169.68	-34.53
19877.0	254.0	117.47	-88.04
19877.0	259.0	168.99	-34.68
19887.0	254.0	116.97	-88.29
19887.0	259.0	168.29	-34.79
19897.0	254.0	116.50	-88.54
19897.0	259.0	167.59	-34.88
19907.0	254.0	116.06	-88.81
19907.0	259.0	166.87	-34.94
19917.0	254.0	115.62	-89.08
19917.0	259.0	166.16	-34.98
19927.0	254.0	115.18	-89.32
19927.0	259.0	165.44	-35.02
19937.0	254.0	114.74	-89.55
19937.0	259.0	164.73	-35.06
19947.0	254.0	114.29	-89.78
19947.0	259.0	164.01	-35.12
19957.0	254.0	113.84	-90.00
19957.0	259.0	163.30	-35.19
19967.0	254.0	113.39	-90.23
19967.0	259.0	162.59	-35.27
19977.0	254.0	112.96	-90.43
19977.0	259.0	161.88	-35.38
19987.0	254.0	112.50	-90.66
19987.0	259.0	161.18	-35.49
19997.0	254.0	112.03	-90.90
19997.0	259.0	160.47	-35.60
20007.0	254.0	111.55	-91.11
20007.0	259.0	159.76	-35.70
20017.0	254.0	111.05	-91.35
20017.0	259.0	159.06	-35.80
20027.0	254.0	110.53	-91.63
20027.0	259.0	158.36	-35.92
20037.0	254.0	110.00	-91.94
20037.0	259.0	157.68	-36.08
20047.0	254.0	109.46	-92.28
20047.0	259.0	156.97	-36.27
20057.0	254.0	108.91	-92.59
20057.0	259.0	156.27	-36.47
20067.0	254.0	108.33	-92.92
20067.0	259.0	155.55	-36.65
20077.0	254.0	107.75	-93.22
20077.0	259.0	154.83	-36.81
20087.0	254.0	107.20	-93.52
20087.0	259.0	154.13	-36.98
20097.0	254.0	106.65	-93.81
20097.0	259.0	153.44	-37.14
20107.0	254.0	106.15	-94.08
20107.0	259.0	152.75	-37.30
20117.0	254.0	105.63	-94.38
20117.0	259.0	152.04	-37.45
20127.0	254.0	105.10	-94.67
20127.0	259.0	151.32	-37.59
20137.0	254.0	104.60	-94.95
20137.0	259.0	150.63	-37.74
20147.0	254.0	104.09	-95.23
20147.0	259.0	149.95	-37.89
20157.0	254.0	103.57	-95.53
20157.0	259.0	149.28	-38.08
20167.0	254.0	103.03	-95.85
20167.0	259.0	148.61	-38.28
20177.0	254.0	102.45	-96.17
20177.0	259.0	147.93	-38.50
20187.0	254.0	101.83	-96.46
20187.0	259.0	147.23	-38.72
20197.0	254.0	101.20	-96.74
20197.0	259.0	146.54	-38.95
20207.0	254.0	100.61	-96.99
20207.0	259.0	145.85	-39.19
20217.0	254.0	100.04	-97.28
20217.0	259.0	145.17	-39.43
20227.0	254.0	99.49	-97.59
20227.0	259.0	144.48	-39.67
20237.0	254.0	99.00	-97.87
20237.0	259.0	143.80	-39.90
20247.0	254.0	98.50	-98.19
20247.0	259.0	143.11	-40.17
20257.0	254.0	98.00	-98.51
20257.0	259.0	142.42	-40.45
20267.0	254.0	97.50	-98.85
20267.0	259.0	141.74	-40.73
20277.0	254.0	96.97	-99.20
20277.0	259.0	141.06	-41.02
20287.0	254.0	96.43	-99.51
20287.0	259.0	140.38	-41.26
20297.0	254.0	95.86	-99.81
20297.0	259.0	139.68	-41.48
20307.0	254.0	95.30	-100.05
20307.0	259.0	138.96	-41.68
20317.0	254.0	94.75	-100.28
20317.0	259.0	138.23	-41.87
20327.0	254.0	94.20	-100.52
20327.0	259.0	137.52	-42.06
20337.0	254.0	93.67	-100.76
20337.0	259.0	136.79	-42.25
20347.0	254.0	93.15	-100.99
20347.0	259.0	136.06	-42.47
20357.0	254.0	92.61	-101.23
20357.0	259.0	135.34	-42.68
20367.0	254.0	92.04	-101.51
20367.0	259.0	134.64	-42.91
20377.0	254.0	91.45	-101.82
20377.0	259.0	133.95	-43.16
20387.0	254.0	90.84	-102.14
20387.0	259.0	133.29	-43.48
20397.0	254.0	90.24	-102.46
20397.0	259.0	132.64	-43.83
20407.0	254.0	89.65	-102.75
20407.0	259.0	132.01	-44.21
20417.0	254.0	89.09	-103.00
20417.0	259.0	131.38	-44.59
20427.0	254.0	88.57	-103.18
20427.0	259.0	130.75	-44.95
20437.0	254.0	88.10	-103.31
20437.0	259.0	130.12	-45.32
20447.0	254.0	87.67	-103.38
20447.0	259.0	129.46	-45.68
20457.0	254.0	87.26	-103.44
20457.0	259.0	128.77	-46.04
20467.0	254.0	86.83	-103.55
20467.0	259.0	128.07	-46.39
20467.0	268.0	53.01	-91.37
20477.0	254.0	86.29	-103.77
20477.0	259.0	127.37	-46.72
20477.0	268.0	53.50	-91.07
20487.0	254.0	85.74	-104.04
20487.0	259.0	126.69	-47.07
20487.0	268.0	53.97	-90.78
20497.0	254.0	85.17	-104.32
20497.0	259.0	126.04	-47.42
20497.0	268.0	54.40	-90.49
20507.0	254.0	84.61	-104.57
20507.0	259.0	125.41	-47.79
20507.0	268.0	54.80	-90.21
20517.0	254.0	84.07	-104.79
20517.0	259.0	124.79	-48.17
20517.0	268.0	55.23	-89.89
20527.0	254.0	83.54	-104.99
20527.0	259.0	124.17	-48.55
20527.0	268.0	55.67	-89.56
20537.0	254.0	83.01	-105.17
20537.0	259.0	123.56	-48.91
20537.0	268.0	56.04	-89.31
20547.0	254.0	82.48	-105.33
20547.0	259.0	122.95	-49.27
20547.0	268.0	56.39	-89.11
20557.0	254.0	81.90	-105.54
20557.0	259.0	122.35	-49.62
20557.0	268.0	56.75	-88.92
20567.0	254.0	81.30	-105.80
20567.0	259.0	121.76	-49.98
20567.0	268.0	57.14	-88.72
20577.0	254.0	80.72	-106.07
20577.0	259.0	121.18	-50.33
20577.0	268.0	57.57	-88.50
20587.0	254.0	80.17	-106.34
20587.0	259.0	120.61	-50.70
20587.0	268.0	58.04	-88.23
20597.0	254.0	79.63	-106.62
20597.0	259.0	120.04	-51.07
20597.0	268.0	58.54	-87.93
20607.0	254.0	79.10	-106.90
20607.0	259.0	119.48	-51.44
20607.0	268.0	59.07	-87.60
20617.0	254.0	78.57	-107.16
20617.0	259.0	118.90	-51.81
20617.0	268.0	59.63	-87.24
20627.0	259.0	118.30	-52.17
20627.0	268.0	60.18	-86.85
20637.0	259.0	117.68	-52.51
20637.0	268.0	60.74	-86.46
20647.0	259.0	117.05	-52.85
20647.0	268.0	61.28	-86.07
20657.0	259.0	116.43	-53.18
20657.0	268.0	61.79	-85.68
20667.0	259.0	115.81	-53.52
20667.0	268.0	62.29	-85.32
20677.0	259.0	115.19	-53.85
20677.0	268.0	62.76	-84.97
20687.0	259.0	114.57	-54.19
20687.0	268.0	63.23	-84.63
20697.0	259.0	113.95	-54.52
20697.0	268.0	63.71	-84.30
20707.0	259.0	113.33	-54.85
20707.0	268.0	64.24	-83.96
20717.0	259.0	112.68	-55.16
20717.0	268.0	64.70	-83.65
20727.0	259.0	112.03	-55.47
20727.0	268.0	65.11	-83.37
20737.0	259.0	111.41	-55.77
20737.0	268.0	65.54	-83.04
20747.0	259.0	110.81	-56.04
20747.0	268.0	65.96	-82.72
20757.0	259.0	110.21	-56.32
20767.0	259.0	109.62	-56.61
20777.0	259.0	109.02	-56.90
20787.0	259.0	108.43	-57.21
20797.0	259.0	107.82	-57.53
20807.0	259.0	107.21	-57.85
20817.0	259.0	106.60	-58.18
20827.0	259.0	105.98	-58.51
20837.0	259.0	105.36	-58.84
20847.0	259.0	104.75	-59.16
20857.0	259.0	104.14	-59.47
20867.0	259.0	103.55	-59.76
20877.0	259.0	102.99	-60.04
20887.0	259.0	102.46	-60.29
20897.0	259.0	101.97	-60.52
20907.0	259.0	101.53	-60.74
20917.0	259.0	101.16	-60.93
20927.0	259.0	100.85	-61.09
20937.0	259.0	100.63	-61.20
20947.0	259.0	100.48	-61.24
20947.0	279.0	75.18	-75.38
20947.0	280.0	75.36	-76.28
20957.0	259.0	100.40	-61.23
20957.0	279.0	75.64	-75.05
20957.0	280.0	75.84	-75.94
20967.0	259.0	100.39	-61.23
20967.0	279.0	76.16	-74.73
20967.0	280.0	76.30	-75.59
20977.0	259.0	100.41	-61.23
20977.0	279.0	76.73	-74.39
20977.0	280.0	76.77	-75.24
20987.0	259.0	100.42	-61.24
20987.0	279.0	77.30	-74.02
20987.0	280.0	77.25	-74.91
20997.0	259.0	100.43	-61.24
20997.0	279.0	77.89	-73.64
20997.0	280.0	77.75	-74.61
21007.0	259.0	100.42	-61.23
21007.0	279.0	78.48	-73.27
21007.0	280.0	78.26	-74.34
21017.0	259.0	100.39	-61.21
21017.0	279.0	79.05	-72.94
21017.0	280.0	78.74	-74.07
21027.0	259.0	100.35	-61.20
21027.0	279.0	79.61	-72.63
21027.0	280.0	79.21	-73.79
21037.0	259.0	100.30	-61.20
21037.0	279.0	80.18	-72.32
21037.0	280.0	79.67	-73.50
21047.0	259.0	100.22	-61.24
21047.0	279.0	80.74	-72.04
21047.0	280.0	80.09	-73.18
21057.0	259.0	100.11	-61.32
21057.0	279.0	81.32	-71.79
21057.0	280.0	80.49	-72.86
21067.0	259.0	99.97	-61.42
21067.0	279.0	81.90	-71.56
21067.0	280.0	80.90	-72.53
21077.0	259.0	99.76	-61.50
21077.0	279.0	82.48	-71.36
21077.0	280.0	81.31	-72.19
21087.0	259.0	99.49	-61.57
21087.0	279.0	83.08	-71.16
21087.0	280.0	81.75	-71.86
21097.0	259.0	99.18	-61.69
21097.0	279.0	83.68	-70.95
21097.0	280.0	82.21	-71.55
21107.0	259.0	98.82	-61.90
21107.0	279.0	84.28	-70.78
21107.0	280.0	82.67	-71.25
21117.0	259.0	98.40	-62.14
21117.0	279.0	84.88	-70.63
21117.0	280.0	83.13	-70.97
21127.0	259.0	97.93	-62.41
21127.0	279.0	85.46	-70.48
21127.0	280.0	83.61	-70.69
21137.0	259.0	97.44	-62.70
21137.0	279.0	85.98	-70.28
21137.0	280.0	84.09	-70.41
21147.0	259.0	96.94	-62.98
21147.0	279.0	86.42	-69.96
21147.0	280.0	84.57	-70.14
21157.0	259.0	96.52	-63.22
21157.0	279.0	86.80	-69.63
21157.0	280.0	85.07	-69.88
21167.0	259.0	96.22	-63.38
21167.0	279.0	87.20	-69.31
21167.0	280.0	85.56	-69.64
21177.0	259.0	96.05	-63.45
21177.0	279.0	87.63	-69.03
21177.0	280.0	86.04	-69.41
21187.0	259.0	96.00	-63.46
21187.0	279.0	88.09	-68.75
21187.0	280.0	86.53	-69.19
21197.0	259.0	96.03	-63.45
21197.0	279.0	88.52	-68.49
21197.0	280.0	87.03	-68.98
21207.0	259.0	96.05	-63.44
21207.0	279.0	88.88	-68.20
21207.0	280.0	87.54	-68.80
21217.0	259.0	96.07	-63.45
21217.0	279.0	89.15	-67.83
21217.0	280.0	88.07	-68.67
21227.0	259.0	96.07	-63.44
21227.0	279.0	89.43	-67.41
21227.0	280.0	88.61	-68.52
21237.0	259.0	96.07	-63.43
21237.0	279.0	89.76	-67.03
21237.0	280.0	89.17	-68.34
21247.0	259.0	96.07	-63.42
21247.0	279.0	90.14	-66.67
21247.0	280.0	89.75	-68.13
21257.0	259.0	96.07	-63.40
21257.0	279.0	90.53	-66.36
21257.0	280.0	90.31	-67.88
21267.0	259.0	96.07	-63.40
21267.0	279.0	90.97	-66.09
21267.0	280.0	90.87	-67.62
21277.0	259.0	96.07	-63.40
21277.0	279.0	91.45	-65.86
21277.0	280.0	91.43	-67.33
21287.0	259.0	96.08	-63.41
21287.0	279.0	91.97	-65.63
21287.0	280.0	91.96	-67.04
21297.0	259.0	96.09	-63.39
21297.0	279.0	92.50	-65.43
21297.0	280.0	92.49	-66.75
21307.0	259.0	96.09	-63.37
21307.0	279.0	93.05	-65.22
21307.0	280.0	93.02	-66.48
21317.0	259.0	96.03	-63.35
21317.0	279.0	93.59	-65.02
21317.0	280.0	93.54	-66.23
21327.0	259.0	95.92	-63.34
21327.0	279.0	94.13	-64.82
21327.0	280.0	94.06	-65.99
21337.0	259.0	95.77	-63.32
21337.0	279.0	94.68	-64.60
21337.0	280.0	94.57	-65.71
21347.0	259.0	95.63	-63.32
21347.0	279.0	95.24	-64.36
21347.0	280.0	95.05	-65.42
21357.0	259.0	95.48	-63.38
21357.0	279.0	95.79	-64.08
21357.0	280.0	95.54	-65.09
21367.0	259.0	95.28	-63.56
21367.0	279.0	96.29	-63.77
21367.0	280.0	96.02	-64.74
21377.0	259.0	94.95	-63.86
21377.0	279.0	96.75	-63.44
21377.0	280.0	96.51	-64.39
21387.0	259.0	94.51	-64.26
21387.0	279.0	97.19	-63.12
21387.0	280.0	97.00	-64.05
21397.0	259.0	93.98	-64.67
21397.0	279.0	97.64	-62.80
21397.0	280.0	97.50	-63.73
21407.0	259.0	93.37	-65.05
21407.0	279.0	98.08	-62.50
21407.0	280.0	98.02	-63.44
21417.0	259.0	92.75	-65.37
21417.0	279.0	98.56	-62.22
21417.0	280.0	98.55	-63.19
21427.0	259.0	92.12	-65.68
21427.0	279.0	99.08	-61.96
21427.0	280.0	99.06	-62.97
21437.0	259.0	91.47	-65.99
21437.0	279.0	99.61	-61.75
21437.0	280.0	99.60	-62.76
21447.0	259.0	90.81	-66.31
21447.0	279.0	100.12	-61.58
21447.0	280.0	100.16	-62.54
21457.0	259.0	90.15	-66.64
21457.0	279.0	100.64	-61.40
21457.0	280.0	100.71	-62.32
21467.0	259.0	89.51	-66.97
21467.0	279.0	101.16	-61.19
21467.0	280.0	101.27	-62.11
21477.0	259.0	88.89	-67.29
21477.0	279.0	101.71	-60.96
21477.0	280.0	101.81	-61.90
21487.0	259.0	88.26	-67.59
21487.0	279.0	102.27	-60.71
21487.0	280.0	102.33	-61.68
21497.0	259.0	87.62	-67.89
21497.0	279.0	102.80	-60.46
21497.0	280.0	102.82	-61.46
21507.0	259.0	86.95	-68.19
21507.0	279.0	103.31	-60.22
21507.0	280.0	103.30	-61.23
21517.0	259.0	86.28	-68.52
21517.0	279.0	103.84	-59.96
21517.0	280.0	103.78	-60.99
21527.0	259.0	85.62	-68.88
21527.0	279.0	104.35	-59.68
21527.0	280.0	104.25	-60.73
21537.0	259.0	84.99	-69.26
21537.0	279.0	104.86	-59.40
21537.0	280.0	104.72	-60.45
21547.0	259.0	84.36	-69.65
21547.0	279.0	105.36	-59.10
21547.0	280.0	105.20	-60.15
21557.0	259.0	83.76	-70.03
21557.0	279.0	105.86	-58.79
21557.0	280.0	105.69	-59.84
21567.0	259.0	83.16	-70.42
21567.0	279.0	106.35	-58.50
21567.0	280.0	106.19	-59.51
21577.0	259.0	82.54	-70.81
21577.0	279.0	106.85	-58.22
21577.0	280.0	106.70	-59.17
21587.0	259.0	81.92	-71.19
21587.0	279.0	107.36	-57.97
21587.0	280.0	107.22	-58.82
21597.0	259.0	81.29	-71.55
21597.0	279.0	107.88	-57.76
21597.0	280.0	107.76	-58.47
21607.0	259.0	80.66	-71.89
21607.0	279.0	108.41	-57.59
21607.0	280.0	108.30	-58.13
21617.0	259.0	80.04	-72.23
21617.0	279.0	108.95	-57.47
21617.0	280.0	108.85	-57.79
21627.0	259.0	79.42	-72.56
21627.0	279.0	109.51	-57.39
21627.0	280.0	109.40	-57.46
21637.0	259.0	78.79	-72.91
21637.0	279.0	110.08	-57.34
21637.0	280.0	109.96	-57.15
21647.0	259.0	78.17	-73.26
21647.0	279.0	110.65	-57.32
21647.0	280.0	110.52	-56.85
21657.0	259.0	77.55	-73.63
21657.0	279.0	111.22	-57.29
21657.0	280.0	111.07	-56.57
21667.0	259.0	76.95	-74.03
21667.0	279.0	111.79	-57.24
21667.0	280.0	111.62	-56.30
21677.0	259.0	76.37	-74.44
21677.0	279.0	112.33	-57.09
21677.0	280.0	112.16	-56.04
21687.0	259.0	75.82	-74.87
21687.0	279.0	112.84	-56.86
21687.0	280.0	112.68	-55.78
21697.0	259.0	75.28	-75.29
21697.0	279.0	113.35	-56.59
21697.0	280.0	113.20	-55.53
21707.0	259.0	74.75	-75.71
21707.0	279.0	113.84	-56.30
21707.0	280.0	113.73	-55.26
21717.0	259.0	74.23	-76.12
21717.0	279.0	114.32	-56.01
21717.0	280.0	114.23	-55.00
21727.0	259.0	73.70	-76.54
21727.0	279.0	114.81	-55.71
21727.0	280.0	114.75	-54.74
21737.0	259.0	73.15	-76.96
21737.0	279.0	115.29	-55.40
21737.0	280.0	115.28	-54.47
21747.0	259.0	72.59	-77.37
21747.0	279.0	115.73	-55.09
21747.0	280.0	115.82	-54.22
21757.0	259.0	72.01	-77.79
21757.0	279.0	116.19	-54.81
21757.0	280.0	116.34	-54.00
21767.0	259.0	71.42	-78.21
21767.0	279.0	116.64	-54.53
21767.0	280.0	116.84	-53.78
21777.0	259.0	70.83	-78.63
21777.0	279.0	117.11	-54.28
21777.0	280.0	117.35	-53.42
21787.0	259.0	70.22	-79.05
21787.0	279.0	117.61	-54.03
21787.0	280.0	117.87	-53.05
21797.0	259.0	69.62	-79.47
21797.0	279.0	118.11	-53.76
21797.0	280.0	118.40	-52.70
21807.0	259.0	69.02	-79.90
21807.0	279.0	118.61	-53.47
21807.0	280.0	118.94	-52.36
21817.0	259.0	68.43	-80.33
21817.0	279.0	119.10	-53.17
21817.0	280.0	119.50	-52.06
21827.0	259.0	67.85	-80.76
21827.0	279.0	119.58	-52.86
21827.0	280.0	120.08	-51.79
21837.0	259.0	67.28	-81.19
21837.0	279.0	120.04	-52.56
21837.0	280.0	120.68	-51.52
21847.0	259.0	66.74	-81.62
21847.0	279.0	120.48	-52.26
21847.0	280.0	121.27	-51.22
21857.0	259.0	66.20	-82.05
21857.0	279.0	120.93	-51.95
21857.0	280.0	121.86	-50.87
21867.0	259.0	65.67	-82.49
21867.0	279.0	121.39	-51.66
21867.0	280.0	122.42	-50.48
21877.0	259.0	65.14	-82.92
21877.0	279.0	121.86	-51.40
21877.0	280.0	122.96	-50.06
21887.0	259.0	64.60	-83.34
21887.0	279.0	122.37	-51.16
21887.0	280.0	123.47	-49.61
21897.0	259.0	64.04	-83.76
21897.0	279.0	122.90	-50.95
21897.0	280.0	123.94	-49.16
21907.0	259.0	63.48	-84.19
21907.0	279.0	123.45	-50.74
21907.0	280.0	124.37	-48.71
21917.0	259.0	62.91	-84.61
21917.0	279.0	124.00	-50.52
21917.0	280.0	124.77	-48.27
21927.0	259.0	62.33	-85.03
21927.0	279.0	124.55	-50.29
21927.0	280.0	125.14	-47.86
21937.0	259.0	61.75	-85.44
21937.0	279.0	125.10	-50.04
21937.0	280.0	125.50	-47.49
21947.0	259.0	61.17	-85.84
21947.0	279.0	125.65	-49.77
21947.0	280.0	125.89	-47.11
21957.0	259.0	60.59	-86.22
21957.0	279.0	126.22	-49.51
21957.0	280.0	126.29	-46.73
21967.0	259.0	60.01	-86.61
21967.0	279.0	126.80	-49.23
21967.0	280.0	126.72	-46.39
21967.0	294.0	111.88	-87.66
21977.0	259.0	59.44	-86.99
21977.0	279.0	127.37	-48.95
21977.0	280.0	127.23	-46.13
21977.0	294.0	112.41	-87.66
21987.0	259.0	58.88	-87.36
21987.0	279.0	127.89	-48.65
21987.0	280.0	127.80	-45.91
21987.0	294.0	112.97	-87.57
21997.0	259.0	58.33	-87.74
21997.0	279.0	128.37	-48.34
21997.0	280.0	128.39	-45.73
21997.0	294.0	113.54	-87.44
21997.0	295.0	105.64	-91.42
22007.0	259.0	57.78	-88.13
22007.0	279.0	128.87	-48.04
22007.0	280.0	128.97	-45.61
22007.0	294.0	114.12	-87.32
22007.0	295.0	105.70	-91.90
22017.0	259.0	57.24	-88.52
22017.0	279.0	129.40	-47.72
22017.0	280.0	129.51	-45.49
22017.0	294.0	114.70	-87.20
22017.0	295.0	105.64	-92.35
22017.0	296.0	105.46	-90.86
22027.0	259.0	56.70	-88.92
22027.0	279.0	129.93	-47.44
22027.0	280.0	130.06	-45.36
22027.0	294.0	115.28	-87.07
22027.0	295.0	105.43	-92.75
22027.0	296.0	105.54	-91.37
22027.0	297.0	112.34	-87.68
22037.0	259.0	56.16	-89.32
22037.0	279.0	130.48	-47.19
22037.0	280.0	130.57	-45.26
22037.0	294.0	115.86	-86.90
22037.0	295.0	105.10	-93.11
22037.0	296.0	105.49	-91.87
22037.0	297.0	112.93	-87.70
22047.0	259.0	55.62	-89.72
22047.0	279.0	131.04	-46.98
22047.0	280.0	131.07	-45.15
22047.0	294.0	116.43	-86.68
22047.0	295.0	104.70	-93.40
22047.0	296.0	105.35	-92.27
22047.0	297.0	113.44	-87.77
22057.0	259.0	55.06	-90.12
22057.0	279.0	131.59	-46.79
22057.0	280.0	131.60	-45.02
22057.0	294.0	116.96	-86.41
22057.0	295.0	104.24	-93.63
22057.0	296.0	105.17	-92.58
22057.0	297.0	113.97	-87.90
22057.0	298.0	105.04	-91.20
22067.0	259.0	54.48	-90.49
22067.0	279.0	132.14	-46.61
22067.0	280.0	132.14	-44.91
22067.0	294.0	117.48	-86.11
22067.0	295.0	103.75	-93.78
22067.0	296.0	105.03	-92.85
22067.0	297.0	114.58	-87.93
22067.0	298.0	104.78	-91.63
22077.0	259.0	53.90	-90.84
22077.0	279.0	132.67	-46.41
22077.0	280.0	132.69	-44.79
22077.0	294.0	118.04	-85.83
22077.0	295.0	103.26	-93.86
22077.0	296.0	104.80	-93.12
22077.0	297.0	115.23	-87.83
22077.0	298.0	104.46	-92.01
22087.0	259.0	53.33	-91.17
22087.0	279.0	133.17	-46.17
22087.0	280.0	133.23	-44.68
22087.0	294.0	118.64	-85.59
22087.0	295.0	102.79	-93.93
22087.0	296.0	104.46	-93.38
22087.0	297.0	115.87	-87.62
22087.0	298.0	104.07	-92.32
22097.0	279.0	133.68	-45.90
22097.0	280.0	133.76	-44.58
22097.0	294.0	119.25	-85.41
22097.0	295.0	102.29	-93.96
22097.0	296.0	104.02	-93.63
22097.0	297.0	116.47	-87.31
22097.0	298.0	103.65	-92.59
22107.0	279.0	134.18	-45.63
22107.0	280.0	134.28	-44.47
22107.0	294.0	119.82	-85.26
22107.0	295.0	101.80	-93.96
22107.0	296.0	103.52	-93.82
22107.0	297.0	117.05	-86.96
22107.0	298.0	103.20	-92.82
22117.0	279.0	134.69	-45.36
22117.0	280.0	134.80	-44.34
22117.0	294.0	120.35	-85.11
22117.0	295.0	101.33	-93.91
22117.0	296.0	102.98	-93.96
22117.0	297.0	117.60	-86.59
22117.0	298.0	102.75	-93.03
22127.0	279.0	135.20	-45.12
22127.0	280.0	135.30	-44.21
22127.0	294.0	120.87	-84.96
22127.0	295.0	100.87	-93.79
22127.0	296.0	102.42	-94.02
22127.0	297.0	118.14	-86.19
22127.0	298.0	102.29	-93.29
22137.0	279.0	135.71	-44.88
22137.0	280.0	135.78	-44.07
22137.0	294.0	121.39	-84.79
22137.0	295.0	100.44	-93.60
22137.0	296.0	101.84	-93.95
22137.0	297.0	118.67	-85.82
22137.0	298.0	101.83	-93.60
22147.0	279.0	136.23	-44.67
22147.0	280.0	136.26	-43.88
22147.0	294.0	121.96	-84.62
22147.0	295.0	100.02	-93.30
22147.0	296.0	101.22	-93.73
22147.0	297.0	119.19	-85.47
22147.0	298.0	101.35	-93.78
22157.0	279.0	136.76	-44.48
22157.0	280.0	136.77	-43.61
22157.0	294.0	122.56	-84.46
22157.0	295.0	99.62	-92.89
22157.0	296.0	100.61	-93.36
22157.0	297.0	119.71	-85.16
22157.0	298.0	100.87	-93.80
22167.0	279.0	137.29	-44.30
22167.0	280.0	137.29	-43.34
22167.0	294.0	123.15	-84.30
22167.0	295.0	99.27	-92.46
22167.0	296.0	100.01	-92.89
22167.0	297.0	120.25	-84.91
22167.0	298.0	100.42	-93.72
22177.0	279.0	137.82	-44.12
22177.0	280.0	137.79	-43.10
22177.0	294.0	123.69	-84.13
22177.0	295.0	99.06	-92.13
22177.0	296.0	99.46	-92.35
22177.0	297.0	120.81	-84.68
22177.0	298.0	100.01	-93.53
22187.0	279.0	138.36	-43.94
22187.0	280.0	138.29	-42.91
22187.0	294.0	124.19	-83.94
22187.0	295.0	99.01	-92.04
22187.0	296.0	98.99	-91.77
22187.0	297.0	121.37	-84.48
22187.0	298.0	99.60	-93.24
22197.0	279.0	138.91	-43.75
22197.0	280.0	138.79	-42.76
22197.0	294.0	124.67	-83.76
22197.0	295.0	99.05	-92.11
22197.0	296.0	98.60	-91.19
22197.0	297.0	121.96	-84.28
22197.0	298.0	99.12	-92.91
22207.0	279.0	139.44	-43.59
22207.0	280.0	139.33	-42.64
22207.0	294.0	125.17	-83.62
22207.0	295.0	98.95	-92.13
22207.0	296.0	98.29	-90.64
22207.0	297.0	122.54	-84.05
22207.0	298.0	98.59	-92.62
22217.0	279.0	140.00	-43.46
22217.0	280.0	139.90	-42.50
22217.0	294.0	125.67	-83.51
22217.0	295.0	98.66	-91.92
22217.0	296.0	98.05	-90.13
22217.0	297.0	123.13	-83.82
22217.0	298.0	98.16	-92.24
22227.0	279.0	140.61	-43.31
22227.0	280.0	140.49	-42.35
22227.0	294.0	126.17	-83.43
22227.0	295.0	98.31	-91.49
22227.0	296.0	97.84	-89.63
22227.0	297.0	123.69	-83.63
22227.0	298.0	97.83	-91.80
22237.0	279.0	141.24	-43.18
22237.0	280.0	141.08	-42.20
22237.0	294.0	126.67	-83.35
22237.0	295.0	97.98	-90.98
22237.0	296.0	97.64	-89.12
22237.0	297.0	124.25	-83.45
22237.0	298.0	97.57	-91.27
22247.0	279.0	141.84	-43.05
22247.0	280.0	141.68	-42.04
22247.0	294.0	127.17	-83.23
22247.0	295.0	97.72	-90.43
22247.0	296.0	97.42	-88.61
22247.0	297.0	124.84	-83.28
22247.0	298.0	97.38	-90.69
22257.0	279.0	142.42	-42.90
22257.0	280.0	142.25	-41.89
22257.0	294.0	127.70	-83.07
22257.0	295.0	97.44	-89.93
22257.0	296.0	97.19	-88.12
22257.0	297.0	125.44	-83.12
22257.0	298.0	97.25	-90.05
22267.0	279.0	142.99	-42.75
22267.0	280.0	142.80	-41.74
22267.0	294.0	128.25	-82.84
22267.0	295.0	97.16	-89.45
22267.0	296.0	96.95	-87.65
22267.0	297.0	126.02	-82.91
22267.0	298.0	97.15	-89.40
22277.0	279.0	143.53	-42.58
22277.0	280.0	143.36	-41.57
22277.0	294.0	128.80	-82.60
22277.0	295.0	96.89	-88.95
22277.0	296.0	96.69	-87.22
22277.0	297.0	126.60	-82.68
22277.0	298.0	97.06	-88.76
22287.0	279.0	144.05	-42.43
22287.0	280.0	143.91	-41.41
22287.0	294.0	129.34	-82.38
22287.0	295.0	96.65	-88.44
22287.0	296.0	96.42	-86.80
22287.0	297.0	127.16	-82.43
22287.0	298.0	96.94	-88.17
22297.0	279.0	144.58	-42.27
22297.0	280.0	144.45	-41.27
22297.0	294.0	129.88	-82.14
22297.0	295.0	96.40	-87.90
22297.0	296.0	96.17	-86.37
22297.0	297.0	127.70	-82.14
22297.0	298.0	96.77	-87.64
22307.0	279.0	145.13	-42.09
22307.0	280.0	145.02	-41.19
22307.0	294.0	130.43	-81.94
22307.0	295.0	96.09	-87.39
22307.0	296.0	95.95	-85.90
22307.0	297.0	128.24	-81.84
22307.0	298.0	96.53	-87.15
22317.0	279.0	145.69	-41.89
22317.0	280.0	145.59	-41.18
22317.0	294.0	130.96	-81.75
22317.0	295.0	95.80	-86.90
22317.0	296.0	95.79	-85.42
22317.0	297.0	128.78	-81.57
22317.0	298.0	96.23	-86.71
22327.0	279.0	146.26	-41.67
22327.0	280.0	146.15	-41.08
22327.0	294.0	131.51	-81.57
22327.0	295.0	95.43	-86.47
22327.0	296.0	95.64	-84.95
22327.0	297.0	129.33	-81.31
22327.0	298.0	95.88	-86.31
22337.0	279.0	146.83	-41.46
22337.0	280.0	146.70	-40.82
22337.0	294.0	132.01	-81.42
22337.0	296.0	95.52	-84.50
22337.0	297.0	129.89	-81.10
22337.0	298.0	95.49	-85.93
22347.0	279.0	147.40	-41.32
22347.0	280.0	147.27	-40.56
22347.0	294.0	132.47	-81.29
22347.0	296.0	95.44	-84.06
22347.0	297.0	130.46	-80.94
22347.0	298.0	95.16	-85.54
22357.0	279.0	147.96	-41.23
22357.0	280.0	147.82	-40.33
22357.0	294.0	132.92	-81.23
22357.0	296.0	95.42	-83.64
22357.0	297.0	131.03	-80.82
22357.0	298.0	94.94	-85.11
22367.0	279.0	148.51	-41.11
22367.0	280.0	148.37	-40.15
22367.0	296.0	95.50	-83.24
22367.0	297.0	131.62	-80.83
22367.0	298.0	94.74	-84.70
22377.0	279.0	149.05	-40.97
22377.0	280.0	148.91	-39.99
22377.0	296.0	95.68	-82.83
22377.0	297.0	132.21	-80.97
22377.0	298.0	94.59	-84.34
22387.0	279.0	149.60	-40.82
22387.0	280.0	149.45	-39.85
22387.0	296.0	95.96	-82.42
22387.0	297.0	132.78	-81.23
22387.0	298.0	94.46	-84.02
22397.0	279.0	150.14	-40.64
22397.0	280.0	150.00	-39.74
22397.0	296.0	96.24	-81.99
22397.0	298.0	94.28	-83.73
22407.0	279.0	150.68	-40.43
22407.0	280.0	150.56	-39.67
22407.0	296.0	96.43	-81.51
22407.0	298.0	94.13	-83.39
22417.0	279.0	151.23	-40.24
22417.0	280.0	151.12	-39.60
22417.0	296.0	96.44	-80.98
22417.0	298.0	94.00	-82.98
22427.0	279.0	151.76	-40.06
22427.0	280.0	151.67	-39.44
22427.0	296.0	96.23	-80.45
22427.0	298.0	93.80	-82.52
22437.0	279.0	152.30	-39.91
22437.0	280.0	152.23	-39.20
22437.0	296.0	95.85	-79.92
22437.0	298.0	93.55	-82.02
22447.0	279.0	152.86	-39.76
22447.0	280.0	152.77	-39.07
22447.0	296.0	95.37	-79.42
22447.0	298.0	93.23	-81.53
22457.0	279.0	153.42	-39.61
22457.0	280.0	153.30	-39.02
22457.0	296.0	94.87	-78.93
22457.0	298.0	92.80	-81.07
22467.0	279.0	153.96	-39.47
22467.0	280.0	153.84	-38.93
22467.0	296.0	94.39	-78.43
22467.0	298.0	92.35	-80.60
22477.0	279.0	154.50	-39.32
22477.0	280.0	154.37	-38.78
22477.0	296.0	93.95	-77.91
22477.0	298.0	91.92	-80.12
22487.0	279.0	155.04	-39.19
22487.0	280.0	154.92	-38.60
22487.0	296.0	93.55	-77.37
22487.0	298.0	91.55	-79.60
22497.0	279.0	155.57	-39.06
22497.0	280.0	155.46	-38.40
22497.0	296.0	93.19	-76.82
22497.0	298.0	91.24	-79.06
22507.0	279.0	156.10	-38.94
22507.0	280.0	156.01	-38.23
22507.0	296.0	92.85	-76.26
22507.0	298.0	90.97	-78.52
22517.0	279.0	156.64	-38.80
22517.0	280.0	156.53	-38.12
22517.0	296.0	92.50	-75.71
22517.0	298.0	90.70	-78.00
22527.0	279.0	157.17	-38.65
22527.0	280.0	157.05	-38.05
22527.0	296.0	92.14	-75.16
22527.0	298.0	90.42	-77.50
22537.0	279.0	157.68	-38.49
22537.0	280.0	157.56	-37.98
22537.0	296.0	91.76	-74.62
22537.0	298.0	90.16	-77.00
22547.0	279.0	158.21	-38.31
22547.0	280.0	158.13	-37.87
22547.0	296.0	91.36	-74.08
22547.0	298.0	89.94	-76.47
22557.0	279.0	158.77	-38.15
22557.0	280.0	158.72	-37.61
22557.0	296.0	90.94	-73.54
22557.0	298.0	89.75	-75.97
22567.0	279.0	159.37	-38.06
22567.0	280.0	159.32	-37.29
22567.0	296.0	90.51	-73.03
22567.0	298.0	89.59	-75.46
22577.0	279.0	159.98	-37.97
22577.0	280.0	159.87	-37.09
22577.0	296.0	90.11	-72.53
22577.0	298.0	89.41	-74.94
22587.0	279.0	160.57	-37.85
22587.0	280.0	160.40	-36.92
22587.0	296.0	89.75	-72.01
22587.0	298.0	89.15	-74.42
22597.0	279.0	161.14	-37.72
22597.0	280.0	160.92	-36.78
22597.0	296.0	89.46	-71.51
22597.0	298.0	88.88	-73.88
22607.0	279.0	161.69	-37.57
22607.0	280.0	161.47	-36.62
22607.0	296.0	89.20	-71.00
22607.0	298.0	88.64	-73.36
22617.0	279.0	162.24	-37.42
22617.0	280.0	162.02	-36.46
22617.0	296.0	88.91	-70.50
22617.0	298.0	88.48	-72.85
22627.0	279.0	162.78	-37.27
22627.0	280.0	162.59	-36.31
22627.0	296.0	88.58	-69.99
22627.0	298.0	88.41	-72.36
22637.0	279.0	163.31	-37.11
22637.0	280.0	163.16	-36.18
22637.0	296.0	88.22	-69.50
22637.0	298.0	88.43	-71.90
22647.0	279.0	163.87	-36.98
22647.0	280.0	163.71	-36.06
22647.0	296.0	87.85	-69.00
22647.0	298.0	88.44	-71.48
22657.0	279.0	164.46	-36.84
22657.0	280.0	164.26	-35.94
22657.0	296.0	87.49	-68.52
22657.0	298.0	88.31	-71.09
22667.0	279.0	165.07	-36.71
22667.0	280.0	164.83	-35.82
22667.0	296.0	87.15	-68.05
22667.0	298.0	88.04	-70.71
22677.0	279.0	165.64	-36.60
22677.0	280.0	165.40	-35.76
22677.0	296.0	86.85	-67.59
22677.0	298.0	87.79	-70.31
22687.0	279.0	166.19	-36.46
22687.0	280.0	165.96	-35.73
22687.0	296.0	86.56	-67.12
22687.0	298.0	87.60	-69.87
22697.0	279.0	166.72	-36.30
22697.0	280.0	166.51	-35.71
22697.0	296.0	86.28	-66.68
22697.0	298.0	87.46	-69.42
22707.0	279.0	167.23	-36.13
22707.0	280.0	167.05	-35.66
22707.0	296.0	85.98	-66.25
22707.0	298.0	87.31	-68.99
22717.0	279.0	167.75	-35.93
22717.0	280.0	167.58	-35.54
22717.0	296.0	85.64	-65.82
22717.0	298.0	87.09	-68.60
22727.0	279.0	168.27	-35.73
22727.0	280.0	168.10	-35.33
22727.0	296.0	85.28	-65.41
22727.0	298.0	86.81	-68.20
22737.0	279.0	168.78	-35.58
22737.0	280.0	168.61	-35.05
22737.0	296.0	84.92	-64.98
22747.0	279.0	169.31	-35.44
22747.0	280.0	169.14	-34.74
22757.0	279.0	169.84	-35.30
22757.0	280.0	169.69	-34.48
22767.0	279.0	170.37	-35.15
22767.0	280.0	170.24	-34.35
22777.0	279.0	170.91	-34.98
22777.0	280.0	170.81	-34.34
22787.0	279.0	171.47	-34.78
22787.0	280.0	171.37	-34.27
22797.0	279.0	172.02	-34.59
22797.0	280.0	171.89	-34.12
22807.0	279.0	172.55	-34.42
22807.0	280.0	172.39	-33.90
22817.0	279.0	173.07	-34.25
22817.0	280.0	172.84	-33.59
22827.0	279.0	173.60	-34.07
22827.0	280.0	173.30	-33.30
22837.0	279.0	174.12	-33.89
22837.0	280.0	173.80	-33.08
22847.0	279.0	174.64	-33.69
22847.0	280.0	174.35	-32.86
22857.0	279.0	175.15	-33.50
22857.0	280.0	174.88	-32.67
22867.0	279.0	175.67	-33.29
22867.0	280.0	175.38	-32.53
22877.0	279.0	176.19	-33.07
22877.0	280.0	175.82	-32.44
22887.0	279.0	176.73	-32.85
22887.0	280.0	176.21	-32.37
