13315.0	164.0	124.66	-49.15
13315.0	167.0	104.35	-94.70
13315.0	168.0	92.61	-68.01
13315.0	175.0	81.55	-72.53
13315.0	176.0	81.12	-71.25
13315.0	178.0	81.01	-72.13
13325.0	164.0	124.29	-49.54
13325.0	167.0	103.70	-95.02
13325.0	168.0	92.73	-67.94
13325.0	175.0	82.09	-72.27
13325.0	176.0	81.64	-70.97
13325.0	178.0	81.53	-71.86
13335.0	164.0	123.90	-49.90
13335.0	167.0	103.06	-95.32
13335.0	168.0	92.85	-67.91
13335.0	175.0	82.62	-71.99
13335.0	176.0	82.16	-70.70
13335.0	178.0	82.09	-71.63
13345.0	164.0	123.48	-50.23
13345.0	167.0	102.41	-95.63
13345.0	168.0	92.94	-67.90
13345.0	175.0	83.09	-71.67
13345.0	176.0	82.68	-70.45
13345.0	178.0	82.72	-71.43
13355.0	164.0	123.05	-50.53
13355.0	167.0	101.76	-95.95
13355.0	168.0	93.01	-67.85
13355.0	175.0	83.53	-71.34
13355.0	176.0	83.21	-70.21
13355.0	178.0	83.30	-71.22
13365.0	164.0	122.59	-50.81
13365.0	167.0	101.11	-96.26
13365.0	168.0	93.09	-67.77
13365.0	175.0	83.98	-71.04
13365.0	176.0	83.72	-69.97
13365.0	178.0	83.76	-70.93
13375.0	164.0	122.13	-51.10
13375.0	167.0	100.47	-96.57
13375.0	168.0	93.18	-67.69
13375.0	175.0	84.50	-70.81
13375.0	176.0	84.24	-69.74
13375.0	178.0	84.18	-70.62
13385.0	164.0	121.67	-51.39
13385.0	167.0	99.83	-96.88
13385.0	168.0	93.25	-67.64
13385.0	175.0	85.10	-70.67
13385.0	176.0	84.76	-69.51
13385.0	178.0	84.62	-70.31
13395.0	164.0	121.21	-51.70
13395.0	167.0	99.19	-97.21
13395.0	168.0	93.26	-67.63
13395.0	175.0	85.67	-70.55
13395.0	176.0	85.28	-69.26
13395.0	178.0	85.10	-70.02
13405.0	164.0	120.76	-52.03
13405.0	167.0	98.56	-97.53
13405.0	168.0	93.23	-67.66
13405.0	175.0	86.19	-70.40
13405.0	176.0	85.80	-69.00
13405.0	178.0	85.59	-69.76
13415.0	164.0	120.32	-52.37
13415.0	167.0	97.92	-97.85
13415.0	168.0	93.17	-67.71
13415.0	175.0	86.64	-70.20
13415.0	176.0	86.30	-68.72
13415.0	178.0	86.11	-69.55
13425.0	164.0	119.88	-52.71
13425.0	167.0	97.29	-98.17
13425.0	168.0	93.13	-67.77
13425.0	175.0	87.07	-69.94
13425.0	176.0	86.78	-68.45
13425.0	178.0	86.66	-69.41
13435.0	164.0	119.43	-53.03
13435.0	167.0	96.66	-98.51
13435.0	168.0	93.11	-67.83
13435.0	175.0	87.50	-69.66
13435.0	176.0	87.26	-68.18
13435.0	178.0	87.20	-69.27
13445.0	164.0	118.95	-53.30
13445.0	167.0	96.01	-98.85
13445.0	168.0	93.14	-67.91
13445.0	175.0	87.96	-69.36
13445.0	176.0	87.72	-67.90
13445.0	178.0	87.69	-69.03
13455.0	164.0	118.45	-53.50
13455.0	167.0	95.38	-99.17
13455.0	168.0	93.21	-68.00
13455.0	175.0	88.45	-69.06
13455.0	176.0	88.19	-67.63
13455.0	178.0	88.13	-68.70
13465.0	164.0	117.93	-53.69
13465.0	167.0	94.74	-99.49
13465.0	168.0	93.26	-68.10
13465.0	175.0	88.97	-68.78
13465.0	176.0	88.66	-67.38
13465.0	178.0	88.53	-68.33
13475.0	164.0	117.40	-53.88
13475.0	167.0	94.12	-99.80
13475.0	168.0	93.25	-68.22
13475.0	175.0	89.50	-68.52
13475.0	176.0	89.13	-67.12
13475.0	178.0	88.94	-67.98
13485.0	164.0	116.88	-54.10
13485.0	167.0	93.49	-100.13
13485.0	168.0	93.21	-68.36
13485.0	175.0	90.05	-68.28
13485.0	176.0	89.62	-66.88
13485.0	178.0	89.41	-67.70
13495.0	164.0	116.36	-54.34
13495.0	167.0	92.86	-100.44
13495.0	168.0	93.16	-68.49
13495.0	175.0	90.57	-68.01
13495.0	176.0	90.11	-66.63
13495.0	178.0	89.90	-67.44
13505.0	164.0	115.85	-54.55
13505.0	167.0	92.22	-100.76
13505.0	168.0	93.13	-68.60
13505.0	175.0	91.08	-67.72
13505.0	176.0	90.59	-66.37
13505.0	178.0	90.39	-67.18
13515.0	164.0	115.35	-54.76
13515.0	167.0	91.58	-101.07
13515.0	168.0	93.13	-68.71
13515.0	175.0	91.58	-67.43
13515.0	176.0	91.09	-66.12
13515.0	178.0	90.88	-66.92
13525.0	164.0	114.83	-54.97
13525.0	167.0	90.93	-101.38
13525.0	168.0	93.15	-68.80
13525.0	175.0	92.08	-67.15
13525.0	176.0	91.56	-65.85
13525.0	178.0	91.40	-66.64
13535.0	164.0	114.32	-55.17
13535.0	167.0	90.28	-101.69
13535.0	168.0	93.14	-68.85
13535.0	175.0	92.58	-66.89
13535.0	176.0	92.01	-65.57
13535.0	178.0	91.93	-66.37
13545.0	164.0	113.81	-55.39
13545.0	167.0	89.63	-101.99
13545.0	168.0	93.07	-68.90
13545.0	175.0	93.11	-66.66
13545.0	176.0	92.46	-65.28
13545.0	178.0	92.45	-66.11
13555.0	164.0	113.29	-55.60
13555.0	167.0	88.99	-102.30
13555.0	168.0	92.95	-68.94
13555.0	175.0	93.61	-66.39
13555.0	176.0	92.93	-64.98
13555.0	178.0	92.96	-65.86
13565.0	164.0	112.77	-55.81
13565.0	167.0	88.36	-102.59
13565.0	168.0	92.82	-68.98
13565.0	175.0	94.06	-66.09
13565.0	176.0	93.42	-64.71
13565.0	178.0	93.47	-65.63
13575.0	164.0	112.24	-56.03
13575.0	167.0	87.74	-102.88
13575.0	168.0	92.72	-69.02
13575.0	175.0	94.48	-65.78
13575.0	176.0	93.94	-64.46
13575.0	178.0	94.01	-65.41
13585.0	164.0	111.72	-56.25
13585.0	167.0	87.12	-103.17
13585.0	168.0	92.66	-69.07
13585.0	175.0	94.87	-65.46
13585.0	176.0	94.47	-64.21
13585.0	178.0	94.58	-65.20
13595.0	164.0	111.19	-56.45
13595.0	167.0	86.50	-103.45
13595.0	168.0	92.61	-69.14
13595.0	175.0	95.32	-65.17
13595.0	176.0	95.00	-63.96
13595.0	178.0	95.17	-65.01
13605.0	164.0	110.66	-56.64
13605.0	167.0	85.88	-103.73
13605.0	168.0	92.55	-69.22
13605.0	175.0	95.80	-64.90
13605.0	176.0	95.55	-63.70
13605.0	178.0	95.77	-64.83
13615.0	164.0	110.13	-56.84
13615.0	167.0	85.24	-103.99
13615.0	168.0	92.48	-69.29
13615.0	175.0	96.27	-64.61
13615.0	176.0	96.08	-63.43
13615.0	178.0	96.37	-64.65
13625.0	164.0	109.60	-57.03
13625.0	167.0	84.59	-104.28
13625.0	168.0	92.39	-69.34
13625.0	175.0	96.74	-64.31
13625.0	176.0	96.61	-63.18
13625.0	178.0	96.96	-64.45
13635.0	164.0	109.07	-57.22
13635.0	167.0	83.94	-104.56
13635.0	168.0	92.31	-69.38
13635.0	175.0	97.22	-64.03
13635.0	176.0	97.14	-62.93
13635.0	178.0	97.52	-64.23
13645.0	164.0	108.54	-57.41
13645.0	167.0	83.28	-104.85
13645.0	168.0	92.25	-69.39
13645.0	175.0	97.70	-63.76
13645.0	176.0	97.66	-62.70
13645.0	178.0	98.06	-63.98
13655.0	164.0	108.01	-57.61
13655.0	167.0	82.61	-105.13
13655.0	168.0	92.20	-69.36
13655.0	175.0	98.21	-63.49
13655.0	176.0	98.18	-62.47
13655.0	178.0	98.57	-63.72
13665.0	164.0	107.48	-57.81
13665.0	167.0	81.96	-105.41
13665.0	168.0	92.15	-69.30
13665.0	175.0	98.64	-63.21
13665.0	176.0	98.71	-62.24
13665.0	178.0	99.07	-63.45
13675.0	164.0	106.95	-58.02
13675.0	167.0	81.32	-105.70
13675.0	168.0	92.07	-69.23
13675.0	175.0	99.04	-62.93
13675.0	176.0	99.27	-62.03
13675.0	178.0	99.57	-63.21
13685.0	164.0	106.43	-58.22
13685.0	167.0	80.67	-106.01
13685.0	168.0	92.00	-69.13
13685.0	175.0	99.51	-62.70
13685.0	176.0	99.84	-61.83
13685.0	178.0	100.09	-62.99
13695.0	164.0	105.90	-58.43
13695.0	167.0	80.02	-106.34
13695.0	168.0	91.98	-69.03
13695.0	175.0	100.02	-62.50
13695.0	176.0	100.40	-61.64
13695.0	178.0	100.65	-62.82
13705.0	164.0	105.38	-58.65
13705.0	167.0	79.38	-106.65
13705.0	168.0	92.04	-68.97
13705.0	175.0	100.55	-62.31
13705.0	176.0	100.97	-61.44
13705.0	178.0	101.18	-62.64
13705.0	183.0	74.70	-75.38
13715.0	164.0	104.87	-58.86
13715.0	167.0	78.76	-106.93
13715.0	168.0	92.15	-68.91
13715.0	175.0	101.08	-62.12
13715.0	176.0	101.52	-61.23
13715.0	178.0	101.69	-62.45
13715.0	183.0	75.16	-75.13
13725.0	164.0	104.36	-59.08
13725.0	167.0	78.13	-107.20
13725.0	168.0	92.25	-68.84
13725.0	175.0	101.61	-61.91
13725.0	176.0	102.07	-61.03
13725.0	178.0	102.23	-62.28
13725.0	183.0	75.65	-74.85
13735.0	164.0	103.85	-59.31
13735.0	167.0	77.49	-107.48
13735.0	168.0	92.33	-68.74
13735.0	175.0	102.14	-61.67
13735.0	176.0	102.62	-60.81
13735.0	178.0	102.78	-62.10
13735.0	183.0	76.16	-74.58
13745.0	164.0	103.36	-59.53
13745.0	167.0	76.84	-107.76
13745.0	168.0	92.40	-68.60
13745.0	175.0	102.66	-61.42
13745.0	176.0	103.13	-60.57
13745.0	178.0	103.31	-61.90
13745.0	183.0	76.67	-74.30
13755.0	164.0	102.87	-59.76
13755.0	167.0	76.18	-108.04
13755.0	168.0	92.46	-68.44
13755.0	175.0	103.17	-61.15
13755.0	176.0	103.64	-60.31
13755.0	178.0	103.85	-61.70
13755.0	183.0	77.17	-74.04
13765.0	164.0	102.39	-59.99
13765.0	167.0	75.52	-108.34
13765.0	168.0	92.54	-68.30
13765.0	175.0	103.67	-60.89
13765.0	176.0	104.13	-60.02
13765.0	178.0	104.40	-61.48
13765.0	183.0	77.66	-73.80
13775.0	164.0	101.91	-60.24
13775.0	167.0	74.85	-108.64
13775.0	168.0	92.66	-68.17
13775.0	175.0	104.15	-60.64
13775.0	176.0	104.57	-59.72
13775.0	178.0	104.96	-61.25
13775.0	183.0	78.18	-73.58
13785.0	164.0	101.44	-60.49
13785.0	167.0	74.19	-108.94
13785.0	168.0	92.78	-68.07
13785.0	175.0	104.62	-60.37
13785.0	176.0	105.00	-59.45
13785.0	178.0	105.51	-61.00
13785.0	183.0	78.68	-73.38
13795.0	164.0	100.97	-60.77
13795.0	167.0	73.55	-109.25
13795.0	168.0	92.87	-67.98
13795.0	175.0	105.08	-60.08
13795.0	176.0	105.43	-59.20
13795.0	178.0	106.06	-60.75
13795.0	183.0	79.18	-73.18
13805.0	164.0	100.50	-61.04
13805.0	167.0	72.92	-109.56
13805.0	168.0	92.95	-67.87
13805.0	175.0	105.54	-59.77
13805.0	176.0	105.85	-58.98
13805.0	178.0	106.60	-60.50
13805.0	183.0	79.69	-72.97
13815.0	164.0	100.02	-61.33
13815.0	167.0	72.29	-109.87
13815.0	168.0	93.05	-67.78
13815.0	175.0	105.99	-59.44
13815.0	176.0	106.27	-58.80
13815.0	178.0	107.12	-60.24
13815.0	183.0	80.20	-72.76
13825.0	164.0	99.55	-61.61
13825.0	167.0	71.67	-110.17
13825.0	168.0	93.18	-67.74
13825.0	175.0	106.45	-59.09
13825.0	176.0	106.70	-58.64
13825.0	178.0	107.64	-59.99
13825.0	183.0	80.71	-72.54
13835.0	164.0	99.06	-61.89
13835.0	167.0	71.04	-110.49
13835.0	168.0	93.32	-67.77
13835.0	175.0	106.91	-58.73
13835.0	176.0	107.14	-58.52
13835.0	178.0	108.14	-59.74
13835.0	183.0	81.22	-72.31
13845.0	164.0	98.56	-62.17
13845.0	167.0	70.40	-110.79
13845.0	168.0	93.46	-67.84
13845.0	175.0	107.37	-58.36
13845.0	176.0	107.59	-58.41
13845.0	178.0	108.63	-59.48
13845.0	183.0	81.74	-72.08
13855.0	164.0	98.05	-62.45
13855.0	167.0	69.75	-111.08
13855.0	168.0	93.55	-67.89
13855.0	175.0	107.84	-57.99
13855.0	176.0	108.04	-58.31
13855.0	178.0	109.10	-59.23
13855.0	183.0	82.26	-71.82
13865.0	164.0	97.55	-62.73
13865.0	167.0	69.09	-111.38
13865.0	168.0	93.61	-67.91
13865.0	175.0	108.32	-57.64
13865.0	176.0	108.49	-58.22
13865.0	178.0	109.56	-58.99
13865.0	183.0	82.78	-71.56
13875.0	164.0	97.04	-63.00
13875.0	167.0	68.42	-111.70
13875.0	168.0	93.65	-67.90
13875.0	175.0	108.79	-57.29
13875.0	176.0	108.94	-58.11
13875.0	178.0	110.01	-58.74
13875.0	183.0	83.29	-71.29
13885.0	164.0	96.54	-63.26
13885.0	167.0	67.77	-112.03
13885.0	168.0	93.69	-67.88
13885.0	175.0	109.27	-56.97
13885.0	176.0	109.39	-57.99
13885.0	178.0	110.45	-58.50
13885.0	183.0	83.79	-71.04
13895.0	164.0	96.03	-63.51
13895.0	167.0	67.11	-112.34
13895.0	168.0	93.74	-67.84
13895.0	175.0	109.76	-56.68
13895.0	176.0	109.84	-57.84
13895.0	178.0	110.89	-58.26
13895.0	183.0	84.31	-70.81
13905.0	164.0	95.53	-63.74
13905.0	167.0	66.48	-112.64
13905.0	168.0	93.80	-67.79
13905.0	175.0	110.24	-56.41
13905.0	176.0	110.28	-57.66
13905.0	178.0	111.33	-58.01
13905.0	183.0	84.84	-70.62
13915.0	164.0	95.02	-63.97
13915.0	167.0	65.92	-112.93
13915.0	168.0	93.87	-67.75
13915.0	175.0	110.71	-56.17
13915.0	176.0	110.72	-57.44
13915.0	178.0	111.77	-57.77
13915.0	183.0	85.37	-70.47
13925.0	164.0	94.50	-64.19
13925.0	168.0	93.96	-67.73
13925.0	175.0	111.19	-55.94
13925.0	176.0	111.15	-57.20
13925.0	178.0	112.22	-57.53
13925.0	183.0	85.85	-70.35
13935.0	164.0	93.98	-64.41
13935.0	168.0	94.06	-67.73
13935.0	175.0	111.65	-55.72
13935.0	176.0	111.59	-56.94
13935.0	178.0	112.69	-57.29
13935.0	183.0	86.21	-70.28
13945.0	164.0	93.46	-64.63
13945.0	168.0	94.18	-67.72
13945.0	175.0	112.10	-55.48
13945.0	176.0	112.03	-56.65
13945.0	178.0	113.16	-57.06
13945.0	183.0	86.53	-70.15
13955.0	164.0	92.93	-64.85
13955.0	168.0	94.30	-67.70
13955.0	175.0	112.55	-55.26
13955.0	176.0	112.48	-56.38
13955.0	178.0	113.63	-56.83
13955.0	183.0	86.86	-69.95
13965.0	164.0	92.39	-65.04
13965.0	168.0	94.42	-67.65
13965.0	175.0	113.01	-55.03
13965.0	176.0	112.94	-56.14
13965.0	178.0	114.08	-56.60
13965.0	183.0	87.24	-69.71
13975.0	164.0	91.84	-65.20
13975.0	168.0	94.53	-67.56
13975.0	175.0	113.47	-54.79
13975.0	176.0	113.40	-55.93
13975.0	178.0	114.51	-56.37
13975.0	183.0	87.67	-69.45
13985.0	164.0	91.27	-65.29
13985.0	168.0	94.62	-67.48
13985.0	175.0	113.94	-54.57
13985.0	176.0	113.86	-55.74
13985.0	178.0	114.94	-56.12
13985.0	183.0	88.12	-69.15
13995.0	164.0	90.70	-65.31
13995.0	168.0	94.70	-67.44
13995.0	175.0	114.40	-54.34
13995.0	176.0	114.31	-55.54
13995.0	178.0	115.39	-55.87
13995.0	183.0	88.58	-68.84
14005.0	164.0	90.15	-65.26
14005.0	168.0	94.80	-67.43
14005.0	175.0	114.85	-54.10
14005.0	176.0	114.78	-55.33
14005.0	178.0	115.84	-55.63
14005.0	183.0	89.03	-68.53
14015.0	164.0	89.61	-65.13
14015.0	168.0	94.94	-67.42
14015.0	175.0	115.30	-53.87
14015.0	176.0	115.24	-55.12
14015.0	178.0	116.31	-55.38
14015.0	183.0	89.48	-68.21
14025.0	164.0	89.09	-64.95
14025.0	168.0	95.06	-67.41
14025.0	175.0	115.75	-53.60
14025.0	176.0	115.68	-54.89
14025.0	178.0	116.78	-55.14
14025.0	183.0	89.92	-67.88
14035.0	164.0	88.58	-64.72
14035.0	168.0	95.16	-67.36
14035.0	175.0	116.20	-53.32
14035.0	176.0	116.11	-54.64
14035.0	178.0	117.24	-54.88
14035.0	183.0	90.38	-67.56
14045.0	164.0	88.07	-64.47
14045.0	168.0	95.24	-67.28
14045.0	175.0	116.65	-53.05
14045.0	176.0	116.53	-54.38
14045.0	178.0	117.67	-54.62
14045.0	183.0	90.84	-67.25
14055.0	164.0	87.58	-64.22
14055.0	168.0	95.32	-67.20
14055.0	175.0	117.07	-52.80
14055.0	176.0	116.94	-54.12
14055.0	178.0	118.07	-54.36
14055.0	183.0	91.30	-66.95
14065.0	164.0	87.09	-63.97
14065.0	168.0	95.37	-67.15
14065.0	175.0	117.49	-52.56
14065.0	176.0	117.35	-53.86
14065.0	178.0	118.46	-54.10
14065.0	183.0	91.76	-66.63
14075.0	168.0	95.40	-67.13
14075.0	175.0	117.90	-52.33
14075.0	176.0	117.76	-53.63
14075.0	178.0	118.83	-53.84
14075.0	183.0	92.23	-66.32
14085.0	168.0	95.44	-67.15
14085.0	175.0	118.32	-52.10
14085.0	176.0	118.17	-53.38
14085.0	178.0	119.19	-53.55
14085.0	183.0	92.71	-66.01
14095.0	168.0	95.49	-67.22
14095.0	175.0	118.73	-51.85
14095.0	176.0	118.58	-53.12
14095.0	178.0	119.56	-53.23
14095.0	183.0	93.20	-65.71
14105.0	168.0	95.58	-67.32
14105.0	175.0	119.12	-51.62
14105.0	176.0	118.98	-52.86
14105.0	178.0	119.92	-52.89
14105.0	183.0	93.69	-65.42
14115.0	168.0	95.65	-67.39
14115.0	175.0	119.49	-51.37
14115.0	176.0	119.39	-52.58
14115.0	178.0	120.26	-52.54
14115.0	183.0	94.17	-65.15
14125.0	168.0	95.70	-67.42
14125.0	175.0	119.85	-51.09
14125.0	176.0	119.79	-52.31
14125.0	178.0	120.61	-52.19
14125.0	183.0	94.65	-64.88
14135.0	168.0	95.74	-67.41
14135.0	175.0	120.21	-50.80
14135.0	176.0	120.15	-52.06
14135.0	178.0	121.00	-51.85
14135.0	183.0	95.14	-64.64
14145.0	168.0	95.77	-67.37
14145.0	175.0	120.57	-50.49
14145.0	176.0	120.50	-51.81
14145.0	178.0	121.42	-51.53
14145.0	183.0	95.65	-64.41
14155.0	168.0	95.82	-67.30
14155.0	175.0	120.94	-50.17
14155.0	176.0	120.82	-51.58
14155.0	178.0	121.86	-51.24
14155.0	183.0	96.16	-64.19
14165.0	168.0	95.88	-67.25
14165.0	175.0	121.32	-49.85
14165.0	176.0	121.14	-51.34
14165.0	178.0	122.33	-50.98
14165.0	183.0	96.68	-63.98
14175.0	168.0	95.97	-67.21
14175.0	175.0	121.71	-49.53
14175.0	176.0	121.47	-51.11
14175.0	178.0	122.81	-50.76
14175.0	183.0	97.20	-63.78
14185.0	168.0	96.08	-67.20
14185.0	175.0	122.11	-49.22
14185.0	176.0	121.82	-50.86
14185.0	178.0	123.30	-50.55
14185.0	183.0	97.71	-63.57
14195.0	168.0	96.18	-67.21
14195.0	175.0	122.53	-48.92
14195.0	176.0	122.18	-50.60
14195.0	178.0	123.79	-50.36
14195.0	183.0	98.21	-63.35
14205.0	168.0	96.25	-67.21
14205.0	175.0	122.95	-48.64
14205.0	176.0	122.57	-50.34
14205.0	178.0	124.30	-50.15
14205.0	183.0	98.73	-63.10
14215.0	168.0	96.28	-67.18
14215.0	175.0	123.39	-48.37
14215.0	176.0	122.98	-50.06
14215.0	178.0	124.80	-49.93
14215.0	183.0	99.24	-62.85
14225.0	168.0	96.27	-67.11
14225.0	175.0	123.83	-48.13
14225.0	176.0	123.41	-49.79
14225.0	178.0	125.30	-49.70
14225.0	183.0	99.77	-62.59
14235.0	168.0	96.23	-67.00
14235.0	175.0	124.29	-47.91
14235.0	176.0	123.84	-49.51
14235.0	178.0	125.77	-49.47
14235.0	183.0	100.28	-62.35
14245.0	168.0	96.17	-66.90
14245.0	175.0	124.76	-47.70
14245.0	176.0	124.27	-49.24
14245.0	178.0	126.23	-49.24
14245.0	183.0	100.79	-62.11
14245.0	197.0	133.51	-81.29
14255.0	168.0	96.04	-66.87
14255.0	175.0	125.23	-47.51
14255.0	176.0	124.71	-48.98
14255.0	178.0	126.69	-49.03
14255.0	183.0	101.29	-61.85
14255.0	197.0	133.11	-80.98
14265.0	168.0	95.88	-66.87
14265.0	175.0	125.72	-47.31
14265.0	176.0	125.16	-48.74
14265.0	178.0	127.14	-48.86
14265.0	183.0	101.77	-61.60
14265.0	197.0	132.75	-80.64
14275.0	168.0	95.74	-66.91
14275.0	175.0	126.22	-47.10
14275.0	176.0	125.62	-48.52
14275.0	178.0	127.60	-48.69
14275.0	183.0	102.26	-61.36
14275.0	197.0	132.44	-80.31
14285.0	168.0	95.64	-66.99
14285.0	175.0	126.74	-46.86
14285.0	176.0	126.11	-48.31
14285.0	178.0	128.08	-48.53
14285.0	183.0	102.76	-61.12
14285.0	197.0	132.16	-80.01
14295.0	168.0	95.57	-67.09
14295.0	175.0	127.27	-46.57
14295.0	176.0	126.63	-48.15
14295.0	178.0	128.55	-48.37
14295.0	183.0	103.27	-60.88
14295.0	197.0	131.89	-79.72
14305.0	168.0	95.50	-67.20
14305.0	175.0	127.83	-46.27
14305.0	176.0	127.18	-47.97
14305.0	178.0	129.05	-48.19
14305.0	183.0	103.78	-60.64
14305.0	197.0	131.62	-79.44
14315.0	168.0	95.40	-67.28
14315.0	175.0	128.39	-45.99
14315.0	176.0	127.74	-47.78
14315.0	178.0	129.58	-48.02
14315.0	183.0	104.28	-60.39
14315.0	197.0	131.36	-79.22
14325.0	168.0	95.27	-67.35
14325.0	175.0	128.94	-45.73
14325.0	176.0	128.29	-47.60
14325.0	178.0	130.13	-47.87
14325.0	183.0	104.77	-60.13
14325.0	197.0	131.16	-79.07
14335.0	168.0	95.11	-67.42
14335.0	175.0	129.48	-45.51
14335.0	176.0	128.82	-47.40
14335.0	178.0	130.68	-47.73
14335.0	183.0	105.26	-59.87
14335.0	197.0	131.04	-78.98
14345.0	168.0	94.97	-67.47
14345.0	175.0	130.02	-45.32
14345.0	176.0	129.34	-47.20
14345.0	178.0	131.23	-47.60
14345.0	183.0	105.76	-59.60
14345.0	197.0	130.95	-78.96
14355.0	168.0	94.86	-67.52
14355.0	175.0	130.57	-45.17
14355.0	176.0	129.85	-46.99
14355.0	178.0	131.79	-47.47
14355.0	183.0	106.25	-59.33
14355.0	197.0	130.88	-78.97
14365.0	168.0	94.75	-67.59
14365.0	175.0	131.12	-45.03
14365.0	176.0	130.35	-46.79
14365.0	178.0	132.35	-47.30
14365.0	183.0	106.75	-59.06
14365.0	197.0	130.83	-78.97
14375.0	168.0	94.62	-67.68
14375.0	175.0	131.67	-44.88
14375.0	176.0	130.87	-46.60
14375.0	178.0	132.87	-47.07
14375.0	183.0	107.25	-58.80
14375.0	197.0	130.80	-78.98
14385.0	168.0	94.48	-67.77
14385.0	175.0	132.19	-44.73
14385.0	176.0	131.40	-46.44
14385.0	178.0	133.37	-46.82
14385.0	183.0	107.75	-58.54
14385.0	197.0	130.78	-78.98
14395.0	168.0	94.34	-67.83
14395.0	175.0	132.71	-44.55
14395.0	176.0	131.94	-46.31
14395.0	178.0	133.81	-46.57
14395.0	183.0	108.25	-58.30
14395.0	197.0	130.77	-78.92
14405.0	168.0	94.23	-67.85
14405.0	175.0	133.24	-44.31
14405.0	176.0	132.48	-46.15
14405.0	178.0	134.21	-46.35
14405.0	183.0	108.74	-58.05
14405.0	197.0	130.71	-78.74
14415.0	168.0	94.18	-67.82
14415.0	175.0	133.76	-44.05
14415.0	176.0	133.00	-45.95
14415.0	178.0	134.60	-46.17
14415.0	183.0	109.24	-57.82
14415.0	197.0	130.59	-78.38
14425.0	168.0	94.14	-67.76
14425.0	175.0	134.26	-43.78
14425.0	176.0	133.52	-45.76
14425.0	178.0	135.00	-45.95
14425.0	183.0	109.73	-57.60
14425.0	197.0	130.36	-77.87
14435.0	168.0	94.10	-67.68
14435.0	175.0	134.76	-43.50
14435.0	176.0	134.05	-45.55
14435.0	178.0	135.43	-45.68
14435.0	183.0	110.21	-57.38
14435.0	197.0	130.05	-77.26
14445.0	168.0	94.10	-67.63
14445.0	175.0	135.28	-43.23
14445.0	176.0	134.60	-45.32
14445.0	178.0	135.90	-45.42
14445.0	183.0	110.68	-57.17
14445.0	197.0	129.66	-76.60
14455.0	168.0	94.11	-67.59
14455.0	175.0	135.81	-42.97
14455.0	176.0	135.16	-45.04
14455.0	178.0	136.39	-45.19
14455.0	183.0	111.15	-56.96
14455.0	197.0	129.24	-75.92
14465.0	168.0	94.17	-67.59
14465.0	175.0	136.33	-42.74
14465.0	176.0	135.73	-44.70
14465.0	178.0	136.89	-44.97
14465.0	183.0	111.61	-56.74
14465.0	197.0	128.80	-75.24
14475.0	168.0	94.26	-67.60
14475.0	175.0	136.85	-42.54
14475.0	176.0	136.29	-44.37
14475.0	178.0	137.40	-44.76
14475.0	183.0	112.07	-56.52
14475.0	197.0	128.35	-74.61
14485.0	168.0	94.36	-67.63
14485.0	175.0	137.35	-42.36
14485.0	176.0	136.81	-44.12
14485.0	178.0	137.88	-44.56
14485.0	183.0	112.53	-56.28
14485.0	197.0	127.90	-74.04
14495.0	168.0	94.43	-67.65
14495.0	175.0	137.85	-42.20
14495.0	176.0	137.29	-43.87
14495.0	178.0	138.34	-44.37
14495.0	183.0	112.99	-56.02
14495.0	197.0	127.43	-73.48
14505.0	168.0	94.46	-67.62
14505.0	175.0	138.35	-42.02
14505.0	176.0	137.78	-43.63
14505.0	178.0	138.82	-44.17
14505.0	183.0	113.45	-55.76
14505.0	197.0	126.97	-72.95
14515.0	168.0	94.46	-67.55
14515.0	175.0	138.85	-41.81
14515.0	176.0	138.29	-43.40
14515.0	178.0	139.33	-44.00
14515.0	183.0	113.92	-55.50
14515.0	197.0	126.52	-72.44
14525.0	168.0	94.42	-67.46
14525.0	175.0	139.35	-41.60
14525.0	176.0	138.82	-43.21
14525.0	178.0	139.85	-43.85
14525.0	183.0	114.40	-55.25
14525.0	197.0	126.05	-71.96
14535.0	168.0	94.40	-67.39
14535.0	175.0	139.83	-41.40
14535.0	176.0	139.35	-43.05
14535.0	178.0	140.38	-43.71
14535.0	183.0	114.86	-54.98
14535.0	197.0	125.56	-71.48
14545.0	168.0	94.40	-67.35
14545.0	175.0	140.31	-41.19
14545.0	176.0	139.88	-42.85
14545.0	178.0	140.93	-43.57
14545.0	183.0	115.33	-54.70
14545.0	197.0	125.08	-71.00
14555.0	168.0	94.41	-67.35
14555.0	175.0	140.82	-40.99
14555.0	176.0	140.42	-42.64
14555.0	178.0	141.51	-43.36
14555.0	183.0	115.82	-54.40
14555.0	197.0	124.63	-70.51
14565.0	168.0	94.42	-67.35
14565.0	175.0	141.33	-40.80
14565.0	176.0	140.96	-42.45
14565.0	178.0	142.07	-43.14
14565.0	183.0	116.28	-54.09
14565.0	197.0	124.18	-70.00
14575.0	168.0	94.42	-67.35
14575.0	175.0	141.85	-40.64
14575.0	176.0	141.50	-42.25
14575.0	178.0	142.63	-42.95
14575.0	183.0	116.74	-53.79
14575.0	197.0	123.75	-69.49
14585.0	168.0	94.41	-67.34
14585.0	175.0	142.40	-40.46
14585.0	176.0	142.04	-42.07
14585.0	178.0	143.16	-42.78
14585.0	183.0	117.20	-53.49
14585.0	197.0	123.31	-69.00
14595.0	168.0	94.41	-67.33
14595.0	175.0	142.96	-40.26
14595.0	176.0	142.54	-41.89
14595.0	178.0	143.68	-42.61
14595.0	183.0	117.65	-53.18
14595.0	197.0	122.89	-68.53
14605.0	168.0	94.41	-67.33
14605.0	175.0	143.54	-40.08
14605.0	176.0	143.05	-41.70
14605.0	178.0	144.23	-42.44
14605.0	183.0	118.10	-52.87
14605.0	197.0	122.45	-68.08
14615.0	168.0	94.40	-67.33
14615.0	175.0	144.11	-39.92
14615.0	176.0	143.57	-41.54
14615.0	178.0	144.77	-42.27
14615.0	183.0	118.55	-52.54
14615.0	197.0	121.97	-67.63
14625.0	168.0	94.41	-67.33
14625.0	175.0	144.66	-39.78
14625.0	176.0	144.08	-41.38
14625.0	178.0	145.30	-42.12
14625.0	183.0	118.98	-52.20
14625.0	197.0	121.46	-67.21
14635.0	168.0	94.41	-67.33
14635.0	175.0	145.21	-39.65
14635.0	176.0	144.61	-41.22
14635.0	178.0	145.81	-41.97
14635.0	183.0	119.42	-51.84
14635.0	197.0	120.94	-66.83
14645.0	168.0	94.40	-67.33
14645.0	175.0	145.76	-39.49
14645.0	176.0	145.15	-41.07
14645.0	178.0	146.31	-41.83
14645.0	183.0	119.87	-51.45
14645.0	197.0	120.41	-66.48
14655.0	168.0	94.38	-67.38
14655.0	175.0	146.29	-39.32
14655.0	176.0	145.70	-40.90
14655.0	178.0	146.81	-41.69
14655.0	183.0	120.33	-51.07
14655.0	197.0	119.86	-66.17
14665.0	168.0	94.34	-67.47
14665.0	175.0	146.83	-39.14
14665.0	176.0	146.26	-40.75
14665.0	178.0	147.32	-41.56
14665.0	183.0	120.80	-50.69
14665.0	197.0	119.31	-65.89
14675.0	168.0	94.30	-67.54
14675.0	175.0	147.36	-38.97
14675.0	176.0	146.78	-40.63
14675.0	178.0	147.82	-41.44
14675.0	183.0	121.27	-50.33
14675.0	197.0	118.74	-65.64
14685.0	168.0	94.26	-67.55
14685.0	175.0	147.89	-38.81
14685.0	176.0	147.31	-40.49
14685.0	178.0	148.33	-41.32
14685.0	183.0	121.76	-49.98
14685.0	197.0	118.14	-65.44
14695.0	168.0	94.21	-67.50
14695.0	175.0	148.42	-38.67
14695.0	176.0	147.84	-40.35
14695.0	178.0	148.85	-41.19
14695.0	183.0	122.24	-49.65
14695.0	197.0	117.52	-65.27
14705.0	168.0	94.16	-67.41
14705.0	175.0	148.97	-38.54
14705.0	176.0	148.37	-40.20
14705.0	178.0	149.40	-41.05
14705.0	183.0	122.71	-49.34
14705.0	197.0	116.91	-65.11
14715.0	168.0	94.11	-67.33
14715.0	175.0	149.53	-38.41
14715.0	176.0	148.89	-40.06
14715.0	178.0	149.95	-40.91
14715.0	183.0	123.17	-49.03
14715.0	197.0	116.34	-64.97
14725.0	168.0	94.08	-67.24
14725.0	175.0	150.09	-38.31
14725.0	176.0	149.40	-39.93
14725.0	178.0	150.51	-40.77
14725.0	183.0	123.62	-48.73
14725.0	197.0	115.77	-64.85
14735.0	168.0	94.10	-67.15
14735.0	175.0	150.64	-38.20
14735.0	176.0	149.91	-39.79
14735.0	178.0	151.07	-40.63
14735.0	183.0	124.05	-48.42
14735.0	197.0	115.18	-64.72
14745.0	168.0	94.13	-67.06
14745.0	175.0	151.19	-38.09
14745.0	176.0	150.42	-39.64
14745.0	178.0	151.62	-40.48
14745.0	183.0	124.47	-48.09
14745.0	197.0	114.60	-64.61
14755.0	168.0	94.10	-67.00
14755.0	175.0	151.72	-37.98
14755.0	176.0	150.92	-39.50
14755.0	178.0	152.19	-40.32
14755.0	183.0	124.87	-47.76
14755.0	197.0	114.01	-64.48
14765.0	168.0	94.01	-66.98
14765.0	175.0	152.23	-37.87
14765.0	176.0	151.40	-39.36
14765.0	178.0	152.74	-40.18
14765.0	183.0	125.25	-47.41
14765.0	197.0	113.41	-64.40
14775.0	168.0	93.89	-67.01
14775.0	175.0	152.73	-37.78
14775.0	176.0	151.90	-39.24
14775.0	178.0	153.28	-40.04
14775.0	183.0	125.64	-47.05
14775.0	197.0	112.81	-64.35
14785.0	168.0	93.80	-67.08
14785.0	175.0	153.22	-37.70
14785.0	176.0	152.40	-39.13
14785.0	178.0	153.82	-39.91
14785.0	183.0	126.04	-46.68
14785.0	197.0	112.21	-64.32
14795.0	168.0	93.74	-67.17
14795.0	175.0	153.71	-37.58
14795.0	176.0	152.92	-39.03
14795.0	178.0	154.33	-39.77
14795.0	183.0	126.46	-46.33
14795.0	197.0	111.62	-64.31
14805.0	168.0	93.68	-67.26
14805.0	175.0	154.22	-37.42
14805.0	176.0	153.42	-38.95
14805.0	178.0	154.81	-39.63
14805.0	183.0	126.93	-46.01
14805.0	197.0	111.03	-64.33
14815.0	168.0	93.66	-67.32
14815.0	175.0	154.75	-37.25
14815.0	176.0	153.93	-38.87
14815.0	178.0	155.30	-39.48
14815.0	183.0	127.43	-45.74
14815.0	197.0	110.44	-64.37
14825.0	168.0	93.69	-67.32
14825.0	175.0	155.28	-37.06
14825.0	176.0	154.44	-38.80
14825.0	178.0	155.79	-39.35
14825.0	183.0	127.97	-45.52
14825.0	197.0	109.86	-64.42
14835.0	168.0	93.72	-67.28
14835.0	175.0	155.82	-36.85
14835.0	176.0	154.94	-38.75
14835.0	178.0	156.28	-39.22
14835.0	183.0	128.53	-45.32
14835.0	197.0	109.30	-64.48
14845.0	168.0	93.74	-67.22
14845.0	175.0	156.37	-36.63
14845.0	176.0	155.46	-38.69
14845.0	178.0	156.78	-39.10
14845.0	183.0	129.10	-45.12
14845.0	197.0	108.75	-64.52
14855.0	168.0	93.75	-67.17
14855.0	175.0	156.91	-36.43
14855.0	176.0	155.99	-38.59
14855.0	178.0	157.30	-38.99
14855.0	183.0	129.65	-44.94
14855.0	197.0	108.20	-64.56
14865.0	168.0	93.78	-67.13
14865.0	175.0	157.44	-36.27
14865.0	176.0	156.52	-38.46
14865.0	178.0	157.81	-38.88
14865.0	183.0	130.15	-44.76
14865.0	197.0	107.64	-64.58
14875.0	168.0	93.80	-67.11
14875.0	175.0	157.97	-36.16
14875.0	176.0	157.05	-38.32
14875.0	178.0	158.34	-38.76
14875.0	183.0	130.65	-44.58
14875.0	197.0	107.10	-64.57
14885.0	168.0	93.80	-67.10
14885.0	175.0	158.49	-36.08
14885.0	176.0	157.59	-38.20
14885.0	178.0	158.88	-38.64
14885.0	183.0	131.15	-44.38
14885.0	197.0	106.53	-64.52
14895.0	168.0	93.76	-67.13
14895.0	175.0	159.01	-36.04
14895.0	176.0	158.14	-38.07
14895.0	178.0	159.42	-38.49
14895.0	183.0	131.66	-44.17
14895.0	197.0	105.98	-64.47
14905.0	168.0	93.68	-67.19
14905.0	175.0	159.54	-36.01
14905.0	176.0	158.69	-37.91
14905.0	178.0	159.97	-38.33
14905.0	183.0	132.17	-43.97
14905.0	197.0	105.44	-64.44
14915.0	168.0	93.59	-67.26
14915.0	175.0	160.07	-35.98
14915.0	176.0	159.24	-37.74
14915.0	178.0	160.50	-38.21
14915.0	183.0	132.68	-43.77
14915.0	197.0	104.89	-64.43
14925.0	168.0	93.54	-67.33
14925.0	175.0	160.60	-35.92
14925.0	176.0	159.78	-37.59
14925.0	178.0	161.01	-38.11
14925.0	183.0	133.20	-43.58
14925.0	197.0	104.37	-64.44
14935.0	168.0	93.55	-67.35
14935.0	175.0	161.14	-35.84
14935.0	176.0	160.30	-37.45
14935.0	178.0	161.53	-38.04
14935.0	183.0	133.75	-43.42
14935.0	197.0	103.88	-64.46
14945.0	168.0	93.60	-67.35
14945.0	175.0	161.69	-35.77
14945.0	176.0	160.83	-37.31
14945.0	178.0	162.04	-37.99
14945.0	183.0	134.29	-43.28
14945.0	197.0	103.40	-64.48
14955.0	168.0	93.63	-67.34
14955.0	175.0	162.24	-35.70
14955.0	176.0	161.36	-37.15
14955.0	178.0	162.57	-37.93
14955.0	183.0	134.82	-43.15
14955.0	197.0	102.95	-64.54
14965.0	168.0	93.63	-67.35
14965.0	175.0	162.79	-35.64
14965.0	176.0	161.89	-37.01
14965.0	178.0	163.09	-37.86
14965.0	183.0	135.38	-43.02
14965.0	197.0	102.55	-64.66
14975.0	168.0	93.61	-67.39
14975.0	175.0	163.33	-35.61
14975.0	176.0	162.42	-36.89
14975.0	178.0	163.60	-37.78
14975.0	183.0	135.93	-42.88
14975.0	197.0	102.17	-64.79
14985.0	168.0	93.62	-67.48
14985.0	175.0	163.86	-35.58
14985.0	176.0	162.96	-36.82
14985.0	178.0	164.11	-37.68
14985.0	183.0	136.51	-42.75
14985.0	197.0	101.79	-64.92
14995.0	168.0	93.68	-67.59
14995.0	175.0	164.37	-35.56
14995.0	176.0	163.46	-36.80
14995.0	178.0	164.62	-37.53
14995.0	183.0	137.05	-42.63
14995.0	197.0	101.44	-65.04
15005.0	168.0	93.75	-67.67
15005.0	175.0	164.88	-35.55
15005.0	176.0	163.95	-36.74
15005.0	178.0	165.12	-37.37
15005.0	183.0	137.55	-42.52
15005.0	197.0	101.11	-65.15
15015.0	168.0	93.75	-67.73
15015.0	175.0	165.37	-35.56
15015.0	176.0	164.45	-36.66
15015.0	178.0	165.60	-37.20
15015.0	183.0	138.06	-42.41
15025.0	168.0	93.69	-67.80
15025.0	175.0	165.87	-35.55
15025.0	176.0	164.97	-36.56
15025.0	178.0	166.08	-37.00
15025.0	183.0	138.56	-42.27
15035.0	168.0	93.61	-67.87
15035.0	175.0	166.38	-35.51
15035.0	176.0	165.49	-36.44
15035.0	178.0	166.56	-36.84
15035.0	183.0	139.09	-42.11
15045.0	168.0	93.55	-67.91
15045.0	175.0	166.91	-35.41
15045.0	176.0	165.99	-36.32
15045.0	178.0	167.03	-36.69
15045.0	183.0	139.64	-41.93
15055.0	168.0	93.53	-67.91
15055.0	175.0	167.45	-35.24
15055.0	176.0	166.46	-36.18
15055.0	178.0	167.55	-36.54
15055.0	183.0	140.18	-41.75
15065.0	168.0	93.52	-67.91
15065.0	175.0	168.00	-35.04
15065.0	176.0	166.93	-36.01
15065.0	178.0	168.06	-36.41
15065.0	183.0	140.73	-41.56
15075.0	168.0	93.51	-67.91
15075.0	175.0	168.55	-34.84
15075.0	176.0	167.40	-35.84
15075.0	178.0	168.58	-36.28
15075.0	183.0	141.29	-41.37
15085.0	168.0	93.49	-67.91
15085.0	175.0	169.09	-34.66
15085.0	176.0	167.89	-35.66
15085.0	178.0	169.10	-36.10
15085.0	183.0	141.81	-41.18
15095.0	168.0	93.49	-67.91
15095.0	175.0	169.61	-34.51
15095.0	176.0	168.38	-35.46
15095.0	178.0	169.60	-35.92
15095.0	183.0	142.36	-40.98
15105.0	168.0	93.48	-67.91
15105.0	175.0	170.11	-34.35
15105.0	176.0	168.90	-35.26
15105.0	178.0	170.08	-35.76
15105.0	183.0	142.93	-40.83
15115.0	168.0	93.47	-67.92
15115.0	175.0	170.60	-34.18
15115.0	176.0	169.41	-35.08
15115.0	178.0	170.58	-35.58
15115.0	183.0	143.47	-40.71
15125.0	168.0	93.48	-67.91
15125.0	175.0	171.08	-34.01
15125.0	176.0	169.88	-34.92
15125.0	178.0	171.06	-35.43
15125.0	183.0	144.03	-40.61
15135.0	168.0	93.49	-67.89
15135.0	175.0	171.55	-33.81
15135.0	176.0	170.35	-34.77
15135.0	178.0	171.50	-35.29
15135.0	183.0	144.57	-40.49
15145.0	168.0	93.50	-67.88
15145.0	175.0	172.03	-33.62
15145.0	176.0	170.83	-34.63
15145.0	178.0	171.95	-35.13
15145.0	183.0	145.10	-40.35
15155.0	168.0	93.50	-67.88
15155.0	175.0	172.51	-33.43
15155.0	176.0	171.31	-34.48
15155.0	178.0	172.42	-34.93
15155.0	183.0	145.66	-40.20
15165.0	168.0	93.49	-67.89
15165.0	175.0	173.01	-33.23
15165.0	176.0	171.81	-34.32
15165.0	178.0	172.91	-34.74
15165.0	183.0	146.20	-40.03
15175.0	168.0	93.48	-67.89
15175.0	175.0	173.51	-33.04
15175.0	176.0	172.30	-34.15
15175.0	178.0	173.40	-34.54
15175.0	183.0	146.74	-39.89
15185.0	168.0	93.48	-67.89
15185.0	175.0	174.00	-32.87
15185.0	176.0	172.80	-33.99
15185.0	178.0	173.89	-34.35
15185.0	183.0	147.28	-39.78
15195.0	168.0	93.48	-67.89
15195.0	175.0	174.53	-32.69
15195.0	176.0	173.29	-33.83
15195.0	178.0	174.37	-34.17
15195.0	183.0	147.81	-39.66
15205.0	168.0	93.47	-67.90
15205.0	176.0	173.77	-33.65
15205.0	178.0	174.84	-34.00
15205.0	183.0	148.35	-39.55
15215.0	168.0	93.48	-67.90
15215.0	176.0	174.28	-33.47
15215.0	178.0	175.34	-33.78
15215.0	183.0	148.90	-39.44
15225.0	168.0	93.49	-67.91
15225.0	176.0	174.80	-33.26
15225.0	183.0	149.45	-39.31
15235.0	168.0	93.50	-67.92
15235.0	183.0	150.01	-39.19
15245.0	168.0	93.50	-67.92
15245.0	183.0	150.54	-39.04
15255.0	168.0	93.50	-67.91
15255.0	183.0	151.07	-38.88
15265.0	168.0	93.49	-67.90
15265.0	183.0	151.64	-38.73
15275.0	168.0	93.47	-67.89
15275.0	183.0	152.19	-38.58
15285.0	168.0	93.46	-67.89
15285.0	183.0	152.71	-38.44
15295.0	168.0	93.47	-67.90
15295.0	183.0	153.21	-38.30
15305.0	168.0	93.48	-67.91
15305.0	183.0	153.68	-38.17
15315.0	168.0	93.48	-67.91
15315.0	183.0	154.19	-38.05
15325.0	168.0	93.47	-67.92
15325.0	183.0	154.73	-37.90
15335.0	168.0	93.46	-67.92
15335.0	183.0	155.27	-37.72
15345.0	168.0	93.46	-67.93
15345.0	183.0	155.83	-37.56
15355.0	168.0	93.47	-67.92
15355.0	183.0	156.38	-37.39
15365.0	168.0	93.49	-67.90
15365.0	183.0	156.91	-37.20
15375.0	168.0	93.49	-67.89
15375.0	183.0	157.44	-37.05
15385.0	168.0	93.48	-67.89
15385.0	183.0	157.97	-36.93
15395.0	168.0	93.47	-67.89
15395.0	183.0	158.49	-36.82
15405.0	168.0	93.46	-67.90
15405.0	183.0	159.03	-36.71
15415.0	168.0	93.46	-67.90
15415.0	183.0	159.58	-36.61
15425.0	168.0	93.46	-67.92
15425.0	183.0	160.14	-36.53
15435.0	168.0	93.46	-67.93
15435.0	183.0	160.70	-36.47
15445.0	168.0	93.46	-67.92
15445.0	183.0	161.25	-36.39
15455.0	168.0	93.45	-67.91
15455.0	183.0	161.82	-36.32
15465.0	168.0	93.45	-67.90
15465.0	183.0	162.35	-36.26
15475.0	168.0	93.44	-67.90
15475.0	183.0	162.87	-36.18
15485.0	168.0	93.44	-67.90
15485.0	183.0	163.41	-36.09
15495.0	168.0	93.44	-67.91
15495.0	183.0	163.94	-36.01
15505.0	168.0	93.45	-67.92
15505.0	183.0	164.48	-35.94
15515.0	168.0	93.45	-67.92
15515.0	183.0	165.01	-35.86
15525.0	168.0	93.45	-67.93
15525.0	183.0	165.54	-35.78
15535.0	168.0	93.44	-67.94
15535.0	183.0	166.08	-35.68
15545.0	168.0	93.43	-67.94
15545.0	183.0	166.62	-35.60
15555.0	168.0	93.43	-67.94
15555.0	183.0	167.13	-35.54
15565.0	168.0	93.45	-67.92
15565.0	183.0	167.62	-35.47
15575.0	168.0	93.47	-67.90
15575.0	183.0	168.13	-35.39
15585.0	168.0	93.51	-67.87
15585.0	183.0	168.67	-35.29
15595.0	168.0	93.53	-67.84
15595.0	183.0	169.26	-35.15
15605.0	168.0	93.54	-67.84
15605.0	183.0	169.82	-34.99
15615.0	168.0	93.53	-67.86
15615.0	183.0	170.34	-34.79
15625.0	168.0	93.54	-67.86
15625.0	183.0	170.83	-34.57
15635.0	168.0	93.55	-67.84
15635.0	183.0	171.33	-34.33
15645.0	168.0	93.56	-67.78
15645.0	183.0	171.82	-34.09
15655.0	168.0	93.57	-67.69
15655.0	183.0	172.33	-33.87
15665.0	168.0	93.59	-67.63
15665.0	183.0	172.84	-33.65
15675.0	168.0	93.62	-67.60
15675.0	183.0	173.33	-33.42
15685.0	168.0	93.64	-67.60
15685.0	183.0	173.83	-33.19
15695.0	168.0	93.65	-67.64
15695.0	183.0	174.34	-32.98
15705.0	168.0	93.66	-67.71
15705.0	183.0	174.82	-32.80
15715.0	168.0	93.68	-67.78
15715.0	183.0	175.25	-32.68
15725.0	168.0	93.73	-67.80
15735.0	168.0	93.80	-67.77
15745.0	168.0	93.88	-67.72
15755.0	168.0	93.93	-67.66
15765.0	168.0	93.95	-67.62
15775.0	168.0	93.94	-67.63
15785.0	168.0	93.94	-67.69
15795.0	168.0	93.94	-67.79
15805.0	168.0	93.93	-67.88
15815.0	168.0	93.90	-67.91
15825.0	168.0	93.87	-67.89
15835.0	168.0	93.88	-67.80
15845.0	168.0	93.94	-67.69
15855.0	168.0	94.04	-67.59
15865.0	168.0	94.18	-67.50
15875.0	168.0	94.31	-67.41
15885.0	168.0	94.38	-67.30
15895.0	168.0	94.35	-67.11
15905.0	168.0	94.30	-66.89
15915.0	168.0	94.28	-66.67
15925.0	168.0	94.28	-66.44
15935.0	168.0	94.27	-66.23
15945.0	168.0	94.23	-66.01
15955.0	168.0	94.16	-65.80
15965.0	168.0	94.10	-65.62
15975.0	168.0	94.03	-65.46
15985.0	168.0	93.95	-65.32
15995.0	168.0	93.85	-65.27
16005.0	168.0	93.72	-65.31
16015.0	168.0	93.58	-65.41
16025.0	168.0	93.45	-65.51
16035.0	168.0	93.31	-65.62
16045.0	168.0	93.17	-65.74
16055.0	168.0	93.09	-65.87
16065.0	168.0	93.11	-66.00
16075.0	168.0	93.16	-66.13
16085.0	168.0	93.16	-66.27
16095.0	168.0	93.12	-66.45
16105.0	168.0	93.08	-66.63
16115.0	168.0	93.06	-66.78
16125.0	168.0	93.11	-66.90
16135.0	168.0	93.18	-66.99
16145.0	168.0	93.22	-67.05
16155.0	168.0	93.22	-67.09
16165.0	168.0	93.18	-67.13
16175.0	168.0	93.15	-67.15
16185.0	168.0	93.12	-67.15
16195.0	168.0	93.11	-67.14
16205.0	168.0	93.12	-67.13
16215.0	168.0	93.14	-67.13
16225.0	168.0	93.15	-67.14
16235.0	168.0	93.15	-67.14
16245.0	168.0	93.15	-67.14
16255.0	168.0	93.14	-67.14
16265.0	168.0	93.14	-67.13
16275.0	168.0	93.14	-67.14
16285.0	168.0	93.14	-67.14
16295.0	168.0	93.14	-67.15
16305.0	168.0	93.13	-67.15
16315.0	168.0	93.12	-67.15
16325.0	168.0	93.11	-67.15
16335.0	168.0	93.10	-67.14
16345.0	168.0	93.10	-67.13
16355.0	168.0	93.12	-67.13
16365.0	168.0	93.12	-67.14
16375.0	168.0	93.11	-67.15
16385.0	168.0	93.07	-67.17
16395.0	168.0	93.05	-67.18
16405.0	168.0	93.09	-67.16
16415.0	168.0	93.17	-67.12
16425.0	168.0	93.25	-67.10
16435.0	168.0	93.29	-67.09
16445.0	168.0	93.30	-67.09
16455.0	168.0	93.29	-67.09
16465.0	168.0	93.29	-67.09
16475.0	168.0	93.30	-67.09
16485.0	168.0	93.30	-67.09
16495.0	168.0	93.30	-67.09
16505.0	168.0	93.31	-67.09
16505.0	226.0	103.49	-92.17
16515.0	168.0	93.31	-67.09
16515.0	226.0	103.21	-92.59
16525.0	168.0	93.31	-67.08
16525.0	226.0	102.88	-92.97
16535.0	168.0	93.30	-67.08
16535.0	226.0	102.53	-93.30
16535.0	227.0	103.15	-92.41
16545.0	168.0	93.30	-67.08
16545.0	226.0	102.15	-93.59
16545.0	227.0	102.85	-92.78
16545.0	228.0	114.35	-86.33
16555.0	168.0	93.31	-67.08
16555.0	226.0	101.71	-93.86
16555.0	227.0	102.45	-93.10
16555.0	228.0	114.27	-86.42
16565.0	168.0	93.31	-67.08
16565.0	226.0	101.23	-94.08
16565.0	227.0	101.99	-93.41
16565.0	228.0	114.23	-86.45
16575.0	168.0	93.31	-67.08
16575.0	226.0	100.76	-94.23
16575.0	227.0	101.49	-93.71
16575.0	228.0	114.24	-86.45
16585.0	168.0	93.31	-67.08
16585.0	226.0	100.31	-94.35
16585.0	227.0	101.07	-93.90
16585.0	228.0	114.26	-86.45
16585.0	229.0	109.36	-89.08
16595.0	168.0	93.31	-67.08
16595.0	226.0	99.88	-94.46
16595.0	227.0	100.70	-94.01
16595.0	228.0	114.28	-86.47
16595.0	229.0	109.74	-89.36
16605.0	168.0	93.31	-67.08
16605.0	226.0	99.45	-94.54
16605.0	227.0	100.30	-94.10
16605.0	228.0	114.30	-86.49
16605.0	229.0	110.13	-89.53
16605.0	230.0	103.55	-92.10
16615.0	168.0	93.32	-67.08
16615.0	226.0	99.00	-94.55
16615.0	227.0	99.90	-94.19
16615.0	228.0	114.32	-86.52
16615.0	229.0	110.53	-89.60
16615.0	230.0	103.45	-92.52
16625.0	168.0	93.33	-67.09
16625.0	226.0	98.51	-94.45
16625.0	227.0	99.47	-94.26
16625.0	228.0	114.33	-86.53
16625.0	229.0	110.95	-89.64
16625.0	230.0	103.26	-92.94
16635.0	168.0	93.34	-67.09
16635.0	226.0	98.07	-94.25
16635.0	227.0	99.02	-94.27
16635.0	228.0	114.33	-86.54
16635.0	229.0	111.39	-89.66
16635.0	230.0	103.00	-93.32
16645.0	168.0	93.36	-67.12
16645.0	226.0	97.69	-94.00
16645.0	227.0	98.57	-94.19
16645.0	228.0	114.32	-86.54
16645.0	229.0	111.85	-89.66
16645.0	230.0	102.68	-93.65
16655.0	168.0	93.38	-67.18
16655.0	226.0	97.34	-93.72
16655.0	227.0	98.19	-93.95
16655.0	228.0	114.32	-86.54
16655.0	229.0	112.31	-89.69
16655.0	230.0	102.32	-93.93
16665.0	168.0	93.41	-67.28
16665.0	226.0	96.98	-93.40
16665.0	227.0	97.88	-93.56
16665.0	228.0	114.33	-86.54
16665.0	229.0	112.78	-89.74
16665.0	230.0	101.90	-94.18
16675.0	168.0	93.44	-67.39
16675.0	226.0	96.64	-93.01
16675.0	227.0	97.61	-93.08
16675.0	228.0	114.34	-86.54
16675.0	229.0	113.25	-89.81
16675.0	230.0	101.43	-94.37
16685.0	168.0	93.47	-67.45
16685.0	226.0	96.32	-92.54
16685.0	227.0	97.34	-92.54
16685.0	228.0	114.34	-86.55
16685.0	229.0	113.72	-89.84
16685.0	230.0	100.92	-94.52
16695.0	168.0	93.53	-67.45
16695.0	226.0	96.06	-92.01
16695.0	227.0	97.03	-91.96
16695.0	228.0	114.35	-86.56
16695.0	229.0	114.18	-89.82
16695.0	230.0	100.44	-94.62
16695.0	232.0	103.80	-92.36
16705.0	168.0	93.62	-67.38
16705.0	226.0	95.83	-91.43
16705.0	227.0	96.66	-91.36
16705.0	228.0	114.35	-86.57
16705.0	229.0	114.63	-89.73
16705.0	230.0	99.99	-94.72
16705.0	232.0	103.73	-92.69
16715.0	168.0	93.70	-67.29
16715.0	226.0	95.62	-90.86
16715.0	227.0	96.29	-90.78
16715.0	228.0	114.35	-86.57
16715.0	229.0	115.08	-89.56
16715.0	230.0	99.53	-94.81
16715.0	232.0	103.59	-93.02
16715.0	233.0	66.09	-113.30
16725.0	168.0	93.74	-67.22
16725.0	226.0	95.41	-90.29
16725.0	227.0	96.01	-90.21
16725.0	228.0	114.35	-86.57
16725.0	229.0	115.52	-89.37
16725.0	230.0	99.10	-94.84
16725.0	232.0	103.40	-93.35
16725.0	233.0	66.66	-112.92
16725.0	234.0	106.39	-92.51
16735.0	168.0	93.75	-67.19
16735.0	226.0	95.21	-89.73
16735.0	227.0	95.93	-89.61
16735.0	228.0	114.36	-86.56
16735.0	229.0	115.92	-89.13
16735.0	230.0	98.67	-94.79
16735.0	232.0	103.13	-93.64
16735.0	233.0	67.27	-112.53
16735.0	234.0	106.80	-92.35
16745.0	168.0	93.75	-67.17
16745.0	226.0	95.01	-89.21
16745.0	227.0	95.91	-89.00
16745.0	228.0	114.37	-86.55
16745.0	229.0	116.32	-88.86
16745.0	230.0	98.28	-94.66
16745.0	232.0	102.78	-93.90
16745.0	233.0	67.89	-112.13
16745.0	234.0	107.19	-92.08
16745.0	236.0	102.46	-93.01
16755.0	168.0	93.74	-67.17
16755.0	226.0	94.79	-88.68
16755.0	227.0	95.81	-88.39
16755.0	228.0	114.37	-86.54
16755.0	229.0	116.72	-88.62
16755.0	230.0	97.93	-94.48
16755.0	232.0	102.39	-94.16
16755.0	233.0	68.52	-111.76
16755.0	234.0	107.58	-91.71
16755.0	236.0	102.11	-93.23
16765.0	168.0	93.69	-67.16
16765.0	226.0	94.55	-88.17
16765.0	227.0	95.68	-87.78
16765.0	228.0	114.36	-86.55
16765.0	229.0	117.14	-88.41
16765.0	230.0	97.60	-94.29
16765.0	232.0	101.96	-94.45
16765.0	233.0	69.15	-111.42
16765.0	234.0	107.98	-91.26
16765.0	236.0	101.75	-93.43
16775.0	168.0	93.61	-67.15
16775.0	226.0	94.33	-87.64
16775.0	227.0	95.54	-87.19
16775.0	228.0	114.34	-86.58
16775.0	229.0	117.59	-88.19
16775.0	230.0	97.29	-94.09
16775.0	232.0	101.53	-94.69
16775.0	233.0	69.77	-111.10
16775.0	234.0	108.37	-90.91
16775.0	236.0	101.36	-93.61
16785.0	168.0	93.50	-67.14
16785.0	226.0	94.14	-87.11
16785.0	227.0	95.41	-86.62
16785.0	228.0	114.32	-86.61
16785.0	229.0	118.03	-87.97
16785.0	230.0	97.02	-93.86
16785.0	232.0	101.07	-94.91
16785.0	233.0	70.40	-110.79
16785.0	234.0	108.78	-90.66
16785.0	236.0	100.95	-93.77
16795.0	168.0	93.44	-67.14
16795.0	226.0	93.97	-86.61
16795.0	227.0	95.26	-86.09
16795.0	228.0	114.31	-86.63
16795.0	229.0	118.46	-87.75
16795.0	230.0	96.81	-93.60
16795.0	232.0	100.57	-95.10
16795.0	233.0	71.03	-110.49
16795.0	234.0	109.21	-90.46
16795.0	236.0	100.53	-93.90
16805.0	168.0	93.46	-67.15
16805.0	226.0	93.82	-86.14
16805.0	227.0	95.11	-85.58
16805.0	228.0	114.31	-86.62
16805.0	229.0	118.90	-87.51
16805.0	230.0	96.64	-93.32
16805.0	232.0	100.06	-95.19
16805.0	233.0	71.65	-110.21
16805.0	234.0	109.63	-90.29
16805.0	236.0	100.14	-94.02
16805.0	238.0	103.32	-92.35
16815.0	168.0	93.56	-67.17
16815.0	226.0	93.66	-85.69
16815.0	227.0	94.98	-85.10
16815.0	228.0	114.32	-86.58
16815.0	229.0	119.36	-87.30
16815.0	230.0	96.48	-93.06
16815.0	232.0	99.56	-95.21
16815.0	233.0	72.26	-109.93
16815.0	234.0	110.04	-90.12
16815.0	236.0	99.79	-94.15
16815.0	238.0	103.09	-92.67
16825.0	168.0	93.70	-67.22
16825.0	226.0	93.48	-85.29
16825.0	227.0	94.84	-84.62
16825.0	228.0	114.32	-86.54
16825.0	229.0	119.83	-87.12
16825.0	230.0	96.31	-92.88
16825.0	232.0	99.07	-95.15
16825.0	233.0	72.85	-109.68
16825.0	234.0	110.44	-89.94
16825.0	236.0	99.45	-94.27
16825.0	238.0	102.78	-92.93
16825.0	239.0	102.80	-93.46
16835.0	168.0	93.84	-67.32
16835.0	226.0	93.30	-84.93
16835.0	227.0	94.73	-84.17
16835.0	228.0	114.30	-86.55
16835.0	229.0	120.29	-86.92
16835.0	230.0	96.13	-92.76
16835.0	232.0	98.63	-95.03
16835.0	233.0	73.44	-109.45
16835.0	234.0	110.83	-89.75
16835.0	236.0	99.08	-94.36
16835.0	238.0	102.41	-93.13
16835.0	239.0	102.46	-93.55
16845.0	168.0	93.95	-67.47
16845.0	226.0	93.15	-84.59
16845.0	227.0	94.64	-83.75
16845.0	228.0	114.28	-86.59
16845.0	229.0	120.74	-86.71
16845.0	230.0	95.96	-92.70
16845.0	232.0	98.20	-94.94
16845.0	233.0	74.04	-109.23
16845.0	234.0	111.22	-89.59
16845.0	236.0	98.73	-94.39
16845.0	238.0	102.00	-93.29
16845.0	239.0	102.10	-93.81
16855.0	168.0	94.03	-67.60
16855.0	226.0	93.07	-84.25
16855.0	227.0	94.55	-83.39
16855.0	228.0	114.26	-86.63
16855.0	229.0	121.17	-86.51
16855.0	230.0	95.83	-92.66
16855.0	232.0	97.81	-94.84
16855.0	233.0	74.68	-109.01
16855.0	234.0	111.64	-89.47
16855.0	236.0	98.46	-94.31
16855.0	238.0	101.57	-93.42
16855.0	239.0	101.73	-94.08
16865.0	168.0	94.08	-67.69
16865.0	226.0	93.04	-83.94
16865.0	227.0	94.47	-83.07
16865.0	228.0	114.20	-86.66
16865.0	229.0	121.59	-86.28
16865.0	230.0	95.76	-92.61
16865.0	232.0	97.44	-94.70
16865.0	233.0	75.34	-108.79
16865.0	234.0	112.07	-89.42
16865.0	236.0	98.25	-94.12
16865.0	238.0	101.14	-93.56
16865.0	239.0	101.34	-94.21
16865.0	241.0	111.91	-88.83
16875.0	168.0	94.17	-67.73
16875.0	226.0	93.04	-83.69
16875.0	227.0	94.39	-82.80
16875.0	228.0	114.15	-86.64
16875.0	229.0	122.02	-86.06
16875.0	230.0	95.72	-92.58
16875.0	232.0	97.06	-94.54
16875.0	233.0	76.02	-108.55
16875.0	234.0	112.48	-89.31
16875.0	236.0	98.06	-93.87
16875.0	238.0	100.72	-93.70
16875.0	239.0	100.92	-94.25
16875.0	241.0	112.33	-88.81
16885.0	168.0	94.29	-67.74
16885.0	226.0	93.07	-83.53
16885.0	227.0	94.30	-82.58
16885.0	228.0	114.08	-86.60
16885.0	229.0	122.47	-85.90
16885.0	230.0	95.68	-92.59
16885.0	232.0	96.69	-94.45
16885.0	233.0	76.72	-108.30
16885.0	234.0	112.87	-89.15
16885.0	236.0	97.85	-93.61
16885.0	238.0	100.32	-93.82
16885.0	239.0	100.50	-94.26
16885.0	241.0	112.76	-88.70
16895.0	168.0	94.38	-67.73
16895.0	226.0	93.15	-83.41
16895.0	227.0	94.26	-82.39
16895.0	228.0	114.00	-86.62
16895.0	229.0	122.92	-85.75
16895.0	230.0	95.68	-92.61
16895.0	232.0	96.34	-94.39
16895.0	233.0	77.42	-108.03
16895.0	234.0	113.24	-88.93
16895.0	236.0	97.64	-93.36
16895.0	238.0	99.97	-93.92
16895.0	239.0	100.11	-94.33
16895.0	241.0	113.15	-88.52
16905.0	168.0	94.41	-67.71
16905.0	226.0	93.24	-83.31
16905.0	227.0	94.30	-82.21
16905.0	228.0	113.90	-86.72
16905.0	229.0	123.35	-85.58
16905.0	230.0	95.69	-92.60
16905.0	232.0	96.01	-94.33
16905.0	233.0	78.11	-107.76
16905.0	234.0	113.60	-88.67
16905.0	236.0	97.42	-93.12
16905.0	238.0	99.65	-93.99
16905.0	239.0	99.74	-94.44
16905.0	241.0	113.50	-88.26
16915.0	168.0	94.38	-67.69
16915.0	226.0	93.28	-83.15
16915.0	227.0	94.37	-82.03
16915.0	228.0	113.75	-86.88
16915.0	229.0	123.77	-85.42
16915.0	230.0	95.69	-92.53
16915.0	232.0	95.75	-94.22
16915.0	233.0	78.79	-107.47
16915.0	234.0	113.97	-88.40
16915.0	236.0	97.20	-92.86
16915.0	238.0	99.35	-94.03
16915.0	239.0	99.37	-94.57
16915.0	241.0	113.84	-87.93
16925.0	168.0	94.29	-67.64
16925.0	226.0	93.29	-82.93
16925.0	227.0	94.37	-81.84
16925.0	228.0	113.53	-87.03
16925.0	229.0	124.20	-85.23
16925.0	230.0	95.64	-92.38
16925.0	232.0	95.57	-94.04
16925.0	233.0	79.45	-107.18
16925.0	234.0	114.35	-88.15
16925.0	236.0	97.02	-92.55
16925.0	238.0	99.06	-94.06
16925.0	239.0	99.01	-94.70
16925.0	241.0	114.19	-87.62
16935.0	168.0	94.16	-67.55
16935.0	226.0	93.29	-82.65
16935.0	227.0	94.32	-81.59
16935.0	228.0	113.27	-87.20
16935.0	229.0	124.63	-85.00
16935.0	230.0	95.52	-92.14
16935.0	232.0	95.42	-93.80
16935.0	233.0	80.09	-106.90
16935.0	234.0	114.76	-88.01
16935.0	236.0	96.87	-92.15
16935.0	238.0	98.75	-94.07
16935.0	239.0	98.65	-94.78
16935.0	241.0	114.57	-87.38
16945.0	168.0	94.09	-67.45
16945.0	226.0	93.28	-82.35
16945.0	227.0	94.27	-81.25
16945.0	228.0	112.98	-87.44
16945.0	229.0	125.07	-84.79
16945.0	230.0	95.35	-91.80
16945.0	232.0	95.24	-93.53
16945.0	233.0	80.71	-106.65
16945.0	234.0	115.17	-87.86
16945.0	236.0	96.70	-91.70
16945.0	238.0	98.43	-94.06
16945.0	239.0	98.29	-94.76
16945.0	241.0	114.98	-87.18
16955.0	168.0	94.08	-67.34
16955.0	226.0	93.25	-82.02
16955.0	227.0	94.24	-80.84
16955.0	228.0	112.66	-87.69
16955.0	229.0	125.53	-84.60
16955.0	230.0	95.23	-91.40
16955.0	232.0	95.01	-93.22
16955.0	233.0	81.34	-106.39
16955.0	234.0	115.59	-87.71
16955.0	236.0	96.54	-91.22
16955.0	238.0	98.07	-94.02
16955.0	239.0	97.97	-94.59
16955.0	241.0	115.37	-86.97
16965.0	168.0	94.12	-67.23
16965.0	226.0	93.16	-81.62
16965.0	227.0	94.18	-80.40
16965.0	228.0	112.32	-87.92
16965.0	229.0	125.97	-84.39
16965.0	230.0	95.13	-90.94
16965.0	232.0	94.73	-92.82
16965.0	233.0	81.98	-106.12
16965.0	234.0	115.98	-87.54
16965.0	236.0	96.42	-90.71
16965.0	238.0	97.70	-93.92
16965.0	239.0	97.69	-94.30
16965.0	241.0	115.75	-86.73
16975.0	168.0	94.20	-67.12
16975.0	226.0	93.06	-81.14
16975.0	227.0	94.07	-79.92
16975.0	228.0	111.98	-88.15
16975.0	229.0	126.41	-84.19
16975.0	230.0	95.02	-90.45
16975.0	232.0	94.47	-92.35
16975.0	233.0	82.63	-105.85
16975.0	234.0	116.37	-87.37
16975.0	236.0	96.30	-90.20
16975.0	238.0	97.33	-93.73
16975.0	239.0	97.46	-93.90
16975.0	241.0	116.16	-86.50
16985.0	168.0	94.25	-66.98
16985.0	226.0	92.93	-80.64
16985.0	227.0	93.94	-79.41
16985.0	228.0	111.63	-88.39
16985.0	229.0	126.85	-83.99
16985.0	230.0	94.93	-89.94
16985.0	232.0	94.30	-91.89
16985.0	233.0	83.26	-105.58
16985.0	234.0	116.77	-87.20
16985.0	236.0	96.19	-89.71
16985.0	238.0	97.03	-93.39
16985.0	239.0	97.27	-93.41
16985.0	241.0	116.59	-86.30
16995.0	168.0	94.28	-66.82
16995.0	226.0	92.77	-80.12
16995.0	227.0	93.73	-78.89
16995.0	228.0	111.29	-88.62
16995.0	229.0	127.28	-83.77
16995.0	230.0	94.84	-89.41
16995.0	232.0	94.15	-91.41
16995.0	233.0	83.86	-105.31
16995.0	234.0	117.15	-87.02
16995.0	236.0	96.11	-89.19
16995.0	238.0	96.84	-92.89
16995.0	239.0	97.11	-92.86
16995.0	241.0	117.03	-86.14
17005.0	168.0	94.26	-66.62
17005.0	226.0	92.58	-79.60
17005.0	227.0	93.46	-78.38
17005.0	228.0	110.95	-88.88
17005.0	229.0	127.70	-83.56
17005.0	230.0	94.72	-88.87
17005.0	232.0	94.00	-90.92
17005.0	233.0	84.47	-105.05
17005.0	234.0	117.54	-86.85
17005.0	236.0	96.04	-88.67
17005.0	238.0	96.70	-92.33
17005.0	239.0	96.97	-92.29
17005.0	241.0	117.48	-86.00
17015.0	168.0	94.18	-66.38
17015.0	226.0	92.36	-79.11
17015.0	227.0	93.18	-77.86
17015.0	228.0	110.60	-89.15
17015.0	229.0	128.10	-83.35
17015.0	230.0	94.62	-88.34
17015.0	232.0	93.88	-90.43
17015.0	233.0	85.09	-104.79
17015.0	234.0	117.92	-86.68
17015.0	236.0	95.97	-88.17
17015.0	238.0	96.50	-91.78
17015.0	239.0	96.85	-91.71
17015.0	241.0	117.92	-85.84
17025.0	168.0	94.06	-66.09
17025.0	226.0	92.13	-78.63
17025.0	227.0	92.87	-77.33
17025.0	228.0	110.22	-89.37
17025.0	229.0	128.50	-83.12
17025.0	230.0	94.52	-87.81
17025.0	232.0	93.81	-89.91
17025.0	233.0	85.72	-104.51
17025.0	234.0	118.31	-86.51
17025.0	236.0	95.89	-87.66
17025.0	238.0	96.27	-91.27
17025.0	239.0	96.71	-91.14
17025.0	241.0	118.37	-85.69
17035.0	168.0	93.95	-65.81
17035.0	226.0	91.87	-78.13
17035.0	227.0	92.57	-76.79
17035.0	228.0	109.83	-89.56
17035.0	229.0	128.91	-82.91
17035.0	230.0	94.42	-87.28
17035.0	232.0	93.74	-89.37
17035.0	233.0	86.36	-104.25
17035.0	234.0	118.70	-86.35
17035.0	236.0	95.80	-87.16
17035.0	238.0	96.06	-90.76
17035.0	239.0	96.56	-90.60
17035.0	241.0	118.80	-85.53
17045.0	168.0	93.87	-65.55
17045.0	226.0	91.60	-77.64
17045.0	227.0	92.29	-76.26
17045.0	228.0	109.44	-89.74
17045.0	229.0	129.31	-82.70
17045.0	230.0	94.30	-86.76
17045.0	232.0	93.63	-88.82
17045.0	233.0	87.00	-103.98
17045.0	234.0	119.12	-86.23
17045.0	236.0	95.70	-86.67
17045.0	238.0	95.91	-90.24
17045.0	239.0	96.40	-90.09
17045.0	241.0	119.21	-85.38
17055.0	168.0	93.80	-65.31
17055.0	226.0	91.33	-77.17
17055.0	227.0	92.01	-75.72
17055.0	228.0	109.06	-89.89
17055.0	229.0	129.68	-82.46
17055.0	230.0	94.14	-86.25
17055.0	232.0	93.46	-88.22
17055.0	233.0	87.63	-103.70
17055.0	234.0	119.54	-86.11
17055.0	236.0	95.59	-86.16
17055.0	238.0	95.80	-89.70
17055.0	239.0	96.21	-89.58
17055.0	241.0	119.63	-85.22
17065.0	168.0	93.70	-65.10
17065.0	226.0	91.08	-76.71
17065.0	227.0	91.76	-75.18
17065.0	228.0	108.68	-90.05
17065.0	229.0	130.03	-82.20
17065.0	230.0	93.96	-85.75
17065.0	232.0	93.25	-87.63
17065.0	233.0	88.26	-103.42
17065.0	234.0	119.96	-85.98
17065.0	236.0	95.48	-85.66
17065.0	238.0	95.65	-89.18
17065.0	239.0	96.02	-89.08
17065.0	241.0	120.03	-85.06
17075.0	168.0	93.59	-64.95
17075.0	226.0	90.85	-76.23
17075.0	227.0	91.51	-74.66
17075.0	228.0	108.33	-90.23
17075.0	229.0	130.37	-81.96
17075.0	230.0	93.81	-85.27
17075.0	232.0	93.02	-87.05
17075.0	233.0	88.89	-103.14
17075.0	234.0	120.38	-85.83
17075.0	236.0	95.35	-85.15
17075.0	238.0	95.44	-88.71
17075.0	239.0	95.84	-88.58
17075.0	241.0	120.44	-84.93
17085.0	168.0	93.45	-64.86
17085.0	226.0	90.65	-75.72
17085.0	227.0	91.26	-74.12
17085.0	228.0	107.99	-90.39
17085.0	229.0	130.69	-81.73
17085.0	230.0	93.65	-84.76
17085.0	232.0	92.79	-86.47
17085.0	233.0	89.53	-102.85
17085.0	234.0	120.79	-85.63
17085.0	236.0	95.22	-84.63
17085.0	238.0	95.15	-88.26
17085.0	239.0	95.67	-88.07
17085.0	241.0	120.83	-84.82
17095.0	168.0	93.27	-64.83
17095.0	226.0	90.45	-75.21
17095.0	227.0	90.99	-73.58
17095.0	228.0	107.65	-90.50
17095.0	229.0	131.02	-81.53
17095.0	230.0	93.47	-84.26
17095.0	232.0	92.55	-85.88
17095.0	233.0	90.18	-102.56
17095.0	234.0	121.19	-85.38
17095.0	236.0	95.06	-84.10
17095.0	238.0	94.85	-87.80
17095.0	239.0	95.52	-87.55
17095.0	241.0	121.22	-84.74
17105.0	168.0	93.12	-64.81
17105.0	226.0	90.22	-74.68
17105.0	227.0	90.71	-73.06
17105.0	228.0	107.31	-90.61
17105.0	229.0	131.36	-81.35
17105.0	230.0	93.26	-83.77
17105.0	232.0	92.33	-85.25
17105.0	233.0	90.82	-102.26
17105.0	234.0	121.59	-85.13
17105.0	236.0	94.91	-83.56
17105.0	238.0	94.59	-87.30
17105.0	239.0	95.34	-87.03
17105.0	241.0	121.60	-84.67
17115.0	168.0	93.05	-64.78
17115.0	226.0	89.96	-74.15
17115.0	227.0	90.41	-72.56
17115.0	228.0	106.96	-90.71
17115.0	229.0	131.71	-81.18
17115.0	230.0	93.07	-83.27
17115.0	232.0	92.14	-84.62
17115.0	233.0	91.47	-101.96
17115.0	234.0	121.98	-84.91
17115.0	236.0	94.73	-83.04
17115.0	238.0	94.46	-86.76
17115.0	239.0	95.11	-86.52
17115.0	241.0	121.98	-84.51
17125.0	168.0	93.05	-64.72
17125.0	226.0	89.68	-73.65
17125.0	227.0	90.08	-72.07
17125.0	228.0	106.62	-90.73
17125.0	229.0	132.01	-81.04
17125.0	230.0	92.89	-82.76
17125.0	232.0	91.96	-83.99
17125.0	233.0	92.10	-101.66
17125.0	234.0	122.37	-84.74
17125.0	236.0	94.53	-82.54
17125.0	238.0	94.36	-86.20
17125.0	239.0	94.79	-86.03
17125.0	241.0	122.35	-84.34
17135.0	168.0	93.07	-64.66
17135.0	226.0	89.43	-73.15
17135.0	227.0	89.73	-71.60
17135.0	228.0	106.27	-90.65
17135.0	229.0	132.29	-80.94
17135.0	230.0	92.70	-82.24
17135.0	232.0	91.79	-83.37
17135.0	233.0	92.73	-101.35
17135.0	234.0	122.76	-84.62
17135.0	236.0	94.34	-82.05
17135.0	238.0	94.11	-85.70
17135.0	239.0	94.48	-85.54
17135.0	241.0	122.73	-84.17
17145.0	168.0	93.09	-64.61
17145.0	226.0	89.19	-72.65
17145.0	227.0	89.40	-71.15
17145.0	228.0	105.91	-90.47
17145.0	229.0	132.61	-80.88
17145.0	230.0	92.48	-81.74
17145.0	232.0	91.62	-82.76
17145.0	233.0	93.35	-101.03
17145.0	234.0	123.14	-84.59
17145.0	236.0	94.12	-81.57
17145.0	238.0	93.82	-85.19
17145.0	239.0	94.29	-85.01
17145.0	241.0	123.11	-84.00
17155.0	168.0	93.10	-64.60
17155.0	226.0	88.97	-72.16
17155.0	227.0	89.10	-70.70
17155.0	228.0	105.55	-90.18
17155.0	229.0	132.94	-80.82
17155.0	230.0	92.21	-81.27
17155.0	232.0	91.45	-82.16
17155.0	233.0	93.97	-100.71
17155.0	234.0	123.53	-84.57
17155.0	236.0	93.89	-81.09
17155.0	238.0	93.57	-84.67
17155.0	239.0	94.16	-84.46
17155.0	241.0	123.48	-83.83
17165.0	168.0	93.09	-64.63
17165.0	226.0	88.72	-71.68
17165.0	227.0	88.81	-70.23
17165.0	228.0	105.17	-89.81
17165.0	229.0	133.19	-80.75
17165.0	230.0	91.90	-80.81
17165.0	232.0	91.23	-81.53
17165.0	233.0	94.58	-100.39
17165.0	234.0	123.92	-84.47
17165.0	236.0	93.62	-80.63
17165.0	238.0	93.36	-84.13
17165.0	239.0	94.04	-83.90
17165.0	241.0	123.83	-83.63
17175.0	168.0	93.06	-64.70
17175.0	226.0	88.45	-71.20
17175.0	227.0	88.53	-69.76
17175.0	228.0	104.79	-89.42
17175.0	229.0	133.37	-80.71
17175.0	230.0	91.63	-80.33
17175.0	232.0	91.02	-80.91
17175.0	233.0	95.18	-100.07
17175.0	234.0	124.31	-84.31
17175.0	236.0	93.32	-80.20
17175.0	238.0	93.21	-83.59
17175.0	239.0	93.88	-83.37
17175.0	241.0	124.17	-83.38
17185.0	168.0	93.02	-64.79
17185.0	226.0	88.18	-70.70
17185.0	227.0	88.28	-69.28
17185.0	228.0	104.42	-89.01
17185.0	229.0	133.53	-80.72
17185.0	230.0	91.40	-79.83
17185.0	232.0	90.81	-80.32
17185.0	233.0	95.79	-99.73
17185.0	234.0	124.71	-84.12
17185.0	236.0	93.03	-79.76
17185.0	238.0	93.05	-83.05
17185.0	239.0	93.67	-82.85
17185.0	241.0	124.50	-83.11
17195.0	168.0	92.99	-64.85
17195.0	226.0	87.91	-70.16
17195.0	227.0	88.05	-68.79
17195.0	228.0	104.04	-88.57
17195.0	229.0	133.70	-80.75
17195.0	230.0	91.28	-79.25
17195.0	232.0	90.60	-79.72
17195.0	233.0	96.39	-99.38
17195.0	234.0	125.10	-83.90
17195.0	236.0	92.74	-79.30
17195.0	238.0	92.96	-82.48
17195.0	239.0	93.48	-82.32
17195.0	241.0	124.80	-82.82
17205.0	168.0	92.99	-64.87
17205.0	226.0	87.65	-69.62
17205.0	227.0	87.83	-68.31
17205.0	228.0	103.65	-88.13
17205.0	229.0	133.87	-80.75
17205.0	230.0	91.14	-78.64
17205.0	232.0	90.44	-79.06
17205.0	233.0	96.99	-99.05
17205.0	234.0	125.48	-83.67
17205.0	236.0	92.46	-78.85
17205.0	238.0	92.85	-81.93
17205.0	239.0	93.30	-81.78
17205.0	241.0	125.10	-82.54
17215.0	168.0	93.01	-64.87
17215.0	226.0	87.40	-69.10
17215.0	227.0	87.60	-67.80
17215.0	228.0	103.23	-87.67
17215.0	229.0	134.01	-80.68
17215.0	230.0	90.96	-78.07
17215.0	232.0	90.26	-78.45
17215.0	233.0	97.60	-98.71
17215.0	234.0	125.86	-83.44
17215.0	236.0	92.21	-78.39
17215.0	238.0	92.67	-81.41
17215.0	239.0	93.11	-81.24
17215.0	241.0	125.41	-82.29
17225.0	168.0	93.09	-64.87
17225.0	226.0	87.12	-68.59
17225.0	227.0	87.37	-67.26
17225.0	228.0	102.82	-87.25
17225.0	229.0	134.10	-80.61
17225.0	230.0	90.68	-77.54
17225.0	232.0	89.95	-77.96
17225.0	233.0	98.22	-98.38
17225.0	234.0	126.21	-83.19
17225.0	236.0	91.96	-77.94
17225.0	238.0	92.41	-80.93
17225.0	239.0	92.88	-80.72
17225.0	241.0	125.74	-82.06
17235.0	168.0	93.21	-64.87
17235.0	226.0	86.85	-68.08
17235.0	227.0	87.15	-66.72
17235.0	228.0	102.43	-86.83
17235.0	229.0	134.16	-80.59
17235.0	230.0	90.30	-77.06
17235.0	232.0	89.71	-77.45
17235.0	233.0	98.86	-98.05
17235.0	234.0	126.53	-82.92
17235.0	236.0	91.71	-77.51
17235.0	238.0	92.12	-80.48
17235.0	239.0	92.59	-80.22
17235.0	241.0	126.10	-81.88
17245.0	168.0	93.31	-64.90
17245.0	226.0	86.57	-67.60
17245.0	227.0	86.96	-66.16
17245.0	228.0	102.06	-86.37
17245.0	229.0	134.21	-80.59
17245.0	230.0	89.92	-76.62
17245.0	232.0	89.50	-76.90
17245.0	233.0	99.50	-97.71
17245.0	234.0	126.84	-82.63
17245.0	236.0	91.46	-77.07
17245.0	238.0	91.79	-80.03
17245.0	239.0	92.24	-79.75
17245.0	241.0	126.48	-81.69
17255.0	168.0	93.37	-64.96
17255.0	226.0	86.29	-67.12
17255.0	227.0	86.80	-65.58
17255.0	228.0	101.68	-85.94
17255.0	229.0	134.25	-80.60
17255.0	230.0	89.67	-76.11
17255.0	232.0	89.32	-76.31
17255.0	233.0	100.13	-97.40
17255.0	234.0	127.14	-82.33
17255.0	236.0	91.19	-76.63
17255.0	238.0	91.52	-79.56
17255.0	239.0	91.93	-79.30
17255.0	241.0	126.86	-81.49
17265.0	168.0	93.38	-65.08
17265.0	226.0	86.01	-66.63
17265.0	227.0	86.65	-65.01
17265.0	228.0	101.30	-85.52
17265.0	229.0	134.27	-80.61
17265.0	230.0	89.59	-75.54
17265.0	232.0	89.15	-75.72
17265.0	233.0	100.75	-97.06
17265.0	234.0	127.46	-82.06
17265.0	236.0	90.93	-76.20
17265.0	238.0	91.31	-79.07
17265.0	239.0	91.70	-78.82
17265.0	241.0	127.25	-81.28
17275.0	168.0	93.38	-65.20
17275.0	226.0	85.73	-66.15
17275.0	227.0	86.50	-64.47
17275.0	228.0	100.92	-85.04
17275.0	229.0	134.27	-80.61
17275.0	230.0	89.61	-74.91
17275.0	232.0	88.97	-75.13
17275.0	233.0	101.37	-96.72
17275.0	234.0	127.82	-81.84
17275.0	236.0	90.66	-75.78
17275.0	238.0	91.14	-78.56
17275.0	239.0	91.50	-78.31
17275.0	241.0	127.63	-81.04
17285.0	168.0	93.37	-65.27
17285.0	226.0	85.43	-65.67
17285.0	228.0	100.57	-84.55
17285.0	229.0	134.27	-80.62
17285.0	230.0	89.55	-74.29
17285.0	232.0	88.75	-74.60
17285.0	233.0	102.00	-96.38
17285.0	234.0	128.20	-81.66
17285.0	236.0	90.38	-75.37
17285.0	238.0	90.98	-78.03
17285.0	239.0	91.32	-77.78
17285.0	241.0	128.03	-80.83
17295.0	168.0	93.37	-65.28
17295.0	226.0	85.12	-65.19
17295.0	228.0	100.25	-84.05
17295.0	229.0	134.28	-80.63
17295.0	230.0	89.41	-73.70
17295.0	232.0	88.55	-74.07
17295.0	233.0	102.62	-96.03
17295.0	234.0	128.61	-81.50
17295.0	236.0	90.10	-74.95
17295.0	238.0	90.79	-77.50
17295.0	239.0	91.15	-77.24
17295.0	241.0	128.42	-80.63
17305.0	168.0	93.38	-65.25
17305.0	228.0	99.95	-83.58
17305.0	229.0	134.33	-80.66
17305.0	230.0	89.21	-73.10
17305.0	232.0	88.36	-73.53
17305.0	233.0	103.24	-95.69
17305.0	234.0	129.01	-81.33
17305.0	236.0	89.82	-74.51
17305.0	238.0	90.56	-76.98
17305.0	239.0	91.03	-76.67
17305.0	241.0	128.83	-80.44
17315.0	168.0	93.39	-65.21
17315.0	228.0	99.64	-83.14
17315.0	229.0	134.47	-80.69
17315.0	230.0	89.01	-72.51
17315.0	232.0	88.19	-72.99
17315.0	233.0	103.86	-95.37
17315.0	234.0	129.40	-81.15
17315.0	236.0	89.55	-74.07
17315.0	238.0	90.29	-76.46
17315.0	239.0	90.99	-76.08
17315.0	241.0	129.24	-80.28
17325.0	168.0	93.40	-65.19
17325.0	228.0	99.33	-82.71
17325.0	229.0	134.70	-80.66
17325.0	230.0	88.86	-71.97
17325.0	232.0	88.03	-72.47
17325.0	233.0	104.48	-95.06
17325.0	234.0	129.79	-80.98
17325.0	236.0	89.32	-73.64
17325.0	238.0	90.01	-75.96
17325.0	239.0	90.86	-75.53
17325.0	241.0	129.64	-80.14
17335.0	168.0	93.40	-65.18
17335.0	228.0	99.05	-82.32
17335.0	229.0	134.99	-80.57
17335.0	230.0	88.73	-71.43
17335.0	232.0	87.88	-71.99
17335.0	233.0	105.10	-94.77
17335.0	234.0	130.20	-80.81
17335.0	236.0	89.09	-73.18
17335.0	238.0	89.76	-75.44
17335.0	239.0	90.66	-75.03
17335.0	241.0	130.05	-80.06
17345.0	168.0	93.39	-65.17
17345.0	228.0	98.82	-81.99
17345.0	230.0	88.57	-70.90
17345.0	232.0	87.75	-71.49
17345.0	233.0	105.74	-94.45
17345.0	234.0	130.61	-80.64
17345.0	236.0	88.84	-72.72
17345.0	238.0	89.59	-74.91
17345.0	239.0	90.43	-74.54
17345.0	241.0	130.48	-80.08
17355.0	168.0	93.39	-65.17
17355.0	228.0	98.65	-81.68
17355.0	230.0	88.41	-70.37
17355.0	232.0	87.66	-70.95
17355.0	233.0	106.38	-94.12
17355.0	236.0	88.59	-72.27
17355.0	238.0	89.54	-74.36
17355.0	239.0	90.18	-74.06
17355.0	241.0	130.90	-80.11
17365.0	168.0	93.39	-65.18
17365.0	228.0	98.53	-81.39
17365.0	230.0	88.26	-69.85
17365.0	232.0	87.55	-70.38
17365.0	233.0	107.01	-93.77
17365.0	236.0	88.33	-71.86
17365.0	238.0	89.52	-73.78
17365.0	239.0	89.94	-73.57
17365.0	241.0	131.30	-80.10
17375.0	168.0	93.40	-65.19
17375.0	228.0	98.43	-81.13
17375.0	230.0	88.11	-69.32
17375.0	232.0	87.43	-69.81
17375.0	233.0	107.63	-93.40
17375.0	236.0	88.09	-71.49
17375.0	238.0	89.38	-73.25
17375.0	239.0	89.72	-73.07
17375.0	241.0	131.71	-80.06
17385.0	168.0	93.40	-65.20
17385.0	228.0	98.36	-80.90
17385.0	230.0	87.94	-68.80
17385.0	232.0	87.27	-69.28
17385.0	233.0	108.24	-93.04
17385.0	236.0	87.86	-71.15
17385.0	238.0	89.19	-72.75
17385.0	239.0	89.53	-72.56
17385.0	241.0	132.14	-79.96
17395.0	168.0	93.39	-65.17
17395.0	228.0	98.32	-80.67
17395.0	230.0	87.74	-68.29
17395.0	232.0	87.07	-68.78
17395.0	233.0	108.84	-92.69
17395.0	236.0	87.68	-70.83
17395.0	238.0	88.95	-72.27
17395.0	239.0	89.37	-72.05
17395.0	241.0	132.60	-79.78
17405.0	168.0	93.39	-65.09
17405.0	228.0	98.30	-80.46
17405.0	230.0	87.51	-67.78
17405.0	232.0	86.85	-68.26
17405.0	233.0	109.46	-92.34
17405.0	236.0	87.52	-70.49
17405.0	238.0	88.72	-71.82
17405.0	239.0	89.21	-71.55
17405.0	241.0	133.07	-79.69
17415.0	168.0	93.41	-64.99
17415.0	228.0	98.30	-80.25
17415.0	230.0	87.27	-67.27
17415.0	232.0	86.59	-67.76
17415.0	233.0	110.08	-92.02
17415.0	236.0	87.37	-70.12
17415.0	238.0	88.54	-71.37
17415.0	239.0	89.07	-71.04
17415.0	241.0	133.52	-79.79
17425.0	168.0	93.46	-64.89
17425.0	228.0	98.29	-80.04
17425.0	230.0	87.00	-66.78
17425.0	232.0	86.29	-67.29
17425.0	233.0	110.69	-91.69
17425.0	236.0	87.22	-69.68
17425.0	238.0	88.27	-70.95
17425.0	239.0	88.92	-70.54
17425.0	241.0	133.92	-80.04
17435.0	168.0	93.55	-64.79
17435.0	228.0	98.27	-79.84
17435.0	230.0	86.74	-66.29
17435.0	232.0	86.02	-66.81
17435.0	233.0	111.32	-91.37
17435.0	236.0	87.05	-69.19
17435.0	238.0	88.02	-70.51
17435.0	239.0	88.77	-70.03
17435.0	241.0	134.31	-80.28
17445.0	168.0	93.64	-64.69
17445.0	228.0	98.28	-79.63
17445.0	230.0	86.55	-65.74
17445.0	232.0	85.76	-66.34
17445.0	233.0	111.95	-91.04
17445.0	236.0	86.88	-68.68
17445.0	238.0	87.85	-70.00
17445.0	239.0	88.60	-69.54
17445.0	241.0	134.71	-80.49
17455.0	168.0	93.65	-64.61
17455.0	228.0	98.31	-79.35
17455.0	230.0	86.36	-65.16
17455.0	232.0	85.47	-65.87
17455.0	233.0	112.59	-90.70
17455.0	236.0	86.69	-68.18
17455.0	238.0	87.74	-69.43
17455.0	239.0	88.40	-69.06
17465.0	168.0	93.55	-64.57
17465.0	228.0	98.25	-78.99
17465.0	230.0	86.21	-64.58
17465.0	232.0	85.19	-65.35
17465.0	233.0	113.23	-90.36
17465.0	236.0	86.49	-67.71
17465.0	238.0	87.63	-68.89
17465.0	239.0	88.18	-68.60
17475.0	168.0	93.40	-64.58
17475.0	228.0	98.08	-78.53
17475.0	233.0	113.85	-90.03
17475.0	236.0	86.29	-67.24
17475.0	238.0	87.41	-68.43
17475.0	239.0	87.93	-68.16
17485.0	168.0	93.23	-64.62
17485.0	228.0	97.82	-78.03
17485.0	233.0	114.47	-89.69
17485.0	236.0	86.09	-66.80
17485.0	238.0	87.09	-68.05
17485.0	239.0	87.66	-67.73
17495.0	168.0	93.08	-64.70
17495.0	228.0	97.50	-77.52
17495.0	233.0	115.09	-89.37
17495.0	236.0	85.86	-66.37
17495.0	238.0	86.79	-67.63
17495.0	239.0	87.39	-67.31
17505.0	168.0	92.98	-64.76
17505.0	228.0	97.16	-77.01
17505.0	233.0	115.71	-89.05
17505.0	236.0	85.62	-65.94
17505.0	238.0	86.51	-67.22
17505.0	239.0	87.16	-66.87
17515.0	168.0	92.93	-64.79
17515.0	228.0	96.82	-76.50
17515.0	233.0	116.36	-88.75
17515.0	236.0	85.36	-65.53
17515.0	238.0	86.37	-66.79
17515.0	239.0	87.00	-66.43
17525.0	168.0	92.93	-64.80
17525.0	228.0	96.46	-75.99
17525.0	233.0	117.01	-88.45
17525.0	236.0	85.10	-65.10
17525.0	238.0	86.29	-66.30
17535.0	168.0	92.94	-64.77
17535.0	228.0	96.09	-75.48
17535.0	233.0	117.65	-88.15
17535.0	238.0	86.12	-65.83
17545.0	168.0	93.00	-64.72
17545.0	228.0	95.71	-74.95
17545.0	233.0	118.28	-87.83
17545.0	238.0	85.87	-65.42
17555.0	168.0	93.08	-64.66
17555.0	228.0	95.35	-74.42
17555.0	233.0	118.91	-87.53
17555.0	238.0	85.56	-65.01
17565.0	168.0	93.18	-64.62
17565.0	228.0	95.01	-73.90
17565.0	233.0	119.52	-87.23
17575.0	168.0	93.25	-64.62
17575.0	228.0	94.68	-73.39
17575.0	233.0	120.12	-86.95
17585.0	168.0	93.29	-64.66
17585.0	228.0	94.34	-72.90
17585.0	233.0	120.72	-86.67
17595.0	168.0	93.31	-64.77
17595.0	228.0	93.96	-72.40
17595.0	233.0	121.30	-86.38
17605.0	168.0	93.33	-64.89
17605.0	228.0	93.54	-71.91
17605.0	233.0	121.87	-86.08
17615.0	168.0	93.35	-64.98
17615.0	228.0	93.12	-71.41
17615.0	233.0	122.45	-85.77
17625.0	168.0	93.37	-65.01
17625.0	228.0	92.70	-70.88
17625.0	233.0	123.04	-85.46
17635.0	168.0	93.40	-64.98
17635.0	228.0	92.29	-70.38
17635.0	233.0	123.63	-85.14
17645.0	168.0	93.44	-64.88
17645.0	228.0	91.96	-69.90
17645.0	233.0	124.23	-84.82
17655.0	168.0	93.50	-64.74
17655.0	228.0	91.65	-69.44
17655.0	233.0	124.81	-84.49
17665.0	168.0	93.58	-64.62
17665.0	228.0	91.29	-68.99
17665.0	233.0	125.40	-84.17
17675.0	168.0	93.68	-64.52
17675.0	228.0	90.90	-68.52
17675.0	233.0	125.99	-83.85
17685.0	168.0	93.76	-64.44
17685.0	228.0	90.48	-68.04
17685.0	233.0	126.59	-83.55
17695.0	168.0	93.80	-64.34
17695.0	228.0	90.06	-67.58
17695.0	233.0	127.20	-83.25
17705.0	168.0	93.77	-64.27
17705.0	228.0	89.66	-67.13
17705.0	233.0	127.80	-82.96
17715.0	168.0	93.69	-64.26
17715.0	228.0	89.25	-66.70
17715.0	233.0	128.40	-82.70
17725.0	168.0	93.59	-64.32
17725.0	228.0	88.85	-66.28
17725.0	233.0	129.02	-82.46
17735.0	168.0	93.52	-64.41
17735.0	228.0	88.48	-65.87
17735.0	233.0	129.66	-82.25
17745.0	168.0	93.50	-64.51
17745.0	228.0	88.13	-65.45
17745.0	233.0	130.31	-82.05
17755.0	168.0	93.55	-64.62
17755.0	228.0	87.77	-65.02
17765.0	168.0	93.64	-64.76
17765.0	228.0	87.41	-64.59
17775.0	168.0	93.68	-64.92
17775.0	228.0	87.00	-64.18
17785.0	168.0	93.66	-65.11
17795.0	168.0	93.62	-65.32
17805.0	168.0	93.61	-65.52
17815.0	168.0	93.66	-65.68
17825.0	168.0	93.72	-65.82
17835.0	168.0	93.78	-65.93
17845.0	168.0	93.81	-66.05
17855.0	168.0	93.81	-66.16
17865.0	168.0	93.84	-66.23
17875.0	168.0	93.90	-66.25
17885.0	168.0	93.98	-66.23
17895.0	168.0	94.04	-66.20
17905.0	168.0	94.07	-66.18
17915.0	168.0	94.05	-66.19
17925.0	168.0	93.99	-66.23
17935.0	168.0	93.92	-66.29
17945.0	168.0	93.87	-66.32
17955.0	168.0	93.85	-66.33
17965.0	168.0	93.85	-66.33
17975.0	168.0	93.86	-66.33
17985.0	168.0	93.86	-66.32
17995.0	168.0	93.85	-66.31
18005.0	168.0	93.84	-66.31
18015.0	168.0	93.83	-66.29
18025.0	168.0	93.88	-66.23
18035.0	168.0	93.97	-66.12
18045.0	168.0	94.07	-65.97
18055.0	168.0	94.15	-65.81
18065.0	168.0	94.18	-65.63
18075.0	168.0	94.12	-65.47
18085.0	168.0	93.99	-65.29
18095.0	168.0	93.89	-65.12
18105.0	168.0	93.83	-64.94
18115.0	168.0	93.82	-64.78
18125.0	168.0	93.81	-64.66
18135.0	168.0	93.77	-64.56
18145.0	168.0	93.69	-64.50
18155.0	168.0	93.58	-64.45
18165.0	168.0	93.50	-64.46
18175.0	168.0	93.45	-64.49
18185.0	168.0	93.42	-64.52
18195.0	168.0	93.40	-64.53
18205.0	168.0	93.38	-64.53
18215.0	168.0	93.37	-64.53
18225.0	168.0	93.36	-64.54
18235.0	168.0	93.33	-64.54
18245.0	168.0	93.31	-64.53
18255.0	168.0	93.30	-64.52
18265.0	168.0	93.30	-64.52
18275.0	168.0	93.30	-64.52
18285.0	168.0	93.31	-64.51
18285.0	257.0	65.59	-82.62
18295.0	168.0	93.31	-64.51
18295.0	257.0	65.03	-83.06
18305.0	168.0	93.32	-64.51
18305.0	257.0	64.45	-83.52
18315.0	168.0	93.33	-64.51
18315.0	257.0	63.84	-83.97
18325.0	168.0	93.33	-64.50
18325.0	257.0	63.20	-84.41
18335.0	168.0	93.34	-64.50
18335.0	257.0	62.54	-84.85
18345.0	168.0	93.34	-64.49
18345.0	257.0	61.88	-85.28
18355.0	168.0	93.33	-64.50
18355.0	257.0	61.23	-85.70
18365.0	168.0	93.33	-64.50
18365.0	257.0	60.59	-86.11
18375.0	168.0	93.33	-64.50
18375.0	257.0	59.97	-86.51
18385.0	168.0	93.33	-64.50
18385.0	257.0	59.36	-86.90
18395.0	168.0	93.33	-64.50
18395.0	257.0	58.78	-87.29
18405.0	168.0	93.33	-64.51
18405.0	257.0	58.20	-87.67
18415.0	168.0	93.33	-64.51
18415.0	257.0	57.64	-88.06
18425.0	168.0	93.33	-64.51
18425.0	257.0	57.08	-88.44
18435.0	168.0	93.33	-64.50
18435.0	257.0	56.51	-88.82
18445.0	168.0	93.33	-64.50
18445.0	257.0	55.95	-89.20
18455.0	168.0	93.33	-64.50
18455.0	257.0	55.36	-89.58
18465.0	168.0	93.33	-64.50
18465.0	257.0	54.76	-89.97
18475.0	168.0	93.33	-64.50
18475.0	257.0	54.16	-90.35
18485.0	168.0	93.33	-64.50
18485.0	257.0	53.56	-90.73
18495.0	168.0	93.33	-64.49
18495.0	257.0	52.95	-91.12
18505.0	168.0	93.32	-64.49
18505.0	257.0	52.35	-91.51
18515.0	168.0	93.32	-64.49
18515.0	257.0	51.75	-91.91
18525.0	168.0	93.32	-64.49
18525.0	257.0	51.16	-92.30
18535.0	168.0	93.31	-64.49
18535.0	257.0	50.56	-92.72
18545.0	168.0	93.31	-64.49
18545.0	257.0	49.97	-93.12
18555.0	168.0	93.31	-64.49
18555.0	257.0	49.40	-93.50
18565.0	168.0	93.31	-64.50
18575.0	168.0	93.32	-64.50
18585.0	168.0	93.32	-64.51
18595.0	168.0	93.32	-64.51
18605.0	168.0	93.33	-64.50
18615.0	168.0	93.33	-64.50
18625.0	168.0	93.33	-64.51
18635.0	168.0	93.32	-64.51
18645.0	168.0	93.31	-64.51
18655.0	168.0	93.31	-64.51
18665.0	168.0	93.31	-64.51
18675.0	168.0	93.32	-64.51
18685.0	168.0	93.32	-64.50
18695.0	168.0	93.32	-64.50
18705.0	168.0	93.32	-64.51
18715.0	168.0	93.32	-64.51
18725.0	168.0	93.31	-64.51
18735.0	168.0	93.31	-64.51
18745.0	168.0	93.31	-64.52
18755.0	168.0	93.31	-64.51
18765.0	168.0	93.32	-64.51
18775.0	168.0	93.32	-64.51
18785.0	168.0	93.31	-64.51
18795.0	168.0	93.31	-64.52
18805.0	168.0	93.32	-64.53
18815.0	168.0	93.34	-64.53
18825.0	168.0	93.38	-64.51
18835.0	168.0	93.44	-64.44
18845.0	168.0	93.50	-64.37
18855.0	168.0	93.55	-64.30
18865.0	168.0	93.57	-64.26
18875.0	168.0	93.56	-64.26
18885.0	168.0	93.51	-64.32
18895.0	168.0	93.42	-64.41
18905.0	168.0	93.31	-64.49
18915.0	168.0	93.23	-64.54
18925.0	168.0	93.18	-64.56
18935.0	168.0	93.16	-64.56
18945.0	168.0	93.15	-64.53
18955.0	168.0	93.16	-64.51
18965.0	168.0	93.16	-64.49
18975.0	168.0	93.16	-64.49
18985.0	168.0	93.15	-64.49
18995.0	168.0	93.13	-64.50
19005.0	168.0	93.12	-64.52
19015.0	168.0	93.11	-64.53
19025.0	168.0	93.10	-64.55
19035.0	168.0	93.10	-64.56
19045.0	168.0	93.10	-64.56
19055.0	168.0	93.10	-64.56
19065.0	168.0	93.11	-64.56
19075.0	168.0	93.11	-64.55
19085.0	168.0	93.12	-64.54
19095.0	168.0	93.13	-64.53
19105.0	168.0	93.13	-64.52
19115.0	168.0	93.14	-64.50
19125.0	168.0	93.14	-64.49
19135.0	168.0	93.14	-64.49
19145.0	168.0	93.14	-64.49
19155.0	168.0	93.13	-64.49
19165.0	168.0	93.13	-64.50
19175.0	168.0	93.13	-64.51
19185.0	168.0	93.13	-64.52
19195.0	168.0	93.13	-64.53
19205.0	168.0	93.13	-64.54
19215.0	168.0	93.13	-64.54
19225.0	168.0	93.13	-64.54
19235.0	168.0	93.13	-64.53
19245.0	168.0	93.13	-64.52
19255.0	168.0	93.13	-64.51
19265.0	168.0	93.13	-64.50
19275.0	168.0	93.13	-64.48
19285.0	168.0	93.13	-64.48
19295.0	168.0	93.13	-64.48
19305.0	168.0	93.13	-64.48
19315.0	168.0	93.13	-64.48
19325.0	168.0	93.14	-64.49
19335.0	168.0	93.14	-64.49
19345.0	168.0	93.14	-64.49
19355.0	168.0	93.14	-64.49
19365.0	168.0	93.14	-64.50
19375.0	168.0	93.14	-64.50
19385.0	168.0	93.15	-64.50
19395.0	168.0	93.15	-64.50
19405.0	168.0	93.16	-64.49
19415.0	168.0	93.16	-64.49
19425.0	168.0	93.16	-64.49
19435.0	168.0	93.16	-64.48
19445.0	168.0	93.16	-64.49
19455.0	168.0	93.15	-64.49
19465.0	168.0	93.14	-64.50
19475.0	168.0	93.14	-64.50
19485.0	168.0	93.14	-64.50
19495.0	168.0	93.14	-64.49
19505.0	168.0	93.15	-64.49
19515.0	168.0	93.15	-64.49
19525.0	168.0	93.14	-64.49
19535.0	168.0	93.14	-64.50
19545.0	168.0	93.13	-64.51
19555.0	168.0	93.12	-64.51
19565.0	168.0	93.13	-64.52
19575.0	168.0	93.16	-64.51
19585.0	168.0	93.20	-64.50
19595.0	168.0	93.27	-64.48
19605.0	168.0	93.36	-64.45
19615.0	168.0	93.45	-64.42
19625.0	168.0	93.51	-64.41
19635.0	168.0	93.53	-64.45
19635.0	272.0	133.07	-81.42
19645.0	168.0	93.52	-64.56
19645.0	272.0	132.50	-81.23
19655.0	168.0	93.50	-64.71
19655.0	272.0	131.94	-81.07
19665.0	168.0	93.48	-64.87
19665.0	272.0	131.39	-80.96
19675.0	168.0	93.45	-65.04
19675.0	272.0	130.83	-80.85
19685.0	168.0	93.41	-65.23
19685.0	272.0	130.33	-80.72
19695.0	168.0	93.35	-65.42
19695.0	272.0	129.92	-80.60
19705.0	168.0	93.27	-65.64
19705.0	272.0	129.64	-80.52
19715.0	168.0	93.21	-65.87
19715.0	272.0	129.49	-80.48
19725.0	168.0	93.17	-66.08
19725.0	272.0	129.45	-80.47
19735.0	168.0	93.17	-66.28
19735.0	272.0	129.46	-80.46
19745.0	168.0	93.15	-66.43
19745.0	272.0	129.46	-80.46
19755.0	168.0	93.08	-66.57
19755.0	272.0	129.43	-80.44
19765.0	168.0	92.97	-66.71
19765.0	272.0	129.36	-80.36
19775.0	168.0	92.89	-66.84
19775.0	272.0	129.25	-80.24
19785.0	168.0	92.85	-66.97
19785.0	272.0	129.08	-80.15
19795.0	168.0	92.83	-67.13
19795.0	272.0	128.85	-80.12
19805.0	168.0	92.77	-67.29
19805.0	272.0	128.57	-80.11
19815.0	168.0	92.66	-67.48
19815.0	272.0	128.28	-80.11
19825.0	168.0	92.57	-67.65
19825.0	272.0	128.00	-80.16
19835.0	168.0	92.52	-67.75
19835.0	272.0	127.76	-80.21
19845.0	168.0	92.53	-67.78
19845.0	272.0	127.57	-80.16
19855.0	168.0	92.58	-67.77
19855.0	272.0	127.42	-80.00
19865.0	168.0	92.64	-67.75
19865.0	272.0	127.29	-79.75
19875.0	168.0	92.67	-67.76
19875.0	272.0	127.17	-79.45
19885.0	168.0	92.68	-67.77
19885.0	272.0	127.04	-79.14
19895.0	168.0	92.65	-67.77
19895.0	272.0	126.87	-78.89
19905.0	168.0	92.63	-67.76
19905.0	272.0	126.67	-78.70
19915.0	168.0	92.64	-67.74
19915.0	272.0	126.47	-78.54
19925.0	168.0	92.63	-67.73
19925.0	272.0	126.31	-78.46
19935.0	168.0	92.62	-67.74
19935.0	272.0	126.18	-78.45
19945.0	168.0	92.62	-67.74
19945.0	272.0	126.09	-78.49
19955.0	168.0	92.63	-67.72
19955.0	272.0	126.04	-78.53
19965.0	168.0	92.63	-67.71
19965.0	272.0	126.03	-78.54
19975.0	168.0	92.61	-67.71
19975.0	272.0	126.02	-78.49
19985.0	168.0	92.59	-67.72
19985.0	272.0	126.01	-78.33
19995.0	168.0	92.57	-67.74
19995.0	272.0	125.96	-78.00
20005.0	168.0	92.56	-67.76
20005.0	272.0	125.85	-77.55
20015.0	168.0	92.56	-67.80
20015.0	272.0	125.69	-76.99
20025.0	168.0	92.58	-67.86
20025.0	272.0	125.49	-76.37
20035.0	168.0	92.60	-67.97
20035.0	272.0	125.27	-75.77
20045.0	168.0	92.58	-68.13
20045.0	272.0	125.06	-75.17
20055.0	168.0	92.52	-68.34
20055.0	272.0	124.83	-74.57
20065.0	168.0	92.46	-68.59
20065.0	272.0	124.60	-73.97
20075.0	168.0	92.44	-68.83
20075.0	272.0	124.36	-73.38
20085.0	168.0	92.45	-69.09
20085.0	272.0	124.11	-72.81
20095.0	168.0	92.49	-69.35
20095.0	272.0	123.88	-72.23
20105.0	168.0	92.57	-69.54
20105.0	272.0	123.67	-71.63
20115.0	168.0	92.64	-69.65
20115.0	272.0	123.53	-71.04
20125.0	168.0	92.65	-69.68
20125.0	272.0	123.44	-70.45
20135.0	168.0	92.65	-69.63
20135.0	272.0	123.39	-69.88
20145.0	168.0	92.66	-69.54
20145.0	272.0	123.34	-69.32
20155.0	168.0	92.74	-69.45
20155.0	272.0	123.25	-68.74
20165.0	168.0	92.90	-69.36
20165.0	272.0	123.06	-68.14
20175.0	168.0	93.14	-69.30
20175.0	272.0	122.73	-67.47
20185.0	168.0	93.44	-69.28
20185.0	272.0	122.28	-66.70
20195.0	272.0	121.78	-65.84
20205.0	272.0	121.29	-64.97
20215.0	272.0	120.86	-64.13
20225.0	272.0	120.52	-63.36
20235.0	272.0	120.25	-62.65
20245.0	272.0	120.04	-61.98
20255.0	272.0	119.85	-61.33
20265.0	272.0	119.68	-60.67
20275.0	272.0	119.53	-60.01
20285.0	272.0	119.37	-59.35
20295.0	272.0	119.21	-58.68
20305.0	272.0	119.09	-58.00
20315.0	272.0	119.01	-57.29
20325.0	272.0	118.94	-56.60
20335.0	272.0	118.89	-55.94
20345.0	272.0	118.89	-55.29
20355.0	272.0	118.96	-54.66
20355.0	283.0	168.45	-57.61
20365.0	272.0	119.10	-54.04
20365.0	283.0	168.60	-57.30
20375.0	272.0	119.30	-53.44
20375.0	283.0	168.67	-56.87
20385.0	272.0	119.54	-52.85
20385.0	283.0	168.66	-56.38
20395.0	272.0	119.82	-52.29
20395.0	283.0	168.57	-55.90
20405.0	272.0	120.13	-51.75
20405.0	283.0	168.45	-55.43
20415.0	272.0	120.47	-51.22
20415.0	283.0	168.33	-54.94
20425.0	272.0	120.83	-50.70
20425.0	283.0	168.25	-54.47
20435.0	272.0	121.20	-50.17
20435.0	283.0	168.18	-53.99
20445.0	272.0	121.57	-49.64
20445.0	283.0	168.10	-53.49
20455.0	272.0	121.95	-49.10
20455.0	283.0	168.05	-53.00
20465.0	272.0	122.33	-48.54
20465.0	283.0	168.02	-52.53
20475.0	272.0	122.69	-47.98
20475.0	283.0	168.01	-52.09
20485.0	272.0	123.05	-47.40
20485.0	283.0	168.03	-51.67
20495.0	272.0	123.40	-46.82
20495.0	283.0	168.09	-51.25
20505.0	272.0	123.73	-46.23
20505.0	283.0	168.18	-50.85
20515.0	272.0	124.05	-45.63
20515.0	283.0	168.25	-50.46
20525.0	272.0	124.35	-45.03
20525.0	283.0	168.30	-50.09
20535.0	272.0	124.64	-44.43
20535.0	283.0	168.34	-49.72
20545.0	272.0	124.93	-43.83
20545.0	283.0	168.38	-49.35
20555.0	272.0	125.20	-43.23
20555.0	283.0	168.46	-48.97
20565.0	272.0	125.48	-42.64
20565.0	283.0	168.52	-48.54
20575.0	272.0	125.75	-42.05
20575.0	283.0	168.42	-48.12
20585.0	272.0	126.03	-41.44
20585.0	283.0	168.21	-47.69
20595.0	272.0	126.30	-40.82
20595.0	283.0	167.95	-47.24
20605.0	272.0	126.58	-40.19
20605.0	283.0	167.66	-46.79
20615.0	272.0	126.85	-39.58
20615.0	283.0	167.38	-46.37
20625.0	272.0	127.09	-38.95
20625.0	283.0	167.13	-45.95
20635.0	272.0	127.30	-38.32
20635.0	283.0	166.91	-45.50
20645.0	272.0	127.48	-37.68
20645.0	283.0	166.74	-45.02
20655.0	272.0	127.65	-37.03
20655.0	283.0	166.60	-44.52
20665.0	272.0	127.81	-36.40
20665.0	283.0	166.42	-44.02
20675.0	272.0	127.98	-35.75
20675.0	283.0	166.24	-43.52
20685.0	272.0	128.13	-35.10
20685.0	283.0	166.06	-43.04
20695.0	272.0	128.25	-34.44
20695.0	283.0	165.86	-42.61
20705.0	272.0	128.33	-33.77
20705.0	283.0	165.63	-42.19
20715.0	272.0	128.40	-33.10
20715.0	283.0	165.37	-41.79
20725.0	272.0	128.47	-32.44
20725.0	283.0	165.10	-41.41
20735.0	272.0	128.55	-31.79
20735.0	283.0	164.83	-41.03
20745.0	272.0	128.64	-31.14
20745.0	283.0	164.54	-40.68
20755.0	272.0	128.73	-30.48
20755.0	283.0	164.19	-40.37
20765.0	272.0	128.83	-29.83
20765.0	283.0	163.82	-40.10
20775.0	272.0	128.91	-29.19
20775.0	283.0	163.47	-39.84
20785.0	272.0	128.98	-28.54
20785.0	283.0	163.14	-39.55
20795.0	272.0	129.05	-27.88
20795.0	283.0	162.85	-39.25
20805.0	272.0	129.12	-27.20
20805.0	283.0	162.65	-38.89
20815.0	272.0	129.19	-26.52
20815.0	283.0	162.56	-38.48
20825.0	272.0	129.26	-25.84
20825.0	283.0	162.60	-38.06
20835.0	272.0	129.34	-25.17
20835.0	283.0	162.72	-37.67
20845.0	272.0	129.42	-24.50
20845.0	283.0	162.89	-37.32
20855.0	272.0	129.51	-23.85
20855.0	283.0	163.10	-36.99
20865.0	272.0	129.60	-23.19
20865.0	283.0	163.36	-36.66
20875.0	272.0	129.67	-22.53
20875.0	283.0	163.66	-36.34
20885.0	272.0	129.73	-21.87
20885.0	283.0	163.96	-36.04
20895.0	272.0	129.80	-21.21
20895.0	283.0	164.23	-35.79
20905.0	272.0	129.87	-20.55
20905.0	283.0	164.52	-35.62
20915.0	272.0	129.95	-19.89
20915.0	283.0	164.85	-35.49
20925.0	272.0	130.03	-19.22
20925.0	283.0	165.20	-35.40
20935.0	272.0	130.10	-18.55
20935.0	283.0	165.60	-35.33
20945.0	272.0	130.18	-17.87
20945.0	283.0	166.02	-35.28
20955.0	272.0	130.24	-17.19
20955.0	283.0	166.48	-35.23
20965.0	272.0	130.30	-16.52
20965.0	283.0	166.97	-35.18
20975.0	272.0	130.38	-15.87
20975.0	283.0	167.48	-35.13
20985.0	283.0	168.01	-35.07
20995.0	283.0	168.54	-35.00
21005.0	283.0	169.05	-34.92
21015.0	283.0	169.52	-34.82
21025.0	283.0	169.94	-34.71
21035.0	283.0	170.35	-34.57
21045.0	283.0	170.77	-34.42
21055.0	283.0	171.18	-34.25
21065.0	283.0	171.61	-34.07
21075.0	283.0	172.04	-33.89
21085.0	283.0	172.41	-33.73
21095.0	283.0	172.78	-33.57
21105.0	283.0	173.17	-33.42
21115.0	283.0	173.60	-33.27
21125.0	283.0	174.03	-33.12
21135.0	283.0	174.47	-33.00
21145.0	283.0	174.92	-32.92
22214.0	319.0	135.86	-79.58
22224.0	319.0	135.44	-79.34
22234.0	319.0	134.97	-79.17
22244.0	319.0	134.49	-79.03
22254.0	319.0	134.02	-78.91
22264.0	319.0	133.56	-78.75
22274.0	319.0	133.14	-78.55
22284.0	319.0	132.76	-78.32
22294.0	319.0	132.40	-78.06
22304.0	319.0	132.05	-77.75
22314.0	319.0	131.70	-77.39
22324.0	319.0	131.33	-76.96
22334.0	319.0	130.94	-76.50
22344.0	319.0	130.56	-76.06
22354.0	319.0	130.17	-75.61
22364.0	319.0	129.79	-75.14
22374.0	319.0	129.41	-74.64
22384.0	319.0	129.03	-74.13
22394.0	319.0	128.66	-73.65
22404.0	319.0	128.32	-73.18
22414.0	319.0	127.99	-72.76
22424.0	319.0	127.62	-72.36
22434.0	319.0	127.21	-71.98
22444.0	319.0	126.80	-71.59
22454.0	319.0	126.39	-71.21
22464.0	319.0	125.98	-70.83
22474.0	319.0	125.58	-70.48
22484.0	319.0	125.20	-70.13
22494.0	319.0	124.83	-69.79
22504.0	319.0	124.50	-69.47
22514.0	319.0	124.19	-69.17
22524.0	319.0	123.91	-68.89
22534.0	319.0	123.70	-68.61
22544.0	319.0	123.53	-68.33
22554.0	319.0	123.36	-68.12
22564.0	319.0	123.20	-67.96
22574.0	319.0	123.11	-67.83
22584.0	319.0	123.08	-67.71
22594.0	319.0	123.04	-67.59
22604.0	319.0	122.96	-67.51
22614.0	319.0	122.91	-67.48
22624.0	319.0	122.93	-67.48
22634.0	319.0	122.96	-67.51
22644.0	319.0	122.96	-67.52
22654.0	319.0	122.93	-67.52
22664.0	319.0	122.88	-67.51
22674.0	319.0	122.82	-67.48
22684.0	319.0	122.77	-67.41
22694.0	319.0	122.70	-67.26
22704.0	319.0	122.58	-67.00
22714.0	319.0	122.38	-66.66
22724.0	319.0	122.11	-66.26
22734.0	319.0	121.80	-65.79
22744.0	319.0	121.43	-65.30
22754.0	319.0	121.02	-64.80
22764.0	319.0	120.59	-64.32
22774.0	319.0	120.15	-63.88
22784.0	319.0	119.70	-63.47
22794.0	319.0	119.22	-63.11
22804.0	319.0	118.72	-62.79
22814.0	319.0	118.20	-62.49
22824.0	319.0	117.69	-62.21
22834.0	319.0	117.21	-61.93
22844.0	319.0	116.76	-61.65
22854.0	319.0	116.31	-61.38
22864.0	319.0	115.83	-61.18
22874.0	319.0	115.29	-61.06
22884.0	319.0	114.71	-61.03
22894.0	319.0	114.12	-61.06
22904.0	319.0	113.53	-61.15
22914.0	319.0	112.96	-61.30
22924.0	319.0	112.43	-61.48
22934.0	319.0	111.92	-61.68
22944.0	319.0	111.42	-61.88
22954.0	319.0	110.94	-62.08
22964.0	319.0	110.46	-62.27
22974.0	319.0	109.99	-62.44
22984.0	319.0	109.52	-62.61
22994.0	319.0	109.05	-62.78
23004.0	319.0	108.58	-62.94
23014.0	319.0	108.11	-63.09
23024.0	319.0	107.65	-63.25
23034.0	319.0	107.18	-63.40
23044.0	319.0	106.71	-63.55
23054.0	319.0	106.23	-63.69
23064.0	319.0	105.74	-63.80
23074.0	319.0	105.25	-63.91
23084.0	319.0	104.77	-64.00
23094.0	319.0	104.29	-64.08
23104.0	319.0	103.84	-64.19
23114.0	319.0	103.43	-64.33
23124.0	319.0	103.01	-64.48
23134.0	319.0	102.59	-64.64
23144.0	319.0	102.17	-64.77
23154.0	319.0	101.74	-64.87
23164.0	319.0	101.32	-64.94
25292.0	367.0	175.38	-33.52
25302.0	367.0	174.74	-33.75
25312.0	367.0	174.09	-34.02
25322.0	367.0	173.49	-34.30
25332.0	367.0	172.89	-34.59
25342.0	367.0	172.33	-34.88
25352.0	367.0	171.76	-35.14
25362.0	367.0	171.19	-35.34
25372.0	367.0	170.58	-35.52
25382.0	367.0	169.95	-35.68
25392.0	367.0	169.31	-35.82
25402.0	367.0	168.67	-35.98
25412.0	367.0	168.03	-36.14
25422.0	367.0	167.40	-36.30
25432.0	367.0	166.78	-36.47
25442.0	367.0	166.17	-36.67
25452.0	367.0	165.59	-36.88
25462.0	367.0	165.03	-37.09
25472.0	367.0	164.50	-37.32
25482.0	367.0	163.97	-37.58
25492.0	367.0	163.49	-37.89
25502.0	367.0	163.12	-38.26
25512.0	367.0	162.88	-38.65
25522.0	367.0	162.82	-39.08
25532.0	367.0	162.93	-39.52
25542.0	367.0	163.17	-39.96
25552.0	367.0	163.49	-40.42
25562.0	367.0	163.81	-40.91
25572.0	367.0	163.98	-41.49
25582.0	367.0	164.10	-42.14
25592.0	367.0	164.21	-42.84
25602.0	367.0	164.31	-43.56
25612.0	367.0	164.40	-44.28
25622.0	367.0	164.49	-45.01
25632.0	367.0	164.57	-45.71
25642.0	367.0	164.60	-46.42
25652.0	367.0	164.60	-47.13
25662.0	367.0	164.58	-47.83
25672.0	367.0	164.61	-48.53
25682.0	367.0	164.66	-49.24
25692.0	367.0	164.68	-49.95
25702.0	367.0	164.66	-50.64
25712.0	367.0	164.63	-51.33
25722.0	367.0	164.62	-52.04
25732.0	367.0	164.64	-52.75
25742.0	367.0	164.67	-53.45
25752.0	367.0	164.70	-54.16
25762.0	367.0	164.72	-54.87
25772.0	367.0	164.75	-55.58
25782.0	367.0	164.81	-56.27
25792.0	367.0	164.89	-56.99
25802.0	367.0	164.97	-57.72
25812.0	367.0	165.00	-58.45
25822.0	367.0	164.95	-59.15
