9556.0	128.0	80.84	-73.08
9556.0	129.0	76.04	-74.78
9556.0	134.0	132.56	-79.23
9566.0	128.0	81.36	-72.74
9566.0	129.0	76.65	-74.40
9566.0	134.0	132.07	-78.78
9576.0	128.0	81.89	-72.37
9576.0	129.0	77.26	-74.04
9576.0	134.0	131.60	-78.29
9586.0	128.0	82.45	-72.02
9586.0	129.0	77.87	-73.68
9586.0	134.0	131.11	-77.78
9596.0	128.0	83.01	-71.68
9596.0	129.0	78.46	-73.30
9596.0	134.0	130.61	-77.28
9606.0	128.0	83.57	-71.36
9606.0	129.0	79.06	-72.93
9606.0	134.0	130.14	-76.87
9616.0	128.0	84.13	-71.04
9616.0	129.0	79.68	-72.55
9616.0	134.0	129.76	-76.58
9626.0	128.0	84.69	-70.74
9626.0	129.0	80.31	-72.20
9626.0	134.0	129.47	-76.42
9636.0	128.0	85.27	-70.45
9636.0	129.0	80.95	-71.87
9636.0	134.0	129.29	-76.36
9646.0	128.0	85.84	-70.18
9646.0	129.0	81.59	-71.54
9646.0	134.0	129.23	-76.34
9656.0	128.0	86.40	-69.91
9656.0	129.0	82.23	-71.21
9656.0	134.0	129.22	-76.31
9666.0	128.0	86.96	-69.64
9666.0	129.0	82.86	-70.88
9666.0	134.0	129.21	-76.29
9676.0	128.0	87.54	-69.40
9676.0	129.0	83.51	-70.55
9676.0	134.0	129.20	-76.28
9686.0	128.0	88.12	-69.14
9686.0	129.0	84.17	-70.21
9686.0	134.0	129.18	-76.27
9696.0	128.0	88.70	-68.90
9696.0	129.0	84.83	-69.87
9696.0	134.0	129.15	-76.26
9706.0	128.0	89.28	-68.65
9706.0	129.0	85.53	-69.56
9706.0	134.0	129.08	-76.25
9716.0	128.0	89.86	-68.39
9716.0	129.0	86.25	-69.30
9716.0	134.0	128.91	-76.16
9726.0	128.0	90.43	-68.11
9726.0	129.0	87.01	-69.08
9726.0	134.0	128.61	-75.90
9736.0	128.0	91.00	-67.83
9736.0	129.0	87.74	-68.83
9736.0	134.0	128.20	-75.46
9746.0	128.0	91.56	-67.55
9746.0	129.0	88.48	-68.48
9746.0	134.0	127.76	-74.89
9756.0	128.0	92.12	-67.27
9756.0	129.0	89.26	-67.97
9756.0	134.0	127.33	-74.23
9766.0	128.0	92.68	-66.98
9766.0	129.0	90.13	-67.32
9766.0	134.0	126.89	-73.61
9776.0	128.0	93.23	-66.69
9776.0	129.0	91.09	-66.58
9776.0	134.0	126.42	-73.00
9786.0	128.0	93.79	-66.42
9786.0	129.0	92.13	-65.82
9786.0	134.0	125.94	-72.45
9796.0	128.0	94.34	-66.13
9796.0	129.0	93.23	-65.08
9796.0	134.0	125.44	-71.92
9806.0	128.0	94.89	-65.87
9806.0	129.0	94.42	-64.41
9806.0	134.0	124.95	-71.42
9816.0	128.0	95.46	-65.61
9816.0	129.0	95.68	-63.81
9816.0	134.0	124.50	-70.94
9826.0	128.0	96.02	-65.34
9826.0	129.0	97.00	-63.27
9826.0	134.0	124.09	-70.46
9836.0	128.0	96.56	-65.04
9836.0	129.0	98.34	-62.75
9836.0	134.0	123.75	-70.03
9846.0	128.0	97.08	-64.71
9846.0	129.0	99.67	-62.25
9846.0	134.0	123.48	-69.65
9856.0	128.0	97.61	-64.36
9856.0	129.0	100.99	-61.74
9856.0	134.0	123.25	-69.32
9866.0	128.0	98.15	-64.03
9866.0	129.0	102.27	-61.21
9866.0	134.0	123.04	-69.00
9876.0	128.0	98.71	-63.72
9876.0	129.0	103.54	-60.65
9876.0	134.0	122.87	-68.69
9886.0	128.0	99.27	-63.43
9886.0	129.0	104.78	-60.07
9886.0	134.0	122.69	-68.40
9896.0	128.0	99.82	-63.15
9896.0	129.0	106.00	-59.46
9896.0	134.0	122.52	-68.19
9906.0	128.0	100.39	-62.87
9906.0	129.0	107.19	-58.84
9906.0	134.0	122.43	-68.07
9916.0	128.0	100.96	-62.57
9916.0	129.0	108.37	-58.20
9916.0	134.0	122.42	-68.04
9926.0	128.0	101.54	-62.29
9926.0	129.0	109.52	-57.57
9926.0	134.0	122.43	-68.04
9936.0	128.0	102.13	-62.00
9936.0	129.0	110.65	-56.93
9936.0	134.0	122.44	-68.03
9946.0	128.0	102.71	-61.73
9946.0	129.0	111.77	-56.31
9946.0	134.0	122.41	-68.00
9956.0	128.0	103.29	-61.45
9956.0	129.0	112.87	-55.69
9956.0	134.0	122.32	-67.90
9966.0	128.0	103.85	-61.18
9966.0	129.0	113.97	-55.09
9966.0	134.0	122.15	-67.66
9976.0	128.0	104.41	-60.93
9976.0	129.0	115.05	-54.47
9976.0	134.0	121.88	-67.30
9986.0	128.0	104.97	-60.68
9986.0	129.0	116.13	-53.85
9986.0	134.0	121.52	-66.87
9996.0	128.0	105.53	-60.42
9996.0	129.0	117.20	-53.22
9996.0	134.0	121.10	-66.42
10006.0	128.0	106.09	-60.16
10006.0	129.0	118.25	-52.60
10006.0	134.0	120.63	-65.99
10016.0	128.0	106.65	-59.89
10016.0	129.0	119.27	-51.98
10016.0	134.0	120.17	-65.60
10026.0	128.0	107.21	-59.61
10026.0	129.0	120.25	-51.37
10026.0	134.0	119.73	-65.22
10036.0	128.0	107.77	-59.33
10036.0	129.0	121.15	-50.75
10036.0	134.0	119.28	-64.80
10046.0	128.0	108.34	-59.05
10046.0	129.0	121.95	-50.14
10046.0	134.0	118.81	-64.34
10056.0	128.0	108.90	-58.77
10056.0	129.0	122.66	-49.52
10056.0	134.0	118.33	-63.86
10066.0	128.0	109.47	-58.50
10066.0	129.0	123.27	-48.91
10066.0	134.0	117.85	-63.43
10076.0	128.0	110.04	-58.23
10076.0	129.0	123.79	-48.32
10076.0	134.0	117.39	-63.04
10086.0	128.0	110.60	-57.97
10086.0	129.0	124.25	-47.75
10086.0	134.0	116.90	-62.70
10096.0	128.0	111.17	-57.72
10096.0	129.0	124.68	-47.22
10096.0	134.0	116.41	-62.41
10106.0	128.0	111.73	-57.47
10106.0	129.0	125.10	-46.73
10106.0	134.0	115.90	-62.13
10116.0	128.0	112.29	-57.21
10116.0	129.0	125.55	-46.31
10116.0	134.0	115.35	-61.92
10126.0	128.0	112.85	-56.93
10126.0	129.0	126.06	-45.95
10126.0	134.0	114.77	-61.78
10136.0	128.0	113.39	-56.63
10136.0	129.0	126.67	-45.68
10136.0	134.0	114.20	-61.74
10146.0	128.0	113.92	-56.32
10146.0	129.0	127.40	-45.48
10146.0	134.0	113.64	-61.78
10156.0	128.0	114.45	-56.01
10156.0	129.0	128.18	-45.35
10156.0	134.0	113.09	-61.85
10166.0	128.0	114.99	-55.71
10166.0	129.0	128.99	-45.26
10166.0	134.0	112.55	-61.93
10176.0	128.0	115.53	-55.42
10176.0	129.0	129.78	-45.18
10176.0	134.0	112.01	-62.01
10186.0	128.0	116.08	-55.14
10186.0	129.0	130.58	-45.09
10186.0	134.0	111.48	-62.08
10196.0	128.0	116.62	-54.86
10196.0	129.0	131.38	-44.96
10196.0	134.0	110.94	-62.16
10206.0	128.0	117.15	-54.57
10206.0	129.0	132.18	-44.81
10206.0	134.0	110.40	-62.24
10216.0	128.0	117.68	-54.26
10216.0	129.0	132.96	-44.64
10216.0	134.0	109.87	-62.33
10226.0	128.0	118.19	-53.94
10226.0	129.0	133.74	-44.51
10226.0	134.0	109.36	-62.44
10236.0	128.0	118.70	-53.61
10236.0	129.0	134.51	-44.41
10236.0	134.0	108.85	-62.57
10246.0	128.0	119.21	-53.26
10246.0	129.0	135.29	-44.30
10246.0	134.0	108.37	-62.73
10256.0	128.0	119.73	-52.90
10256.0	129.0	136.07	-44.16
10256.0	134.0	107.91	-62.91
10266.0	128.0	120.25	-52.54
10266.0	129.0	136.82	-44.01
10266.0	134.0	107.47	-63.11
10276.0	128.0	120.77	-52.17
10276.0	129.0	137.54	-43.84
10276.0	134.0	107.04	-63.32
10286.0	128.0	121.27	-51.81
10286.0	129.0	138.25	-43.65
10286.0	134.0	106.61	-63.51
10296.0	128.0	121.77	-51.45
10296.0	129.0	138.97	-43.45
10296.0	134.0	106.17	-63.67
10306.0	128.0	122.27	-51.08
10306.0	129.0	139.68	-43.27
10306.0	134.0	105.69	-63.76
10316.0	128.0	122.78	-50.70
10316.0	129.0	140.39	-43.12
10316.0	134.0	105.22	-63.76
10326.0	128.0	123.29	-50.30
10326.0	129.0	141.12	-42.99
10326.0	134.0	104.76	-63.72
10336.0	128.0	123.78	-49.89
10336.0	129.0	141.85	-42.86
10336.0	134.0	104.34	-63.72
10346.0	128.0	124.26	-49.45
10346.0	129.0	142.59	-42.70
10346.0	134.0	103.92	-63.78
10356.0	128.0	124.73	-49.01
10356.0	129.0	143.33	-42.49
10356.0	134.0	103.51	-63.82
10366.0	128.0	125.19	-48.56
10366.0	129.0	144.08	-42.26
10366.0	134.0	103.13	-63.85
10376.0	128.0	125.66	-48.10
10376.0	129.0	144.89	-41.99
10376.0	134.0	102.77	-63.87
10386.0	128.0	126.11	-47.67
10386.0	129.0	145.80	-41.69
10386.0	134.0	102.43	-63.87
10396.0	128.0	126.57	-47.29
10396.0	129.0	146.86	-41.36
10396.0	134.0	102.12	-63.89
10406.0	128.0	127.05	-46.92
10406.0	129.0	148.01	-41.02
10406.0	134.0	101.86	-63.96
10416.0	128.0	127.59	-46.58
10416.0	129.0	149.22	-40.66
10416.0	134.0	101.63	-64.08
10426.0	128.0	128.17	-46.28
10426.0	129.0	150.45	-40.29
10436.0	128.0	128.77	-46.01
10436.0	129.0	151.68	-39.91
10446.0	128.0	129.39	-45.81
10446.0	129.0	152.91	-39.53
10456.0	128.0	130.02	-45.65
10456.0	129.0	154.14	-39.15
10466.0	128.0	130.66	-45.51
10466.0	129.0	155.38	-38.75
10476.0	128.0	131.30	-45.37
10476.0	129.0	156.62	-38.35
10486.0	128.0	131.94	-45.22
10486.0	129.0	157.85	-37.95
10496.0	128.0	132.54	-45.04
10496.0	129.0	159.10	-37.56
10506.0	128.0	133.16	-44.83
10506.0	129.0	160.32	-37.20
10516.0	128.0	133.76	-44.62
10516.0	129.0	161.55	-36.86
10526.0	128.0	134.38	-44.40
10526.0	129.0	162.79	-36.53
10536.0	128.0	134.98	-44.18
10536.0	129.0	164.05	-36.21
10546.0	128.0	135.60	-43.97
10546.0	129.0	165.31	-35.92
10556.0	128.0	136.21	-43.77
10556.0	129.0	166.55	-35.64
10566.0	128.0	136.81	-43.60
10566.0	129.0	167.75	-35.37
10576.0	128.0	137.43	-43.43
10576.0	129.0	168.94	-35.08
10586.0	128.0	138.05	-43.26
10586.0	129.0	170.13	-34.79
10596.0	128.0	138.69	-43.09
10596.0	129.0	171.33	-34.49
10606.0	128.0	139.33	-42.93
10606.0	129.0	172.56	-34.15
10616.0	128.0	139.98	-42.77
10626.0	128.0	140.65	-42.61
10636.0	128.0	141.33	-42.46
10646.0	128.0	141.99	-42.31
10656.0	128.0	142.63	-42.18
10666.0	128.0	143.27	-42.04
10676.0	128.0	143.90	-41.89
10686.0	128.0	144.55	-41.73
10696.0	128.0	145.21	-41.56
10706.0	128.0	145.86	-41.36
10716.0	128.0	146.51	-41.13
10726.0	128.0	147.15	-40.90
10736.0	128.0	147.77	-40.68
10746.0	128.0	148.39	-40.49
10756.0	128.0	149.02	-40.32
10766.0	128.0	149.66	-40.14
10776.0	128.0	150.31	-39.97
10786.0	128.0	150.95	-39.81
10796.0	128.0	151.58	-39.65
10806.0	128.0	152.21	-39.51
10816.0	128.0	152.83	-39.38
10826.0	128.0	153.47	-39.27
10836.0	128.0	154.09	-39.18
10846.0	128.0	154.73	-39.11
10856.0	128.0	155.36	-39.05
10866.0	128.0	155.99	-38.97
10876.0	128.0	156.62	-38.87
10886.0	128.0	157.23	-38.73
10896.0	128.0	157.85	-38.53
10906.0	128.0	158.46	-38.28
10916.0	128.0	159.07	-37.98
10926.0	128.0	159.69	-37.71
10936.0	128.0	160.30	-37.49
10946.0	128.0	160.92	-37.31
10956.0	128.0	161.54	-37.16
10966.0	128.0	162.15	-37.02
10976.0	128.0	162.75	-36.88
10986.0	128.0	163.35	-36.72
10996.0	128.0	163.96	-36.56
11006.0	128.0	164.57	-36.41
11016.0	128.0	165.20	-36.28
11026.0	128.0	165.83	-36.18
11036.0	128.0	166.46	-36.10
11046.0	128.0	167.08	-36.02
11056.0	128.0	167.69	-35.90
11066.0	128.0	168.29	-35.77
11076.0	128.0	168.87	-35.60
11086.0	128.0	169.46	-35.41
11096.0	128.0	170.07	-35.16
11106.0	128.0	170.67	-34.91
11116.0	128.0	171.25	-34.66
11126.0	128.0	171.82	-34.41
11136.0	128.0	172.39	-34.17
11485.0	159.0	134.38	-80.22
11485.0	160.0	133.30	-81.31
11495.0	159.0	133.87	-79.84
11495.0	160.0	132.82	-80.95
11505.0	159.0	133.36	-79.49
11505.0	160.0	132.33	-80.60
11515.0	159.0	132.88	-79.16
11515.0	160.0	131.84	-80.24
11525.0	159.0	132.43	-78.87
11525.0	160.0	131.37	-79.91
11535.0	159.0	132.03	-78.63
11535.0	160.0	130.91	-79.59
11545.0	159.0	131.68	-78.46
11545.0	160.0	130.49	-79.30
11555.0	159.0	131.34	-78.37
11555.0	160.0	130.09	-79.07
11565.0	159.0	130.92	-78.28
11565.0	160.0	129.74	-78.90
11575.0	159.0	130.38	-78.07
11575.0	160.0	129.48	-78.82
11585.0	159.0	129.69	-77.61
11585.0	160.0	129.25	-78.78
11595.0	159.0	128.90	-76.74
11595.0	160.0	128.96	-78.62
11605.0	159.0	128.08	-75.46
11605.0	160.0	128.46	-78.09
11615.0	159.0	127.25	-73.93
11615.0	160.0	127.73	-77.11
11625.0	159.0	126.40	-72.37
11625.0	160.0	126.88	-75.82
11635.0	159.0	125.57	-70.95
11635.0	160.0	125.96	-74.42
11645.0	159.0	124.80	-69.81
11645.0	160.0	124.97	-73.01
11655.0	159.0	124.15	-68.96
11655.0	160.0	123.97	-71.67
11665.0	159.0	123.65	-68.36
11665.0	160.0	123.07	-70.51
11675.0	159.0	123.23	-67.89
11675.0	160.0	122.34	-69.58
11685.0	159.0	122.83	-67.43
11685.0	160.0	121.80	-68.84
11695.0	159.0	122.39	-66.87
11695.0	160.0	121.31	-68.14
11705.0	159.0	121.87	-66.13
11705.0	160.0	120.71	-67.35
11715.0	159.0	121.18	-65.24
11715.0	160.0	119.89	-66.42
11725.0	159.0	120.28	-64.26
11725.0	160.0	118.79	-65.42
11735.0	159.0	119.18	-63.27
11735.0	160.0	117.45	-64.45
11745.0	159.0	117.89	-62.42
11745.0	160.0	115.93	-63.64
11755.0	159.0	116.45	-61.73
11755.0	160.0	114.31	-63.00
11765.0	159.0	114.92	-61.16
11765.0	160.0	112.65	-62.61
11775.0	159.0	113.36	-60.63
11775.0	160.0	111.01	-62.43
11785.0	160.0	109.43	-62.42
11795.0	160.0	107.98	-62.56
11805.0	160.0	106.69	-62.79
11815.0	160.0	105.59	-63.06
11825.0	160.0	104.68	-63.33
11835.0	160.0	103.95	-63.56
11845.0	160.0	103.35	-63.79
11855.0	160.0	102.80	-64.05
11865.0	160.0	102.28	-64.31
11875.0	160.0	101.79	-64.61
15130.0	219.0	134.33	-80.54
15140.0	219.0	133.95	-80.30
15150.0	219.0	133.59	-80.04
15160.0	219.0	133.23	-79.80
15170.0	219.0	132.85	-79.59
15180.0	219.0	132.46	-79.40
15190.0	219.0	132.06	-79.22
15200.0	219.0	131.64	-79.07
15210.0	219.0	131.23	-78.92
15220.0	219.0	130.84	-78.75
15230.0	219.0	130.44	-78.57
15240.0	219.0	130.03	-78.35
15250.0	219.0	129.65	-78.06
15260.0	219.0	129.32	-77.73
15270.0	219.0	129.03	-77.37
15280.0	219.0	128.78	-77.03
15290.0	219.0	128.50	-76.72
15300.0	219.0	128.20	-76.40
15310.0	219.0	127.93	-76.04
15320.0	219.0	127.67	-75.66
15330.0	219.0	127.42	-75.29
15340.0	219.0	127.19	-74.90
15350.0	219.0	126.94	-74.50
15360.0	219.0	126.65	-74.14
15370.0	219.0	126.39	-73.77
15380.0	219.0	126.15	-73.40
15390.0	219.0	125.90	-73.07
15400.0	219.0	125.64	-72.75
15410.0	219.0	125.38	-72.41
15420.0	219.0	125.08	-72.09
15430.0	219.0	124.80	-71.76
15440.0	219.0	124.57	-71.40
15450.0	219.0	124.36	-71.04
15460.0	219.0	124.15	-70.69
15470.0	219.0	123.99	-70.35
15480.0	219.0	123.83	-70.00
15490.0	219.0	123.66	-69.68
15500.0	219.0	123.53	-69.39
15510.0	219.0	123.44	-69.10
15520.0	219.0	123.35	-68.87
15530.0	219.0	123.24	-68.66
15540.0	219.0	123.17	-68.46
15550.0	219.0	123.14	-68.25
15560.0	219.0	123.11	-68.08
15570.0	219.0	123.04	-67.97
15580.0	219.0	122.98	-67.91
15590.0	219.0	122.94	-67.89
15600.0	219.0	122.94	-67.88
15610.0	219.0	122.96	-67.87
15620.0	219.0	122.99	-67.87
15630.0	219.0	123.00	-67.88
15640.0	219.0	123.01	-67.88
15650.0	219.0	123.00	-67.89
15660.0	219.0	122.99	-67.89
15670.0	219.0	122.98	-67.89
15680.0	219.0	122.98	-67.90
15690.0	219.0	122.98	-67.91
15700.0	219.0	122.97	-67.91
15710.0	219.0	122.97	-67.91
15720.0	219.0	122.97	-67.91
15730.0	219.0	122.96	-67.91
15740.0	219.0	122.95	-67.91
15750.0	219.0	122.95	-67.91
15760.0	219.0	122.95	-67.91
15770.0	219.0	122.95	-67.91
15780.0	219.0	122.94	-67.92
15790.0	219.0	122.94	-67.92
15800.0	219.0	122.95	-67.92
15810.0	219.0	122.95	-67.92
15820.0	219.0	122.95	-67.91
15830.0	219.0	122.94	-67.91
15840.0	219.0	122.93	-67.91
15850.0	219.0	122.92	-67.91
15860.0	219.0	122.92	-67.92
15870.0	219.0	122.93	-67.92
15880.0	219.0	122.94	-67.91
15890.0	219.0	122.94	-67.91
15900.0	219.0	122.94	-67.90
15910.0	219.0	122.94	-67.90
15920.0	219.0	122.94	-67.90
15930.0	219.0	122.95	-67.90
15940.0	219.0	122.95	-67.91
15950.0	219.0	122.95	-67.91
15960.0	219.0	122.94	-67.91
15970.0	219.0	122.94	-67.91
15980.0	219.0	122.94	-67.92
15990.0	219.0	122.94	-67.92
16000.0	219.0	122.94	-67.93
16010.0	219.0	122.93	-67.93
16020.0	219.0	122.92	-67.92
16030.0	219.0	122.92	-67.92
16040.0	219.0	122.93	-67.91
16050.0	219.0	122.94	-67.91
16060.0	219.0	122.94	-67.91
16070.0	219.0	122.93	-67.92
16080.0	219.0	122.92	-67.92
16090.0	219.0	122.92	-67.93
16100.0	219.0	122.91	-67.93
16110.0	219.0	122.91	-67.93
16120.0	219.0	122.91	-67.94
16130.0	219.0	122.91	-67.94
16140.0	219.0	122.91	-67.93
16150.0	219.0	122.92	-67.93
16160.0	219.0	122.92	-67.93
16170.0	219.0	122.93	-67.93
16180.0	219.0	122.93	-67.93
16180.0	241.0	172.18	-33.98
16190.0	219.0	122.92	-67.93
16190.0	241.0	171.69	-34.16
16200.0	219.0	122.90	-67.94
16200.0	241.0	171.20	-34.35
16210.0	219.0	122.88	-67.94
16210.0	241.0	170.70	-34.53
16220.0	219.0	122.87	-67.92
16220.0	241.0	170.18	-34.70
16230.0	219.0	122.89	-67.88
16230.0	241.0	169.68	-34.87
16240.0	219.0	122.95	-67.80
16240.0	241.0	169.17	-35.02
16250.0	219.0	123.01	-67.71
16250.0	241.0	168.60	-35.17
16260.0	219.0	123.04	-67.63
16260.0	241.0	168.03	-35.33
16270.0	219.0	123.01	-67.56
16270.0	241.0	167.46	-35.49
16280.0	219.0	122.95	-67.49
16280.0	241.0	166.93	-35.64
16290.0	219.0	122.88	-67.38
16290.0	241.0	166.42	-35.75
16300.0	219.0	122.83	-67.17
16300.0	241.0	165.91	-35.83
16310.0	219.0	122.77	-66.84
16310.0	241.0	165.40	-35.89
16320.0	219.0	122.65	-66.43
16320.0	241.0	164.91	-35.93
16330.0	219.0	122.41	-66.00
16330.0	241.0	164.39	-35.94
16340.0	219.0	122.12	-65.55
16340.0	241.0	163.85	-35.97
16350.0	219.0	121.78	-65.12
16350.0	241.0	163.32	-36.01
16360.0	219.0	121.40	-64.73
16360.0	241.0	162.74	-36.04
16370.0	219.0	121.03	-64.34
16370.0	241.0	162.15	-36.07
16380.0	219.0	120.63	-63.96
16380.0	241.0	161.57	-36.09
16390.0	219.0	120.22	-63.60
16390.0	241.0	160.98	-36.08
16400.0	219.0	119.84	-63.23
16400.0	241.0	160.43	-36.08
16410.0	219.0	119.47	-62.84
16410.0	241.0	159.88	-36.04
16420.0	219.0	119.13	-62.46
16420.0	241.0	159.33	-36.00
16430.0	219.0	118.82	-62.04
16430.0	241.0	158.78	-36.00
16440.0	219.0	118.52	-61.62
16440.0	241.0	158.22	-36.02
16450.0	219.0	118.23	-61.22
16450.0	241.0	157.63	-36.06
16460.0	219.0	117.96	-60.82
16460.0	241.0	157.05	-36.15
16470.0	219.0	117.69	-60.44
16470.0	241.0	156.45	-36.26
16480.0	219.0	117.42	-60.04
16480.0	241.0	155.84	-36.42
16490.0	219.0	117.17	-59.62
16490.0	241.0	155.27	-36.59
16500.0	219.0	116.90	-59.21
16500.0	241.0	154.68	-36.76
16510.0	219.0	116.62	-58.83
16510.0	241.0	154.11	-36.93
16520.0	219.0	116.32	-58.46
16520.0	241.0	153.54	-37.08
16530.0	219.0	116.01	-58.12
16530.0	241.0	152.93	-37.21
16540.0	219.0	115.67	-57.82
16540.0	241.0	152.34	-37.34
16550.0	219.0	115.33	-57.55
16550.0	241.0	151.75	-37.48
16560.0	219.0	114.99	-57.33
16560.0	241.0	151.16	-37.63
16570.0	219.0	114.62	-57.19
16570.0	241.0	150.61	-37.77
16580.0	219.0	114.23	-57.12
16580.0	241.0	150.06	-37.91
16590.0	219.0	113.80	-57.08
16590.0	241.0	149.52	-38.05
16600.0	219.0	113.38	-57.10
16600.0	241.0	148.99	-38.19
16610.0	219.0	112.95	-57.14
16610.0	241.0	148.43	-38.36
16620.0	219.0	112.51	-57.18
16620.0	241.0	147.91	-38.54
16630.0	219.0	112.08	-57.25
16630.0	241.0	147.38	-38.72
16640.0	219.0	111.68	-57.37
16640.0	241.0	146.83	-38.90
16650.0	219.0	111.29	-57.50
16650.0	241.0	146.33	-39.06
16660.0	219.0	110.91	-57.65
16660.0	241.0	145.80	-39.21
16670.0	219.0	110.52	-57.81
16670.0	241.0	145.25	-39.37
16680.0	219.0	110.13	-57.96
16680.0	241.0	144.72	-39.54
16690.0	219.0	109.72	-58.11
16690.0	241.0	144.17	-39.73
16700.0	219.0	109.31	-58.26
16700.0	241.0	143.65	-39.95
16710.0	219.0	108.88	-58.40
16710.0	241.0	143.15	-40.15
16720.0	219.0	108.45	-58.55
16720.0	241.0	142.60	-40.30
16730.0	219.0	108.01	-58.69
16730.0	241.0	142.06	-40.45
16740.0	219.0	107.56	-58.83
16740.0	241.0	141.50	-40.58
16750.0	219.0	107.12	-58.99
16750.0	241.0	140.91	-40.72
16760.0	219.0	106.67	-59.15
16760.0	241.0	140.37	-40.85
16770.0	219.0	106.24	-59.32
16770.0	241.0	139.86	-40.96
16780.0	219.0	105.81	-59.51
16780.0	241.0	139.38	-41.06
16790.0	219.0	105.39	-59.71
16790.0	241.0	138.96	-41.14
16800.0	219.0	104.98	-59.91
16800.0	241.0	138.55	-41.21
16810.0	219.0	104.58	-60.13
16810.0	241.0	138.16	-41.29
16820.0	219.0	104.18	-60.35
16820.0	241.0	137.85	-41.36
16830.0	219.0	103.79	-60.56
16830.0	241.0	137.56	-41.42
16840.0	219.0	103.40	-60.75
16840.0	241.0	137.25	-41.49
16850.0	219.0	103.00	-60.93
16850.0	241.0	136.94	-41.58
16860.0	219.0	102.62	-61.13
16860.0	241.0	136.60	-41.67
16870.0	219.0	102.24	-61.33
16870.0	241.0	136.10	-41.76
16880.0	219.0	101.86	-61.50
16880.0	241.0	135.47	-41.90
16890.0	219.0	101.49	-61.69
16890.0	241.0	134.81	-42.07
16900.0	219.0	101.12	-61.87
16900.0	241.0	134.11	-42.26
16910.0	219.0	100.76	-62.04
16910.0	241.0	133.43	-42.46
16920.0	219.0	100.41	-62.22
16920.0	241.0	132.75	-42.66
16930.0	219.0	100.06	-62.44
16930.0	241.0	132.08	-42.87
16940.0	219.0	99.69	-62.65
16940.0	241.0	131.44	-43.11
16950.0	219.0	99.33	-62.86
16950.0	241.0	130.81	-43.36
16960.0	219.0	98.98	-63.11
16960.0	241.0	130.20	-43.61
16970.0	219.0	98.61	-63.32
16970.0	241.0	129.58	-43.87
16980.0	219.0	98.23	-63.51
16980.0	241.0	128.94	-44.13
16990.0	219.0	97.85	-63.72
16990.0	241.0	128.35	-44.38
17000.0	219.0	97.48	-63.93
17000.0	241.0	127.82	-44.62
17010.0	219.0	97.12	-64.15
17010.0	241.0	127.33	-44.93
17020.0	219.0	96.77	-64.38
17020.0	241.0	126.87	-45.29
17030.0	219.0	96.43	-64.62
17030.0	241.0	126.43	-45.69
17040.0	219.0	96.08	-64.85
17040.0	241.0	126.00	-46.09
17050.0	219.0	95.74	-65.08
17050.0	241.0	125.60	-46.50
17060.0	219.0	95.42	-65.32
17060.0	241.0	125.23	-46.92
17070.0	219.0	95.09	-65.53
17070.0	241.0	124.86	-47.35
17080.0	219.0	94.77	-65.73
17080.0	241.0	124.49	-47.79
17090.0	219.0	94.45	-65.95
17090.0	241.0	124.11	-48.23
17100.0	219.0	94.10	-66.15
17100.0	241.0	123.72	-48.67
17110.0	219.0	93.77	-66.35
17110.0	241.0	123.31	-49.11
17120.0	219.0	93.44	-66.58
17120.0	241.0	122.88	-49.53
17130.0	219.0	93.13	-66.82
17130.0	241.0	122.44	-49.95
17140.0	219.0	92.82	-67.04
17140.0	241.0	121.98	-50.36
17150.0	219.0	92.51	-67.25
17150.0	241.0	121.52	-50.76
17160.0	219.0	92.19	-67.48
17160.0	241.0	121.04	-51.14
17170.0	219.0	91.86	-67.70
17170.0	241.0	120.56	-51.52
17180.0	219.0	91.56	-67.91
17180.0	241.0	120.07	-51.90
17190.0	219.0	91.27	-68.15
17190.0	241.0	119.56	-52.30
17200.0	219.0	90.97	-68.39
17200.0	241.0	119.09	-52.67
17210.0	219.0	90.70	-68.64
17210.0	241.0	118.64	-52.95
17220.0	219.0	90.45	-68.88
17220.0	241.0	118.17	-53.23
17230.0	219.0	90.23	-69.15
17230.0	241.0	117.67	-53.52
17240.0	219.0	89.99	-69.41
17240.0	241.0	117.17	-53.81
17250.0	219.0	89.73	-69.68
17250.0	241.0	116.69	-54.10
17260.0	219.0	89.44	-69.95
17260.0	241.0	116.19	-54.36
17270.0	219.0	89.14	-70.21
17270.0	241.0	115.66	-54.60
17280.0	219.0	88.82	-70.46
17280.0	241.0	115.16	-54.83
17290.0	219.0	88.50	-70.70
17290.0	241.0	114.65	-55.08
17300.0	219.0	88.19	-70.92
17300.0	241.0	114.13	-55.34
17310.0	219.0	87.90	-71.15
17310.0	241.0	113.62	-55.61
17320.0	219.0	87.65	-71.38
17320.0	241.0	113.08	-55.86
17330.0	219.0	87.42	-71.64
17330.0	241.0	112.54	-56.11
17330.0	260.0	100.07	-93.88
17340.0	241.0	112.03	-56.35
17340.0	260.0	99.84	-94.13
17350.0	241.0	111.54	-56.59
17350.0	260.0	99.57	-94.37
17360.0	241.0	111.04	-56.82
17360.0	260.0	99.26	-94.62
17370.0	241.0	110.54	-57.06
17370.0	260.0	98.97	-94.83
17380.0	241.0	110.03	-57.29
17380.0	260.0	98.70	-94.95
17390.0	241.0	109.52	-57.52
17390.0	260.0	98.40	-95.07
17400.0	241.0	108.99	-57.75
17400.0	260.0	98.10	-95.24
17400.0	263.0	106.39	-90.96
17410.0	241.0	108.46	-57.97
17410.0	260.0	97.81	-95.42
17410.0	263.0	106.84	-91.04
17420.0	241.0	107.92	-58.18
17420.0	260.0	97.51	-95.60
17420.0	263.0	107.31	-91.07
17420.0	265.0	105.37	-91.14
17430.0	241.0	107.38	-58.38
17430.0	260.0	97.21	-95.78
17430.0	263.0	107.79	-91.06
17430.0	265.0	105.12	-91.61
17440.0	241.0	106.84	-58.57
17440.0	260.0	96.92	-95.97
17440.0	263.0	108.29	-91.05
17440.0	265.0	104.78	-92.02
17450.0	241.0	106.30	-58.75
17450.0	260.0	96.64	-96.13
17450.0	263.0	108.78	-91.01
17450.0	265.0	104.36	-92.38
17460.0	241.0	105.77	-58.92
17460.0	260.0	96.31	-96.24
17460.0	263.0	109.26	-90.94
17460.0	265.0	103.92	-92.72
17470.0	241.0	105.25	-59.08
17470.0	260.0	95.93	-96.31
17470.0	263.0	109.72	-90.83
17470.0	265.0	103.48	-93.03
17480.0	241.0	104.74	-59.24
17480.0	260.0	95.56	-96.30
17480.0	263.0	110.18	-90.66
17480.0	265.0	103.04	-93.32
17490.0	241.0	104.25	-59.40
17490.0	260.0	95.26	-96.20
17490.0	263.0	110.62	-90.44
17490.0	265.0	102.59	-93.57
17500.0	241.0	103.78	-59.57
17500.0	260.0	95.03	-96.03
17500.0	263.0	111.04	-90.17
17500.0	265.0	102.09	-93.81
17510.0	241.0	103.33	-59.76
17510.0	260.0	94.80	-95.82
17510.0	263.0	111.45	-89.87
17510.0	265.0	101.56	-94.03
17520.0	241.0	102.89	-59.99
17520.0	260.0	94.56	-95.55
17520.0	263.0	111.87	-89.56
17520.0	265.0	101.02	-94.22
17530.0	241.0	102.46	-60.23
17530.0	260.0	94.32	-95.23
17530.0	263.0	112.29	-89.29
17530.0	265.0	100.48	-94.42
17540.0	241.0	102.05	-60.47
17540.0	260.0	94.06	-94.89
17540.0	263.0	112.73	-89.09
17540.0	265.0	99.96	-94.63
17550.0	241.0	101.68	-60.73
17550.0	260.0	93.84	-94.50
17550.0	263.0	113.19	-88.93
17550.0	265.0	99.46	-94.86
17560.0	241.0	101.31	-61.00
17560.0	260.0	93.69	-94.07
17560.0	263.0	113.65	-88.79
17560.0	265.0	98.97	-95.12
17570.0	241.0	100.92	-61.24
17570.0	260.0	93.54	-93.65
17570.0	263.0	114.13	-88.65
17570.0	265.0	98.48	-95.37
17580.0	241.0	100.53	-61.47
17580.0	260.0	93.38	-93.21
17580.0	263.0	114.59	-88.48
17580.0	265.0	97.98	-95.58
17590.0	241.0	100.17	-61.69
17590.0	260.0	93.22	-92.71
17590.0	263.0	115.05	-88.28
17590.0	265.0	97.47	-95.75
17600.0	241.0	99.82	-61.89
17600.0	260.0	93.06	-92.17
17600.0	263.0	115.49	-88.07
17600.0	265.0	96.96	-95.85
17610.0	241.0	99.46	-62.07
17610.0	260.0	92.93	-91.60
17610.0	263.0	115.94	-87.86
17610.0	265.0	96.47	-95.90
17620.0	241.0	99.11	-62.26
17620.0	260.0	92.82	-91.02
17620.0	263.0	116.37	-87.66
17620.0	265.0	95.98	-95.92
17630.0	241.0	98.76	-62.46
17630.0	260.0	92.69	-90.45
17630.0	263.0	116.80	-87.47
17630.0	265.0	95.52	-95.84
17640.0	241.0	98.39	-62.65
17640.0	260.0	92.60	-89.86
17640.0	263.0	117.22	-87.28
17640.0	265.0	95.09	-95.63
17650.0	241.0	98.02	-62.83
17650.0	260.0	92.53	-89.31
17650.0	263.0	117.64	-87.10
17650.0	265.0	94.71	-95.32
17660.0	241.0	97.70	-63.03
17660.0	260.0	92.50	-88.79
17660.0	263.0	118.04	-86.94
17660.0	265.0	94.38	-94.95
17670.0	241.0	97.40	-63.22
17670.0	260.0	92.52	-88.27
17670.0	263.0	118.44	-86.79
17670.0	265.0	94.08	-94.52
17680.0	241.0	97.11	-63.42
17680.0	260.0	92.55	-87.71
17680.0	263.0	118.83	-86.64
17680.0	265.0	93.79	-94.05
17690.0	241.0	96.83	-63.63
17690.0	260.0	92.53	-87.09
17690.0	263.0	119.23	-86.47
17690.0	265.0	93.50	-93.56
17700.0	241.0	96.57	-63.85
17700.0	260.0	92.51	-86.47
17700.0	263.0	119.63	-86.30
17700.0	265.0	93.25	-93.05
17710.0	241.0	96.27	-64.07
17710.0	260.0	92.46	-85.88
17710.0	263.0	120.01	-86.10
17710.0	265.0	93.04	-92.52
17720.0	241.0	95.94	-64.31
17720.0	260.0	92.38	-85.31
17720.0	263.0	120.39	-85.88
17720.0	265.0	92.88	-91.98
17730.0	241.0	95.63	-64.55
17730.0	260.0	92.28	-84.74
17730.0	263.0	120.77	-85.65
17730.0	265.0	92.74	-91.44
17740.0	241.0	95.38	-64.78
17740.0	260.0	92.19	-84.17
17740.0	263.0	121.18	-85.43
17740.0	265.0	92.59	-90.92
17750.0	241.0	95.18	-65.01
17750.0	260.0	92.08	-83.62
17750.0	263.0	121.61	-85.23
17750.0	265.0	92.44	-90.38
17760.0	241.0	94.97	-65.24
17760.0	260.0	91.95	-83.09
17760.0	263.0	122.05	-85.04
17760.0	265.0	92.28	-89.82
17770.0	241.0	94.74	-65.41
17770.0	260.0	91.79	-82.54
17770.0	263.0	122.51	-84.86
17770.0	265.0	92.11	-89.26
17780.0	241.0	94.48	-65.52
17780.0	260.0	91.65	-81.94
17780.0	263.0	122.96	-84.71
17780.0	265.0	91.97	-88.72
17790.0	241.0	94.22	-65.62
17790.0	260.0	91.49	-81.33
17790.0	263.0	123.40	-84.57
17790.0	265.0	91.84	-88.20
17800.0	241.0	93.98	-65.75
17800.0	260.0	91.35	-80.72
17800.0	263.0	123.84	-84.48
17800.0	265.0	91.75	-87.69
17810.0	241.0	93.77	-65.85
17810.0	260.0	91.21	-80.12
17810.0	263.0	124.29	-84.40
17810.0	265.0	91.70	-87.18
17820.0	241.0	93.60	-65.89
17820.0	260.0	91.07	-79.51
17820.0	263.0	124.74	-84.32
17820.0	265.0	91.66	-86.67
17830.0	241.0	93.50	-65.88
17830.0	260.0	90.92	-78.90
17830.0	263.0	125.19	-84.21
17830.0	265.0	91.63	-86.14
17840.0	241.0	93.49	-65.85
17840.0	260.0	90.71	-78.30
17840.0	263.0	125.61	-84.06
17840.0	265.0	91.63	-85.65
17850.0	241.0	93.54	-65.84
17850.0	260.0	90.46	-77.72
17850.0	263.0	126.05	-83.88
17850.0	265.0	91.67	-85.22
17860.0	241.0	93.58	-65.85
17860.0	260.0	90.18	-77.18
17860.0	263.0	126.49	-83.68
17860.0	265.0	91.78	-84.88
17860.0	268.0	110.84	-88.17
17870.0	241.0	93.60	-65.86
17870.0	260.0	89.89	-76.66
17870.0	263.0	126.94	-83.48
17870.0	265.0	91.93	-84.60
17870.0	268.0	110.83	-88.35
17880.0	241.0	93.59	-65.87
17880.0	260.0	89.61	-76.12
17880.0	263.0	127.39	-83.29
17880.0	265.0	92.03	-84.33
17880.0	268.0	110.87	-88.55
17890.0	241.0	93.59	-65.87
17890.0	260.0	89.36	-75.56
17890.0	263.0	127.81	-83.06
17890.0	265.0	92.06	-83.97
17890.0	268.0	110.89	-88.74
17900.0	241.0	93.60	-65.87
17900.0	260.0	89.13	-75.00
17900.0	263.0	128.20	-82.79
17900.0	265.0	92.00	-83.52
17900.0	268.0	110.89	-88.87
17910.0	241.0	93.60	-65.86
17910.0	260.0	88.93	-74.43
17910.0	263.0	128.57	-82.49
17910.0	265.0	91.84	-82.99
17910.0	268.0	110.86	-88.94
17920.0	241.0	93.61	-65.85
17920.0	260.0	88.73	-73.88
17920.0	263.0	128.91	-82.19
17920.0	265.0	91.60	-82.42
17920.0	268.0	110.83	-88.94
17930.0	241.0	93.62	-65.85
17930.0	260.0	88.56	-73.35
17930.0	263.0	129.26	-81.87
17930.0	265.0	91.31	-81.84
17930.0	268.0	110.83	-88.90
17940.0	241.0	93.66	-65.89
17940.0	260.0	88.39	-72.81
17940.0	263.0	129.62	-81.56
17940.0	265.0	91.00	-81.29
17940.0	268.0	110.86	-88.86
17950.0	241.0	93.75	-66.01
17950.0	260.0	88.22	-72.28
17950.0	263.0	130.00	-81.28
17950.0	265.0	90.71	-80.74
17950.0	268.0	110.89	-88.87
17960.0	241.0	93.88	-66.18
17960.0	260.0	88.07	-71.74
17960.0	263.0	130.42	-81.05
17960.0	265.0	90.47	-80.20
17960.0	268.0	110.84	-88.94
17970.0	241.0	94.09	-66.36
17970.0	260.0	87.94	-71.22
17970.0	263.0	130.87	-80.90
17970.0	265.0	90.27	-79.64
17970.0	268.0	110.72	-89.04
17980.0	241.0	94.37	-66.53
17980.0	260.0	87.79	-70.68
17980.0	263.0	131.36	-80.87
17980.0	265.0	90.12	-79.08
17980.0	268.0	110.61	-89.13
17990.0	241.0	94.67	-66.68
17990.0	260.0	87.61	-70.12
17990.0	263.0	131.83	-80.93
17990.0	265.0	90.02	-78.52
17990.0	268.0	110.56	-89.16
18000.0	241.0	95.00	-66.81
18000.0	260.0	87.41	-69.57
18000.0	263.0	132.30	-81.09
18000.0	265.0	89.94	-77.96
18000.0	268.0	110.52	-89.13
18010.0	241.0	95.35	-66.91
18010.0	260.0	87.22	-69.00
18010.0	263.0	132.78	-81.28
18010.0	265.0	89.87	-77.40
18010.0	268.0	110.43	-89.09
18020.0	241.0	95.71	-67.02
18020.0	260.0	87.01	-68.45
18020.0	265.0	89.75	-76.85
18020.0	268.0	110.26	-89.15
18030.0	241.0	96.06	-67.14
18030.0	260.0	86.77	-67.91
18030.0	265.0	89.61	-76.28
18030.0	268.0	110.03	-89.34
18040.0	241.0	96.40	-67.22
18040.0	260.0	86.53	-67.38
18040.0	265.0	89.46	-75.72
18040.0	268.0	109.75	-89.61
18050.0	241.0	96.75	-67.25
18050.0	260.0	86.30	-66.87
18050.0	265.0	89.31	-75.16
18050.0	268.0	109.48	-89.88
18060.0	241.0	97.09	-67.24
18060.0	260.0	86.05	-66.39
18060.0	265.0	89.17	-74.59
18060.0	268.0	109.22	-90.20
18070.0	241.0	97.45	-67.18
18070.0	260.0	85.80	-65.91
18070.0	265.0	89.04	-74.04
18070.0	268.0	108.95	-90.52
18080.0	241.0	97.81	-67.06
18080.0	260.0	85.51	-65.44
18080.0	265.0	88.88	-73.48
18080.0	268.0	108.63	-90.85
18090.0	241.0	98.14	-66.87
18090.0	260.0	85.16	-65.00
18090.0	265.0	88.71	-72.94
18090.0	268.0	108.28	-91.16
18100.0	265.0	88.53	-72.42
18100.0	268.0	107.90	-91.39
18110.0	265.0	88.34	-71.94
18110.0	268.0	107.50	-91.52
18120.0	265.0	88.17	-71.46
18120.0	268.0	107.10	-91.51
18130.0	265.0	87.96	-70.96
18130.0	268.0	106.71	-91.49
18140.0	265.0	87.72	-70.44
18140.0	268.0	106.31	-91.57
18150.0	265.0	87.47	-69.92
18150.0	268.0	105.91	-91.72
18160.0	265.0	87.21	-69.41
18160.0	268.0	105.50	-91.88
18170.0	265.0	86.96	-68.92
18170.0	268.0	105.09	-92.05
18180.0	265.0	86.69	-68.41
18180.0	268.0	104.71	-92.20
18190.0	265.0	86.40	-67.90
18190.0	268.0	104.34	-92.35
18200.0	265.0	86.14	-67.40
18200.0	268.0	103.98	-92.51
18210.0	265.0	85.88	-66.89
18210.0	268.0	103.64	-92.62
18220.0	265.0	85.60	-66.38
18220.0	268.0	103.35	-92.69
18230.0	265.0	85.31	-65.85
18230.0	268.0	103.13	-92.70
18240.0	265.0	84.98	-65.35
18240.0	268.0	102.94	-92.67
18250.0	268.0	102.78	-92.64
18260.0	268.0	102.54	-92.66
18270.0	268.0	102.36	-92.65
18280.0	268.0	102.27	-92.59
18290.0	268.0	102.22	-92.53
18300.0	268.0	102.17	-92.52
18310.0	268.0	102.15	-92.53
18320.0	268.0	102.15	-92.52
18330.0	268.0	102.15	-92.50
18340.0	268.0	102.17	-92.49
18350.0	268.0	102.18	-92.49
18360.0	268.0	102.18	-92.50
18370.0	268.0	102.18	-92.50
18380.0	268.0	102.17	-92.50
18390.0	268.0	102.15	-92.51
18400.0	268.0	102.14	-92.52
18410.0	268.0	102.14	-92.51
18420.0	268.0	102.14	-92.47
18430.0	268.0	102.15	-92.43
18440.0	268.0	102.15	-92.39
18450.0	268.0	102.14	-92.31
18460.0	268.0	102.05	-92.13
18470.0	268.0	101.89	-91.84
18480.0	268.0	101.70	-91.46
18490.0	268.0	101.50	-91.04
18500.0	268.0	101.26	-90.62
18510.0	268.0	100.99	-90.20
18520.0	268.0	100.75	-89.72
18530.0	268.0	100.56	-89.16
18540.0	268.0	100.38	-88.61
18550.0	268.0	100.17	-88.10
18560.0	268.0	99.90	-87.62
18570.0	268.0	99.62	-87.17
18580.0	268.0	99.37	-86.70
18590.0	268.0	99.13	-86.23
18600.0	268.0	98.90	-85.75
18610.0	268.0	98.66	-85.28
18620.0	268.0	98.39	-84.81
18630.0	268.0	98.14	-84.34
18640.0	268.0	97.90	-83.87
18650.0	268.0	97.67	-83.40
18660.0	268.0	97.46	-82.91
18670.0	268.0	97.21	-82.44
18680.0	268.0	96.96	-81.96
18690.0	268.0	96.67	-81.47
18700.0	268.0	96.39	-80.99
18710.0	268.0	96.12	-80.50
18720.0	268.0	95.84	-80.02
18730.0	268.0	95.57	-79.56
18740.0	268.0	95.29	-79.08
18750.0	268.0	95.00	-78.60
18760.0	268.0	94.70	-78.11
18770.0	268.0	94.38	-77.65
18780.0	268.0	94.06	-77.21
18790.0	268.0	93.68	-76.82
18800.0	268.0	93.22	-76.48
18810.0	268.0	92.80	-76.11
18820.0	268.0	92.46	-75.71
18830.0	268.0	92.17	-75.27
18840.0	268.0	91.90	-74.82
18850.0	268.0	91.66	-74.36
18860.0	268.0	91.41	-73.90
18870.0	268.0	91.13	-73.43
18880.0	268.0	90.82	-72.99
18890.0	268.0	90.50	-72.59
18900.0	268.0	90.16	-72.20
18910.0	268.0	89.86	-71.83
18920.0	268.0	89.59	-71.49
18930.0	268.0	89.36	-71.13
18940.0	268.0	89.14	-70.74
18950.0	268.0	88.87	-70.30
18960.0	268.0	88.59	-69.82
18970.0	268.0	88.34	-69.30
18980.0	268.0	88.18	-68.78
18990.0	268.0	88.09	-68.26
19000.0	268.0	87.92	-67.78
19010.0	268.0	87.72	-67.29
19020.0	268.0	87.50	-66.78
19030.0	268.0	87.25	-66.28
19040.0	268.0	86.97	-65.80
19050.0	268.0	86.69	-65.32
19060.0	268.0	86.46	-64.85
19070.0	268.0	86.27	-64.37
20287.0	308.0	173.56	-33.99
20297.0	308.0	172.96	-34.17
20307.0	308.0	172.37	-34.35
20317.0	308.0	171.77	-34.53
20327.0	308.0	171.17	-34.74
20337.0	308.0	170.57	-34.96
20347.0	308.0	169.96	-35.19
20357.0	308.0	169.33	-35.45
20367.0	308.0	168.72	-35.66
20377.0	308.0	168.13	-35.83
20387.0	308.0	167.52	-35.98
20397.0	308.0	166.93	-36.11
20407.0	308.0	166.30	-36.23
20417.0	308.0	165.66	-36.32
20427.0	308.0	165.04	-36.33
20437.0	308.0	164.43	-36.27
20447.0	308.0	163.83	-36.16
20457.0	308.0	163.22	-36.02
20467.0	308.0	162.60	-35.85
20477.0	308.0	161.98	-35.66
20487.0	308.0	161.37	-35.43
20497.0	308.0	160.79	-35.16
20507.0	308.0	160.22	-34.85
20517.0	308.0	159.68	-34.52
20527.0	308.0	159.17	-34.18
20537.0	308.0	158.64	-33.85
20547.0	308.0	158.12	-33.53
20557.0	308.0	157.58	-33.23
20567.0	308.0	157.04	-32.94
20577.0	308.0	156.52	-32.63
20587.0	308.0	156.04	-32.26
20597.0	308.0	155.59	-31.85
20607.0	308.0	155.18	-31.42
20617.0	308.0	154.78	-30.98
20627.0	308.0	154.39	-30.49
20637.0	308.0	154.02	-29.98
20647.0	308.0	153.65	-29.49
20657.0	308.0	153.31	-29.01
20667.0	308.0	153.00	-28.52
20677.0	308.0	152.72	-27.99
20687.0	308.0	152.45	-27.46
20697.0	308.0	152.18	-26.96
20707.0	308.0	151.91	-26.45
20717.0	308.0	151.66	-25.92
20727.0	308.0	151.44	-25.36
20737.0	308.0	151.24	-24.83
20747.0	308.0	151.06	-24.29
20757.0	308.0	150.92	-23.75
20767.0	308.0	150.80	-23.20
20777.0	308.0	150.69	-22.64
20787.0	308.0	150.60	-22.09
20797.0	308.0	150.51	-21.54
20807.0	308.0	150.40	-20.98
20817.0	308.0	150.31	-20.42
20827.0	308.0	150.21	-19.86
20837.0	308.0	150.11	-19.31
20847.0	308.0	150.04	-18.74
20857.0	308.0	149.98	-18.17
20867.0	308.0	149.94	-17.59
20877.0	308.0	149.92	-17.01
20887.0	308.0	149.93	-16.45
20897.0	308.0	149.95	-15.90
20907.0	308.0	149.99	-15.35
20917.0	308.0	150.03	-14.79
20927.0	308.0	150.06	-14.22
20937.0	308.0	150.06	-13.67
20947.0	308.0	150.05	-13.12
20957.0	308.0	150.05	-12.57
20967.0	308.0	150.03	-12.02
20977.0	308.0	149.98	-11.48
20987.0	308.0	149.95	-10.93
20997.0	308.0	149.91	-10.38
21007.0	308.0	149.88	-9.83
21017.0	308.0	149.88	-9.28
21027.0	308.0	149.88	-8.75
21037.0	308.0	149.88	-8.21
21047.0	308.0	149.91	-7.69
21057.0	308.0	149.96	-7.16
21067.0	308.0	150.03	-6.61
21077.0	308.0	150.07	-6.05
21087.0	308.0	150.11	-5.51
21097.0	308.0	150.16	-4.96
21107.0	308.0	150.19	-4.40
23761.0	351.0	85.06	-65.10
23771.0	351.0	85.26	-65.46
23781.0	351.0	85.44	-65.82
23791.0	351.0	85.61	-66.14
23801.0	351.0	85.79	-66.43
23811.0	351.0	85.96	-66.69
23821.0	351.0	86.06	-66.87
23831.0	351.0	86.08	-66.94
23831.0	353.0	133.13	-80.57
23841.0	351.0	86.08	-66.92
23841.0	353.0	132.21	-79.68
23851.0	351.0	86.10	-66.89
23851.0	353.0	131.33	-78.77
23861.0	351.0	86.13	-66.90
23861.0	353.0	130.49	-77.78
23871.0	351.0	86.16	-66.91
23871.0	353.0	129.67	-76.67
23881.0	351.0	86.16	-66.91
23881.0	353.0	128.89	-75.49
23891.0	351.0	86.16	-66.90
23891.0	353.0	128.15	-74.32
23901.0	351.0	86.16	-66.90
23901.0	353.0	127.46	-73.23
23911.0	351.0	86.16	-66.90
23911.0	353.0	126.78	-72.27
23921.0	351.0	86.16	-66.90
23921.0	353.0	126.09	-71.43
23931.0	351.0	86.16	-66.90
23931.0	353.0	125.39	-70.71
23941.0	351.0	86.16	-66.90
23941.0	353.0	124.70	-70.10
23951.0	351.0	86.16	-66.89
23951.0	353.0	124.08	-69.59
23961.0	351.0	86.16	-66.90
23961.0	353.0	123.56	-69.15
23971.0	351.0	86.14	-66.93
23971.0	353.0	123.15	-68.75
23981.0	351.0	86.13	-66.98
23981.0	353.0	122.78	-68.41
23991.0	351.0	86.13	-67.07
23991.0	353.0	122.42	-68.13
24001.0	351.0	86.17	-67.19
24001.0	353.0	122.11	-67.86
24011.0	351.0	86.25	-67.33
24011.0	353.0	121.87	-67.66
24021.0	351.0	86.30	-67.47
24021.0	353.0	121.75	-67.56
24031.0	351.0	86.33	-67.62
24031.0	353.0	121.74	-67.51
24041.0	351.0	86.37	-67.78
24041.0	353.0	121.76	-67.49
24051.0	351.0	86.45	-67.94
24051.0	353.0	121.76	-67.49
24061.0	351.0	86.56	-68.13
24061.0	353.0	121.74	-67.49
24071.0	351.0	86.66	-68.35
24071.0	353.0	121.70	-67.49
24081.0	351.0	86.74	-68.57
24081.0	353.0	121.69	-67.48
24091.0	351.0	86.83	-68.79
24091.0	353.0	121.69	-67.50
24101.0	351.0	86.98	-69.02
24101.0	353.0	121.72	-67.57
24111.0	351.0	87.15	-69.27
24111.0	353.0	121.79	-67.66
24121.0	351.0	87.33	-69.54
24121.0	353.0	121.86	-67.75
24131.0	351.0	87.46	-69.79
24131.0	353.0	121.90	-67.79
24141.0	351.0	87.57	-70.03
24141.0	353.0	121.90	-67.78
24151.0	351.0	87.67	-70.24
24151.0	353.0	121.88	-67.76
24161.0	351.0	87.77	-70.41
24161.0	353.0	121.85	-67.73
24171.0	351.0	87.86	-70.53
24171.0	353.0	121.84	-67.73
24181.0	351.0	87.90	-70.59
24181.0	353.0	121.84	-67.72
24191.0	351.0	87.91	-70.61
24191.0	353.0	121.77	-67.62
24201.0	351.0	87.92	-70.63
24201.0	353.0	121.47	-67.28
24211.0	351.0	87.92	-70.64
24211.0	353.0	120.81	-66.61
24221.0	351.0	87.91	-70.64
24221.0	353.0	119.81	-65.79
24231.0	351.0	87.90	-70.63
24231.0	353.0	118.55	-64.99
24241.0	351.0	87.89	-70.63
24241.0	353.0	117.12	-64.33
24251.0	351.0	87.90	-70.63
24251.0	353.0	115.62	-63.82
24261.0	351.0	87.90	-70.63
24261.0	353.0	114.07	-63.46
24271.0	351.0	87.89	-70.63
24271.0	353.0	112.47	-63.27
24281.0	351.0	87.87	-70.63
24281.0	353.0	110.86	-63.22
24291.0	351.0	87.87	-70.61
24291.0	353.0	109.25	-63.30
24301.0	351.0	87.95	-70.59
24301.0	353.0	107.68	-63.48
24311.0	351.0	88.11	-70.54
24311.0	353.0	106.18	-63.74
24321.0	351.0	88.36	-70.47
24321.0	353.0	104.78	-64.06
24331.0	351.0	88.67	-70.35
24331.0	353.0	103.49	-64.43
24341.0	351.0	89.04	-70.18
24341.0	353.0	102.34	-64.83
24351.0	351.0	89.43	-69.96
24351.0	353.0	101.34	-65.25
24361.0	351.0	89.82	-69.70
24361.0	353.0	100.48	-65.66
24371.0	351.0	90.21	-69.41
24371.0	353.0	99.73	-66.04
24381.0	351.0	90.60	-69.13
24381.0	353.0	99.05	-66.39
24391.0	351.0	90.99	-68.88
24391.0	353.0	98.39	-66.71
24401.0	351.0	91.41	-68.68
24401.0	353.0	97.75	-67.03
24411.0	351.0	91.88	-68.48
24411.0	353.0	97.15	-67.33
24421.0	351.0	92.38	-68.30
24421.0	353.0	96.58	-67.64
24431.0	351.0	92.92	-68.14
24431.0	353.0	96.04	-67.93
24441.0	351.0	93.47	-67.98
24441.0	353.0	95.51	-68.23
24451.0	351.0	94.04	-67.86
24451.0	353.0	95.01	-68.51
24461.0	351.0	94.65	-67.75
24461.0	353.0	94.52	-68.78
24471.0	351.0	95.30	-67.64
24481.0	351.0	95.97	-67.51
24491.0	351.0	96.63	-67.36
24501.0	351.0	97.29	-67.13
24511.0	351.0	97.98	-66.81
24521.0	351.0	98.77	-66.39
24531.0	351.0	99.68	-65.88
24541.0	351.0	100.70	-65.33
24551.0	351.0	101.77	-64.81
24561.0	351.0	102.81	-64.35
