9505.0	116.0	125.34	-71.33
9505.0	117.0	125.89	-71.10
9515.0	116.0	125.13	-70.89
9515.0	117.0	125.50	-70.71
9525.0	116.0	124.79	-70.52
9525.0	117.0	125.12	-70.34
9535.0	116.0	124.38	-70.21
9535.0	117.0	124.75	-69.98
9545.0	116.0	123.93	-69.99
9545.0	117.0	124.40	-69.65
9555.0	116.0	123.55	-69.78
9555.0	117.0	124.06	-69.38
9565.0	116.0	123.28	-69.61
9565.0	117.0	123.78	-69.16
9575.0	116.0	123.09	-69.48
9575.0	117.0	123.61	-68.93
9981.0	134.0	122.86	-68.07
9991.0	134.0	122.84	-67.97
10001.0	134.0	122.85	-67.75
10011.0	134.0	122.87	-67.44
10021.0	134.0	122.88	-67.05
10031.0	134.0	122.85	-66.57
10031.0	135.0	122.14	-68.15
10041.0	134.0	122.75	-66.02
10041.0	135.0	121.93	-67.65
10051.0	134.0	122.53	-65.47
10051.0	135.0	121.66	-67.12
10061.0	134.0	122.20	-64.97
10061.0	135.0	121.38	-66.57
10071.0	134.0	121.78	-64.57
10071.0	135.0	121.06	-66.02
10081.0	134.0	121.30	-64.24
10081.0	135.0	120.73	-65.51
10091.0	134.0	120.82	-63.97
10091.0	135.0	120.39	-65.06
10101.0	134.0	120.36	-63.72
10101.0	135.0	119.99	-64.67
10111.0	134.0	119.91	-63.47
10111.0	135.0	119.57	-64.35
10121.0	134.0	119.46	-63.24
10121.0	135.0	119.10	-64.08
10131.0	134.0	118.99	-63.05
10131.0	135.0	118.61	-63.83
10141.0	134.0	118.50	-62.87
10141.0	135.0	118.14	-63.59
10151.0	134.0	118.01	-62.71
10151.0	135.0	117.66	-63.36
10161.0	134.0	117.52	-62.53
10161.0	135.0	117.18	-63.19
10171.0	134.0	117.06	-62.35
10171.0	135.0	116.70	-63.08
10181.0	134.0	116.59	-62.18
10181.0	135.0	116.23	-63.00
10191.0	134.0	116.11	-62.04
10191.0	135.0	115.76	-62.88
10201.0	134.0	115.62	-61.94
10201.0	135.0	115.28	-62.75
10211.0	134.0	115.15	-61.88
10211.0	135.0	114.76	-62.62
10221.0	134.0	114.68	-61.84
10221.0	135.0	114.25	-62.52
10231.0	134.0	114.20	-61.81
10231.0	135.0	113.72	-62.48
10241.0	134.0	113.71	-61.80
10241.0	135.0	113.19	-62.46
10251.0	134.0	113.21	-61.80
10251.0	135.0	112.67	-62.47
10261.0	134.0	112.71	-61.83
10261.0	135.0	112.15	-62.51
10271.0	134.0	112.21	-61.87
10271.0	135.0	111.64	-62.56
10281.0	134.0	111.71	-61.94
10281.0	135.0	111.14	-62.63
10291.0	134.0	111.22	-62.02
10291.0	135.0	110.64	-62.71
10301.0	134.0	110.74	-62.11
10301.0	135.0	110.15	-62.81
10311.0	134.0	110.26	-62.22
10311.0	135.0	109.67	-62.92
10321.0	134.0	109.79	-62.35
10321.0	135.0	109.20	-63.04
10331.0	134.0	109.33	-62.48
10331.0	135.0	108.73	-63.17
10341.0	134.0	108.88	-62.63
10341.0	135.0	108.26	-63.31
10351.0	134.0	108.43	-62.78
10351.0	135.0	107.80	-63.47
10361.0	134.0	108.00	-62.94
10361.0	135.0	107.34	-63.63
10371.0	134.0	107.57	-63.10
10371.0	135.0	106.88	-63.79
10381.0	134.0	107.14	-63.26
10381.0	135.0	106.40	-63.95
10391.0	134.0	106.71	-63.42
10391.0	135.0	105.93	-64.12
10401.0	134.0	106.28	-63.58
10401.0	135.0	105.46	-64.28
10411.0	134.0	105.84	-63.73
10411.0	135.0	105.00	-64.42
10421.0	134.0	105.39	-63.86
10421.0	135.0	104.55	-64.55
10431.0	134.0	104.95	-63.97
10431.0	135.0	104.08	-64.66
10441.0	134.0	104.51	-64.07
10441.0	135.0	103.60	-64.75
10451.0	134.0	104.09	-64.15
10451.0	135.0	103.12	-64.82
10461.0	134.0	103.70	-64.23
10461.0	135.0	102.65	-64.86
10471.0	134.0	103.34	-64.32
10471.0	135.0	102.20	-64.90
10481.0	134.0	102.97	-64.40
10481.0	135.0	101.76	-64.96
10491.0	134.0	102.60	-64.48
10491.0	135.0	101.30	-65.03
10501.0	134.0	102.25	-64.58
10511.0	134.0	101.91	-64.68
10521.0	134.0	101.60	-64.79
10531.0	134.0	101.33	-64.92
10541.0	134.0	101.10	-65.07
10754.0	140.0	78.57	-107.41
10764.0	140.0	79.04	-107.23
10774.0	140.0	79.53	-107.02
10784.0	140.0	80.01	-106.81
10794.0	140.0	80.50	-106.63
10804.0	140.0	80.98	-106.46
10814.0	140.0	81.46	-106.28
10824.0	140.0	81.96	-106.10
10834.0	140.0	82.47	-105.92
10844.0	140.0	82.99	-105.74
10854.0	140.0	83.50	-105.57
10864.0	140.0	83.99	-105.40
10874.0	140.0	84.48	-105.23
10884.0	140.0	84.96	-105.03
10894.0	140.0	85.43	-104.82
10904.0	140.0	85.92	-104.61
10914.0	140.0	86.41	-104.38
10924.0	140.0	86.88	-104.18
10934.0	140.0	87.35	-103.98
10944.0	140.0	87.81	-103.76
10954.0	140.0	88.26	-103.55
10964.0	140.0	88.72	-103.35
10974.0	140.0	89.19	-103.16
10984.0	140.0	89.68	-102.98
10994.0	140.0	90.18	-102.79
11004.0	140.0	90.68	-102.60
11014.0	140.0	91.19	-102.39
11024.0	140.0	91.68	-102.16
11034.0	140.0	92.16	-101.92
11044.0	140.0	92.63	-101.66
11054.0	140.0	93.08	-101.40
11064.0	140.0	93.55	-101.18
11074.0	140.0	94.04	-100.94
11084.0	140.0	94.53	-100.70
11094.0	140.0	95.03	-100.49
11104.0	140.0	95.50	-100.26
11114.0	140.0	95.95	-100.05
11124.0	140.0	96.42	-99.82
11134.0	140.0	96.87	-99.55
11144.0	140.0	97.33	-99.30
11154.0	140.0	97.80	-99.04
11164.0	140.0	98.26	-98.77
11174.0	140.0	98.72	-98.52
11184.0	140.0	99.18	-98.26
11184.0	145.0	157.38	-32.85
11194.0	140.0	99.62	-98.01
11194.0	145.0	157.87	-33.24
11204.0	140.0	100.08	-97.74
11204.0	145.0	158.39	-33.61
11214.0	140.0	100.56	-97.45
11214.0	145.0	158.95	-33.95
11224.0	140.0	101.02	-97.18
11224.0	145.0	159.59	-34.21
11234.0	140.0	101.48	-96.91
11234.0	145.0	160.25	-34.41
11244.0	140.0	101.94	-96.63
11244.0	145.0	160.90	-34.59
11254.0	140.0	102.41	-96.37
11254.0	145.0	161.53	-34.76
11264.0	140.0	102.87	-96.10
11264.0	145.0	162.13	-34.94
11274.0	140.0	103.32	-95.83
11274.0	145.0	162.71	-35.14
11284.0	140.0	103.76	-95.56
11284.0	145.0	163.29	-35.31
11294.0	140.0	104.20	-95.27
11294.0	145.0	163.91	-35.43
11304.0	140.0	104.63	-94.99
11304.0	145.0	164.56	-35.48
11314.0	140.0	105.10	-94.72
11314.0	145.0	165.24	-35.47
11324.0	140.0	105.57	-94.47
11324.0	145.0	165.95	-35.40
11334.0	140.0	106.05	-94.25
11334.0	145.0	166.66	-35.27
11344.0	140.0	106.53	-94.05
11344.0	145.0	167.36	-35.11
11354.0	140.0	107.01	-93.84
11354.0	145.0	168.04	-34.93
11364.0	140.0	107.48	-93.62
11364.0	145.0	168.68	-34.73
11374.0	140.0	107.93	-93.40
11374.0	145.0	169.30	-34.53
11384.0	140.0	108.38	-93.15
11384.0	145.0	169.90	-34.33
11394.0	140.0	108.86	-92.91
11394.0	145.0	170.51	-34.11
11404.0	140.0	109.33	-92.64
11404.0	145.0	171.14	-33.86
11414.0	140.0	109.80	-92.38
11414.0	145.0	171.76	-33.62
11424.0	140.0	110.28	-92.14
11424.0	145.0	172.39	-33.37
11434.0	140.0	110.74	-91.90
11434.0	145.0	173.00	-33.11
11444.0	140.0	111.21	-91.67
11444.0	145.0	173.60	-32.86
11454.0	140.0	111.68	-91.43
11454.0	145.0	174.21	-32.62
11464.0	140.0	112.13	-91.17
11464.0	145.0	174.81	-32.42
11474.0	140.0	112.59	-90.91
11484.0	140.0	113.06	-90.64
11494.0	140.0	113.52	-90.37
11504.0	140.0	114.02	-90.14
11514.0	140.0	114.49	-89.90
11524.0	140.0	114.95	-89.67
11534.0	140.0	115.42	-89.43
11544.0	140.0	115.88	-89.15
11554.0	140.0	116.34	-88.88
11564.0	140.0	116.81	-88.61
11574.0	140.0	117.28	-88.35
11584.0	140.0	117.76	-88.11
11594.0	140.0	118.23	-87.84
11604.0	140.0	118.70	-87.59
11614.0	140.0	119.18	-87.37
11624.0	140.0	119.67	-87.16
11634.0	140.0	120.17	-86.97
11644.0	140.0	120.67	-86.79
11654.0	140.0	121.14	-86.59
11664.0	140.0	121.63	-86.39
11674.0	140.0	122.12	-86.17
11684.0	140.0	122.59	-85.93
11694.0	140.0	123.06	-85.71
11704.0	140.0	123.52	-85.48
11714.0	140.0	123.99	-85.25
11724.0	140.0	124.47	-85.02
11734.0	140.0	124.93	-84.77
11744.0	140.0	125.40	-84.53
11754.0	140.0	125.85	-84.27
11764.0	140.0	126.30	-84.00
11774.0	140.0	126.75	-83.74
11784.0	140.0	127.19	-83.48
11794.0	140.0	127.64	-83.20
11804.0	140.0	128.10	-82.92
11814.0	140.0	128.55	-82.65
11824.0	140.0	129.00	-82.40
11834.0	140.0	129.48	-82.18
11844.0	140.0	129.97	-81.98
11854.0	140.0	130.47	-81.84
11864.0	140.0	130.98	-81.74
11874.0	140.0	131.49	-81.70
11884.0	140.0	132.01	-81.70
11894.0	140.0	132.52	-81.76
17043.0	208.0	130.85	-9.70
17053.0	208.0	130.79	-10.37
17063.0	208.0	130.73	-11.07
17073.0	208.0	130.65	-11.78
17083.0	208.0	130.57	-12.47
17093.0	208.0	130.48	-13.17
17103.0	208.0	130.40	-13.87
17113.0	208.0	130.32	-14.58
17123.0	208.0	130.25	-15.28
17133.0	208.0	130.20	-15.96
17143.0	208.0	130.15	-16.65
17153.0	208.0	130.09	-17.33
17153.0	209.0	138.59	-77.39
17163.0	208.0	130.01	-18.00
17163.0	209.0	138.21	-77.77
17173.0	208.0	129.93	-18.67
17173.0	209.0	137.82	-78.18
17173.0	210.0	137.60	-77.53
17183.0	208.0	129.84	-19.34
17183.0	209.0	137.40	-78.53
17183.0	210.0	137.15	-77.75
17193.0	208.0	129.72	-20.04
17193.0	209.0	136.97	-78.81
17193.0	210.0	136.65	-78.00
17203.0	208.0	129.61	-20.72
17203.0	209.0	136.54	-79.06
17203.0	210.0	136.16	-78.26
17213.0	208.0	129.50	-21.42
17213.0	209.0	136.10	-79.32
17213.0	210.0	135.69	-78.50
17223.0	208.0	129.39	-22.13
17223.0	209.0	135.67	-79.58
17223.0	210.0	135.22	-78.73
17233.0	208.0	129.32	-22.82
17233.0	209.0	135.26	-79.84
17233.0	210.0	134.75	-78.99
17243.0	208.0	129.26	-23.52
17243.0	209.0	134.85	-80.09
17243.0	210.0	134.25	-79.29
17253.0	208.0	129.25	-24.21
17253.0	209.0	134.44	-80.33
17253.0	210.0	133.74	-79.58
17263.0	208.0	129.24	-24.91
17263.0	209.0	133.99	-80.56
17263.0	210.0	133.28	-79.81
17273.0	208.0	129.22	-25.59
17273.0	209.0	133.53	-80.78
17273.0	210.0	132.86	-80.03
17283.0	208.0	129.18	-26.26
17283.0	209.0	133.05	-80.99
17283.0	210.0	132.45	-80.28
17293.0	208.0	129.12	-26.94
17293.0	209.0	132.55	-81.20
17293.0	210.0	132.03	-80.52
17303.0	208.0	129.04	-27.61
17303.0	209.0	132.06	-81.43
17303.0	210.0	131.59	-80.76
17313.0	208.0	128.93	-28.30
17313.0	209.0	131.56	-81.67
17313.0	210.0	131.17	-81.00
17323.0	208.0	128.82	-29.00
17323.0	209.0	131.07	-81.92
17323.0	210.0	130.73	-81.27
17333.0	208.0	128.69	-29.71
17333.0	209.0	130.59	-82.17
17333.0	210.0	130.28	-81.53
17343.0	208.0	128.57	-30.42
17343.0	209.0	130.14	-82.41
17343.0	210.0	129.80	-81.71
17353.0	208.0	128.46	-31.10
17353.0	209.0	129.68	-82.64
17353.0	210.0	129.32	-81.87
17363.0	208.0	128.34	-31.76
17363.0	209.0	129.23	-82.87
17363.0	210.0	128.87	-82.06
17373.0	208.0	128.22	-32.41
17373.0	209.0	128.76	-83.11
17373.0	210.0	128.43	-82.29
17383.0	208.0	128.10	-33.05
17383.0	209.0	128.30	-83.37
17383.0	210.0	127.96	-82.55
17393.0	208.0	127.98	-33.71
17393.0	209.0	127.83	-83.64
17393.0	210.0	127.50	-82.80
17403.0	208.0	127.89	-34.36
17403.0	209.0	127.36	-83.93
17403.0	210.0	127.05	-83.04
17413.0	208.0	127.79	-35.00
17413.0	209.0	126.89	-84.20
17413.0	210.0	126.59	-83.28
17423.0	208.0	127.68	-35.65
17423.0	209.0	126.43	-84.43
17423.0	210.0	126.11	-83.52
17433.0	208.0	127.56	-36.28
17433.0	209.0	125.96	-84.66
17433.0	210.0	125.63	-83.77
17443.0	208.0	127.41	-36.93
17443.0	209.0	125.48	-84.88
17443.0	210.0	125.18	-84.01
17453.0	208.0	127.23	-37.59
17453.0	209.0	125.01	-85.11
17453.0	210.0	124.74	-84.25
17453.0	213.0	173.97	-33.78
17463.0	208.0	127.02	-38.25
17463.0	209.0	124.54	-85.33
17463.0	210.0	124.28	-84.49
17463.0	213.0	173.39	-34.00
17473.0	208.0	126.81	-38.90
17473.0	209.0	124.08	-85.54
17473.0	210.0	123.82	-84.71
17473.0	213.0	172.82	-34.23
17483.0	208.0	126.61	-39.55
17483.0	209.0	123.61	-85.73
17483.0	210.0	123.34	-84.89
17483.0	213.0	172.25	-34.45
17493.0	208.0	126.40	-40.21
17493.0	209.0	123.14	-85.89
17493.0	210.0	122.89	-85.04
17493.0	213.0	171.70	-34.67
17503.0	208.0	126.18	-40.86
17503.0	209.0	122.66	-86.07
17503.0	210.0	122.43	-85.21
17503.0	213.0	171.14	-34.86
17513.0	208.0	125.95	-41.49
17513.0	209.0	122.17	-86.25
17513.0	210.0	121.95	-85.39
17513.0	213.0	170.58	-35.04
17523.0	208.0	125.73	-42.10
17523.0	209.0	121.68	-86.44
17523.0	210.0	121.48	-85.58
17523.0	213.0	170.01	-35.22
17533.0	208.0	125.50	-42.71
17533.0	209.0	121.20	-86.64
17533.0	210.0	121.00	-85.77
17533.0	213.0	169.41	-35.38
17543.0	208.0	125.31	-43.34
17543.0	209.0	120.72	-86.85
17543.0	210.0	120.52	-85.99
17543.0	213.0	168.82	-35.55
17553.0	208.0	125.11	-43.96
17553.0	209.0	120.25	-87.04
17553.0	210.0	120.06	-86.23
17553.0	213.0	168.24	-35.73
17563.0	208.0	124.92	-44.58
17563.0	209.0	119.80	-87.23
17563.0	210.0	119.59	-86.48
17563.0	213.0	167.67	-35.90
17573.0	208.0	124.72	-45.20
17573.0	209.0	119.35	-87.43
17573.0	210.0	119.10	-86.73
17573.0	213.0	167.10	-36.08
17583.0	208.0	124.52	-45.80
17583.0	209.0	118.89	-87.65
17583.0	210.0	118.60	-86.94
17583.0	213.0	166.52	-36.25
17593.0	208.0	124.29	-46.39
17593.0	209.0	118.44	-87.90
17593.0	210.0	118.10	-87.12
17593.0	213.0	165.94	-36.42
17603.0	208.0	124.04	-46.95
17603.0	209.0	117.99	-88.15
17603.0	210.0	117.64	-87.31
17603.0	213.0	165.35	-36.59
17613.0	208.0	123.76	-47.49
17613.0	209.0	117.55	-88.35
17613.0	210.0	117.18	-87.52
17613.0	213.0	164.75	-36.76
17623.0	208.0	123.44	-48.00
17623.0	209.0	117.11	-88.56
17623.0	210.0	116.73	-87.75
17623.0	213.0	164.16	-36.93
17633.0	208.0	123.10	-48.48
17633.0	209.0	116.65	-88.82
17633.0	210.0	116.27	-87.99
17633.0	213.0	163.56	-37.09
17643.0	208.0	122.72	-48.93
17643.0	209.0	116.20	-89.08
17643.0	210.0	115.81	-88.23
17643.0	213.0	162.97	-37.24
17653.0	208.0	122.31	-49.36
17653.0	209.0	115.76	-89.31
17653.0	210.0	115.36	-88.45
17653.0	213.0	162.38	-37.38
17663.0	208.0	121.87	-49.76
17663.0	209.0	115.32	-89.52
17663.0	210.0	114.92	-88.67
17663.0	213.0	161.79	-37.52
17673.0	208.0	121.41	-50.14
17673.0	209.0	114.88	-89.74
17673.0	210.0	114.49	-88.93
17673.0	213.0	161.20	-37.67
17683.0	208.0	120.92	-50.50
17683.0	209.0	114.43	-89.96
17683.0	210.0	114.06	-89.21
17683.0	213.0	160.58	-37.85
17693.0	208.0	120.43	-50.84
17693.0	209.0	113.99	-90.20
17693.0	210.0	113.62	-89.48
17693.0	213.0	159.94	-38.07
17703.0	208.0	119.92	-51.17
17703.0	209.0	113.56	-90.45
17703.0	210.0	113.20	-89.74
17703.0	213.0	159.31	-38.28
17713.0	208.0	119.42	-51.49
17713.0	209.0	113.13	-90.67
17713.0	210.0	112.79	-89.98
17713.0	213.0	158.69	-38.45
17723.0	208.0	118.93	-51.81
17723.0	209.0	112.70	-90.89
17723.0	210.0	112.37	-90.22
17723.0	213.0	158.08	-38.59
17733.0	208.0	118.46	-52.14
17733.0	209.0	112.28	-91.11
17733.0	210.0	111.94	-90.47
17733.0	213.0	157.48	-38.69
17743.0	208.0	117.99	-52.47
17743.0	209.0	111.86	-91.34
17743.0	210.0	111.49	-90.72
17743.0	213.0	156.87	-38.78
17753.0	208.0	117.52	-52.82
17753.0	209.0	111.44	-91.60
17753.0	210.0	111.05	-90.97
17753.0	213.0	156.28	-38.88
17763.0	208.0	117.04	-53.20
17763.0	209.0	111.02	-91.83
17763.0	210.0	110.63	-91.20
17763.0	213.0	155.69	-38.98
17773.0	208.0	116.55	-53.61
17773.0	209.0	110.59	-92.07
17773.0	210.0	110.23	-91.43
17773.0	213.0	155.11	-39.07
17783.0	208.0	116.09	-54.06
17783.0	209.0	110.17	-92.31
17783.0	210.0	109.82	-91.68
17783.0	213.0	154.52	-39.16
17793.0	208.0	115.66	-54.50
17793.0	209.0	109.73	-92.54
17793.0	210.0	109.38	-91.94
17793.0	213.0	153.93	-39.27
17803.0	208.0	115.24	-54.91
17803.0	209.0	109.30	-92.79
17803.0	210.0	108.92	-92.18
17803.0	213.0	153.35	-39.41
17813.0	208.0	114.80	-55.29
17813.0	209.0	108.86	-93.04
17813.0	210.0	108.47	-92.40
17813.0	213.0	152.75	-39.56
17823.0	208.0	114.29	-55.62
17823.0	209.0	108.42	-93.31
17823.0	210.0	108.03	-92.61
17823.0	213.0	152.16	-39.73
17833.0	208.0	113.77	-55.91
17833.0	209.0	107.97	-93.56
17833.0	210.0	107.61	-92.85
17833.0	213.0	151.58	-39.88
17843.0	208.0	113.21	-56.14
17843.0	209.0	107.53	-93.79
17843.0	210.0	107.18	-93.11
17843.0	213.0	151.01	-40.01
17853.0	208.0	112.65	-56.31
17853.0	209.0	107.08	-94.04
17853.0	210.0	106.73	-93.37
17853.0	213.0	150.42	-40.14
17863.0	208.0	112.11	-56.47
17863.0	209.0	106.62	-94.27
17863.0	210.0	106.28	-93.60
17863.0	213.0	149.82	-40.27
17873.0	208.0	111.58	-56.62
17873.0	209.0	106.17	-94.50
17873.0	210.0	105.81	-93.82
17873.0	213.0	149.22	-40.41
17883.0	208.0	111.06	-56.77
17883.0	209.0	105.72	-94.75
17883.0	210.0	105.36	-94.03
17883.0	213.0	148.63	-40.56
17893.0	208.0	110.54	-56.95
17893.0	209.0	105.27	-94.99
17893.0	210.0	104.91	-94.25
17893.0	213.0	148.02	-40.71
17903.0	208.0	110.02	-57.14
17903.0	209.0	104.85	-95.23
17903.0	210.0	104.48	-94.48
17903.0	213.0	147.42	-40.85
17913.0	208.0	109.50	-57.36
17913.0	209.0	104.42	-95.47
17913.0	210.0	104.06	-94.73
17913.0	213.0	146.79	-41.00
17923.0	208.0	108.97	-57.60
17923.0	209.0	103.97	-95.72
17923.0	210.0	103.62	-95.01
17923.0	213.0	146.16	-41.15
17933.0	208.0	108.44	-57.87
17933.0	209.0	103.52	-95.99
17933.0	210.0	103.18	-95.30
17933.0	213.0	145.57	-41.31
17943.0	208.0	107.91	-58.15
17943.0	209.0	103.06	-96.25
17943.0	210.0	102.72	-95.57
17943.0	213.0	145.00	-41.48
17953.0	208.0	107.38	-58.46
17953.0	209.0	102.59	-96.50
17953.0	210.0	102.27	-95.81
17953.0	213.0	144.44	-41.65
17963.0	208.0	106.85	-58.77
17963.0	209.0	102.11	-96.77
17963.0	210.0	101.80	-96.04
17963.0	213.0	143.87	-41.82
17973.0	208.0	106.31	-59.09
17973.0	209.0	101.65	-97.01
17973.0	210.0	101.34	-96.25
17973.0	213.0	143.28	-42.01
17983.0	208.0	105.77	-59.40
17983.0	209.0	101.20	-97.26
17983.0	210.0	100.89	-96.45
17983.0	213.0	142.68	-42.21
17993.0	208.0	105.24	-59.70
17993.0	209.0	100.74	-97.52
17993.0	210.0	100.43	-96.68
17993.0	213.0	142.07	-42.41
18003.0	208.0	104.70	-59.98
18003.0	209.0	100.28	-97.77
18003.0	210.0	100.00	-96.92
18003.0	213.0	141.48	-42.60
18013.0	208.0	104.17	-60.24
18013.0	209.0	99.84	-98.02
18013.0	210.0	99.58	-97.18
18013.0	213.0	140.88	-42.78
18023.0	208.0	103.63	-60.46
18023.0	209.0	99.42	-98.25
18023.0	210.0	99.15	-97.44
18023.0	213.0	140.26	-42.94
18033.0	208.0	103.09	-60.66
18033.0	209.0	99.01	-98.48
18033.0	210.0	98.70	-97.68
18033.0	213.0	139.65	-43.08
18043.0	208.0	102.55	-60.84
18043.0	209.0	98.63	-98.72
18043.0	210.0	98.25	-97.93
18043.0	213.0	139.05	-43.19
18053.0	208.0	102.02	-61.06
18053.0	209.0	98.25	-98.96
18053.0	210.0	97.82	-98.22
18053.0	213.0	138.45	-43.31
18063.0	208.0	101.51	-61.29
18063.0	209.0	97.89	-99.19
18063.0	210.0	97.42	-98.52
18063.0	213.0	137.86	-43.46
18073.0	208.0	101.01	-61.53
18073.0	209.0	97.53	-99.43
18073.0	210.0	97.01	-98.81
18073.0	213.0	137.27	-43.65
18083.0	208.0	100.53	-61.77
18083.0	209.0	97.16	-99.66
18083.0	210.0	96.57	-99.10
18083.0	213.0	136.67	-43.88
18093.0	208.0	100.05	-62.03
18093.0	209.0	96.80	-99.90
18093.0	210.0	96.12	-99.38
18093.0	213.0	136.08	-44.11
18103.0	208.0	99.56	-62.32
18103.0	209.0	96.42	-100.13
18103.0	210.0	95.69	-99.66
18103.0	213.0	135.50	-44.34
18113.0	208.0	99.07	-62.62
18113.0	209.0	96.03	-100.37
18113.0	210.0	95.26	-99.91
18113.0	213.0	134.91	-44.55
18123.0	208.0	98.58	-62.93
18123.0	209.0	95.64	-100.60
18123.0	210.0	94.86	-100.16
18123.0	213.0	134.34	-44.78
18133.0	208.0	98.10	-63.23
18133.0	209.0	95.23	-100.83
18133.0	210.0	94.44	-100.41
18133.0	213.0	133.77	-44.99
18143.0	208.0	97.61	-63.51
18143.0	209.0	94.80	-101.07
18143.0	210.0	93.96	-100.57
18143.0	213.0	133.20	-45.20
18153.0	208.0	97.11	-63.78
18153.0	209.0	94.36	-101.30
18153.0	210.0	93.47	-100.74
18153.0	213.0	132.63	-45.44
18163.0	208.0	96.61	-64.06
18163.0	209.0	93.90	-101.53
18163.0	210.0	93.01	-100.92
18163.0	213.0	132.05	-45.68
18173.0	208.0	96.11	-64.32
18173.0	209.0	93.43	-101.76
18173.0	210.0	92.55	-101.12
18173.0	213.0	131.47	-45.94
18183.0	208.0	95.62	-64.59
18183.0	209.0	92.94	-101.99
18183.0	210.0	92.12	-101.33
18183.0	213.0	130.90	-46.21
18183.0	225.0	118.48	-84.80
18193.0	208.0	95.15	-64.90
18193.0	209.0	92.44	-102.22
18193.0	210.0	91.69	-101.55
18193.0	213.0	130.33	-46.48
18193.0	225.0	118.25	-85.42
18203.0	208.0	94.70	-65.24
18203.0	209.0	91.93	-102.45
18203.0	210.0	91.28	-101.79
18203.0	213.0	129.79	-46.76
18203.0	225.0	117.92	-85.86
18213.0	208.0	94.27	-65.59
18213.0	209.0	91.41	-102.67
18213.0	210.0	90.88	-102.04
18213.0	213.0	129.25	-47.03
18213.0	225.0	117.50	-86.15
18223.0	208.0	93.80	-65.91
18223.0	209.0	90.88	-102.90
18223.0	210.0	90.50	-102.31
18223.0	213.0	128.70	-47.32
18223.0	225.0	117.02	-86.37
18233.0	208.0	93.29	-66.20
18233.0	209.0	90.34	-103.12
18233.0	210.0	90.13	-102.59
18233.0	213.0	128.14	-47.63
18233.0	225.0	116.54	-86.59
18233.0	226.0	116.15	-87.73
18243.0	208.0	92.77	-66.49
18243.0	209.0	89.80	-103.34
18243.0	210.0	89.77	-102.88
18243.0	213.0	127.57	-47.95
18243.0	225.0	116.09	-86.79
18243.0	226.0	116.58	-87.71
18253.0	208.0	92.26	-66.75
18253.0	209.0	89.26	-103.55
18253.0	210.0	89.43	-103.19
18253.0	213.0	127.00	-48.27
18253.0	225.0	115.73	-86.97
18253.0	226.0	117.01	-87.65
18263.0	208.0	91.75	-67.00
18263.0	209.0	88.72	-103.76
18263.0	210.0	89.10	-103.51
18263.0	213.0	126.44	-48.58
18263.0	225.0	115.40	-87.21
18263.0	226.0	117.46	-87.55
18273.0	208.0	91.25	-67.27
18273.0	209.0	88.20	-103.96
18273.0	213.0	125.91	-48.92
18273.0	225.0	114.97	-87.57
18273.0	226.0	117.94	-87.40
18283.0	208.0	90.75	-67.53
18283.0	209.0	87.68	-104.16
18283.0	213.0	125.40	-49.29
18283.0	225.0	114.46	-87.96
18283.0	226.0	118.43	-87.20
18283.0	228.0	87.33	-103.47
18293.0	208.0	90.26	-67.79
18293.0	209.0	87.18	-104.34
18293.0	213.0	124.90	-49.67
18293.0	225.0	113.93	-88.28
18293.0	226.0	118.89	-86.92
18293.0	228.0	86.93	-103.61
18303.0	208.0	89.78	-68.07
18303.0	209.0	86.69	-104.52
18303.0	213.0	124.39	-50.03
18303.0	225.0	113.36	-88.50
18303.0	226.0	119.33	-86.62
18303.0	228.0	86.49	-103.78
18313.0	208.0	89.33	-68.36
18313.0	209.0	86.22	-104.71
18313.0	213.0	123.88	-50.37
18313.0	225.0	112.76	-88.71
18313.0	226.0	119.78	-86.33
18313.0	228.0	86.01	-103.97
18323.0	208.0	88.90	-68.67
18323.0	209.0	85.76	-104.90
18323.0	213.0	123.37	-50.70
18323.0	225.0	112.17	-88.95
18323.0	226.0	120.26	-86.06
18323.0	228.0	85.52	-104.16
18333.0	208.0	88.51	-69.00
18333.0	209.0	85.29	-105.09
18333.0	213.0	122.85	-50.99
18333.0	225.0	111.57	-89.18
18333.0	226.0	120.78	-85.82
18333.0	228.0	85.06	-104.33
18343.0	208.0	88.18	-69.36
18343.0	209.0	84.81	-105.27
18343.0	213.0	122.32	-51.26
18343.0	225.0	110.97	-89.38
18343.0	226.0	121.32	-85.59
18343.0	228.0	84.59	-104.51
18353.0	208.0	87.94	-69.74
18353.0	209.0	84.32	-105.44
18353.0	213.0	121.78	-51.50
18353.0	225.0	110.39	-89.54
18353.0	226.0	121.87	-85.39
18353.0	228.0	84.13	-104.68
18363.0	208.0	87.80	-70.13
18363.0	209.0	83.85	-105.59
18363.0	213.0	121.23	-51.73
18363.0	225.0	109.83	-89.68
18363.0	226.0	122.43	-85.19
18363.0	228.0	83.68	-104.87
18373.0	208.0	87.75	-70.51
18373.0	209.0	83.38	-105.73
18373.0	213.0	120.68	-51.94
18373.0	225.0	109.27	-89.79
18373.0	226.0	122.97	-85.01
18373.0	228.0	83.20	-105.07
18383.0	208.0	87.73	-70.86
18383.0	209.0	82.90	-105.92
18383.0	213.0	120.12	-52.16
18383.0	225.0	108.72	-89.83
18383.0	226.0	123.49	-84.82
18383.0	228.0	82.71	-105.26
18393.0	208.0	87.67	-71.19
18393.0	209.0	82.41	-106.13
18393.0	213.0	119.58	-52.39
18393.0	225.0	108.17	-89.78
18393.0	226.0	124.02	-84.64
18393.0	228.0	82.20	-105.46
18403.0	208.0	87.51	-71.53
18403.0	209.0	81.93	-106.35
18403.0	213.0	119.06	-52.68
18403.0	225.0	107.65	-89.63
18403.0	226.0	124.54	-84.43
18403.0	228.0	81.71	-105.65
18413.0	208.0	87.25	-71.86
18413.0	209.0	81.46	-106.57
18413.0	213.0	118.55	-52.98
18413.0	225.0	107.16	-89.38
18413.0	226.0	125.08	-84.18
18413.0	228.0	81.27	-105.81
18423.0	208.0	86.90	-72.17
18423.0	209.0	81.01	-106.76
18423.0	213.0	118.06	-53.29
18423.0	225.0	106.70	-89.05
18423.0	226.0	125.62	-83.90
18423.0	228.0	80.83	-105.99
18433.0	209.0	80.55	-106.94
18433.0	213.0	117.56	-53.61
18433.0	225.0	106.30	-88.64
18433.0	226.0	126.16	-83.59
18433.0	228.0	80.38	-106.17
18443.0	209.0	80.07	-107.12
18443.0	213.0	117.04	-53.92
18443.0	225.0	105.98	-88.13
18443.0	226.0	126.71	-83.27
18443.0	228.0	79.92	-106.36
18453.0	209.0	79.57	-107.33
18453.0	213.0	116.53	-54.24
18453.0	225.0	105.69	-87.56
18453.0	226.0	127.25	-82.95
18453.0	228.0	79.43	-106.55
18463.0	209.0	79.10	-107.52
18463.0	213.0	116.00	-54.53
18463.0	225.0	105.41	-86.97
18463.0	226.0	127.80	-82.64
18463.0	228.0	78.93	-106.73
18473.0	209.0	78.64	-107.71
18473.0	213.0	115.46	-54.81
18473.0	225.0	105.13	-86.37
18473.0	226.0	128.36	-82.35
18473.0	228.0	78.42	-106.91
18483.0	209.0	78.19	-107.89
18483.0	213.0	114.91	-55.08
18483.0	225.0	104.84	-85.79
18483.0	226.0	128.90	-82.08
18483.0	228.0	77.91	-107.10
18493.0	209.0	77.73	-108.08
18493.0	213.0	114.35	-55.32
18493.0	225.0	104.57	-85.18
18493.0	226.0	129.44	-81.81
18493.0	228.0	77.42	-107.28
18503.0	209.0	77.27	-108.27
18503.0	213.0	113.80	-55.56
18503.0	225.0	104.31	-84.57
18503.0	226.0	129.96	-81.55
18503.0	228.0	76.93	-107.46
18513.0	209.0	76.79	-108.48
18513.0	213.0	113.25	-55.83
18513.0	225.0	104.03	-83.96
18513.0	226.0	130.48	-81.26
18513.0	228.0	76.46	-107.65
18523.0	209.0	76.30	-108.70
18523.0	213.0	112.70	-56.10
18523.0	225.0	103.73	-83.38
18523.0	226.0	131.00	-80.95
18523.0	228.0	76.00	-107.84
18533.0	209.0	75.80	-108.92
18533.0	213.0	112.18	-56.40
18533.0	225.0	103.43	-82.83
18533.0	226.0	131.53	-80.64
18533.0	228.0	75.55	-108.03
18543.0	209.0	75.32	-109.14
18543.0	213.0	111.67	-56.71
18543.0	225.0	103.13	-82.30
18543.0	226.0	132.07	-80.34
18543.0	228.0	75.10	-108.23
18553.0	209.0	74.83	-109.35
18553.0	213.0	111.16	-57.02
18553.0	225.0	102.81	-81.80
18553.0	226.0	132.60	-80.06
18553.0	228.0	74.66	-108.43
18563.0	209.0	74.37	-109.55
18563.0	213.0	110.66	-57.34
18563.0	225.0	102.50	-81.34
18563.0	226.0	133.15	-79.79
18563.0	228.0	74.22	-108.64
18573.0	209.0	73.92	-109.75
18573.0	213.0	110.15	-57.65
18573.0	225.0	102.17	-80.86
18573.0	226.0	133.71	-79.52
18573.0	228.0	73.78	-108.86
18583.0	209.0	73.49	-109.93
18583.0	213.0	109.65	-57.96
18583.0	225.0	101.83	-80.35
18583.0	226.0	134.25	-79.25
18583.0	228.0	73.33	-109.07
18593.0	209.0	73.08	-110.10
18593.0	213.0	109.13	-58.26
18593.0	225.0	101.47	-79.83
18593.0	226.0	134.78	-78.98
18593.0	228.0	72.88	-109.29
18603.0	209.0	72.62	-110.28
18603.0	213.0	108.61	-58.56
18603.0	225.0	101.03	-79.32
18603.0	226.0	135.32	-78.73
18603.0	228.0	72.41	-109.51
18613.0	209.0	72.13	-110.48
18613.0	213.0	108.09	-58.85
18613.0	225.0	100.57	-78.82
18613.0	226.0	135.90	-78.47
18613.0	228.0	71.94	-109.72
18623.0	209.0	71.67	-110.64
18623.0	213.0	107.55	-59.12
18623.0	225.0	100.10	-78.31
18623.0	226.0	136.52	-78.23
18623.0	228.0	71.47	-109.93
18633.0	209.0	71.21	-110.81
18633.0	213.0	107.01	-59.39
18633.0	225.0	99.65	-77.80
18633.0	228.0	71.01	-110.12
18643.0	209.0	70.76	-110.98
18643.0	213.0	106.47	-59.65
18643.0	225.0	99.22	-77.25
18643.0	228.0	70.57	-110.30
18653.0	209.0	70.30	-111.14
18653.0	213.0	105.92	-59.91
18653.0	225.0	98.81	-76.67
18653.0	228.0	70.14	-110.51
18663.0	209.0	69.82	-111.27
18663.0	213.0	105.37	-60.15
18663.0	225.0	98.40	-76.11
18663.0	228.0	69.69	-110.74
18673.0	209.0	69.30	-111.37
18673.0	213.0	104.82	-60.39
18673.0	225.0	97.99	-75.56
18673.0	228.0	69.23	-110.98
18683.0	209.0	68.76	-111.45
18683.0	213.0	104.28	-60.63
18683.0	225.0	97.54	-75.02
18683.0	228.0	68.75	-111.18
18693.0	213.0	103.74	-60.86
18693.0	225.0	97.06	-74.52
18693.0	228.0	68.26	-111.37
18703.0	213.0	103.22	-61.09
18703.0	225.0	96.60	-74.03
18703.0	228.0	67.78	-111.61
18713.0	213.0	102.70	-61.33
18713.0	225.0	96.13	-73.52
18713.0	228.0	67.35	-111.85
18723.0	213.0	102.16	-61.57
18723.0	225.0	95.68	-73.03
18723.0	228.0	66.93	-112.12
18733.0	213.0	101.62	-61.80
18733.0	225.0	95.21	-72.55
18733.0	228.0	66.50	-112.40
18743.0	213.0	101.08	-62.04
18743.0	225.0	94.72	-72.06
18743.0	228.0	66.05	-112.64
18753.0	213.0	100.52	-62.26
18753.0	225.0	94.25	-71.56
18753.0	228.0	65.56	-112.76
18763.0	213.0	99.97	-62.52
18763.0	225.0	93.76	-71.04
18773.0	213.0	99.43	-62.76
18773.0	225.0	93.27	-70.52
18783.0	213.0	98.91	-63.02
18783.0	225.0	92.77	-70.04
18793.0	213.0	98.39	-63.30
18793.0	225.0	92.31	-69.60
18803.0	213.0	97.87	-63.57
18803.0	225.0	91.91	-69.23
18813.0	213.0	97.35	-63.86
18813.0	225.0	91.57	-68.91
18823.0	213.0	96.81	-64.13
18823.0	225.0	91.28	-68.61
18833.0	213.0	96.27	-64.40
18833.0	225.0	90.98	-68.30
18843.0	213.0	95.73	-64.68
18843.0	225.0	90.64	-67.98
18853.0	213.0	95.18	-64.97
18853.0	225.0	90.24	-67.64
18863.0	213.0	94.64	-65.26
18863.0	225.0	89.80	-67.28
18873.0	213.0	94.09	-65.52
18873.0	225.0	89.30	-66.89
18883.0	213.0	93.56	-65.77
18883.0	225.0	88.81	-66.47
18893.0	213.0	93.02	-66.03
18893.0	225.0	88.33	-66.04
18903.0	213.0	92.50	-66.29
18903.0	225.0	87.85	-65.59
18913.0	213.0	91.97	-66.56
18913.0	225.0	87.38	-65.13
18923.0	213.0	91.44	-66.84
18923.0	225.0	86.88	-64.65
18933.0	213.0	90.90	-67.13
18943.0	213.0	90.38	-67.44
18953.0	213.0	89.86	-67.74
18963.0	213.0	89.33	-68.04
18973.0	213.0	88.80	-68.33
18983.0	213.0	88.28	-68.60
18993.0	213.0	87.75	-68.89
19003.0	213.0	87.20	-69.17
19013.0	213.0	86.66	-69.47
19023.0	213.0	86.10	-69.76
19033.0	213.0	85.56	-70.05
19043.0	213.0	85.01	-70.35
19053.0	213.0	84.46	-70.65
19063.0	213.0	83.91	-70.96
19073.0	213.0	83.36	-71.27
19083.0	213.0	82.82	-71.58
19093.0	213.0	82.28	-71.91
19103.0	213.0	81.74	-72.23
19113.0	213.0	81.21	-72.55
19123.0	213.0	80.67	-72.85
19133.0	213.0	80.13	-73.14
19143.0	213.0	79.60	-73.44
19153.0	213.0	79.06	-73.73
19163.0	213.0	78.54	-74.05
19173.0	213.0	78.02	-74.38
19183.0	213.0	77.51	-74.74
19193.0	213.0	77.00	-75.13
19203.0	213.0	76.51	-75.51
19213.0	213.0	76.01	-75.92
19223.0	213.0	75.52	-76.34
19233.0	213.0	75.03	-76.77
19243.0	213.0	74.55	-77.20
19253.0	213.0	74.06	-77.63
19263.0	213.0	73.58	-78.07
19273.0	213.0	73.09	-78.51
19283.0	213.0	72.60	-78.94
19293.0	213.0	72.12	-79.36
19293.0	240.0	123.66	-82.12
19303.0	213.0	71.63	-79.78
19303.0	240.0	123.53	-82.20
19313.0	213.0	71.13	-80.18
19313.0	240.0	123.31	-82.37
19323.0	213.0	70.64	-80.58
19323.0	240.0	123.05	-82.64
19333.0	213.0	70.14	-80.96
19333.0	240.0	122.81	-83.00
19343.0	213.0	69.63	-81.33
19343.0	240.0	122.55	-83.36
19353.0	213.0	69.13	-81.68
19353.0	240.0	122.23	-83.70
19363.0	213.0	68.62	-82.02
19363.0	240.0	121.85	-83.97
19373.0	213.0	68.10	-82.35
19373.0	240.0	121.44	-84.17
19383.0	213.0	67.59	-82.67
19383.0	240.0	120.99	-84.35
19393.0	213.0	67.07	-82.98
19393.0	240.0	120.52	-84.54
19403.0	213.0	66.56	-83.29
19403.0	240.0	120.06	-84.71
19413.0	213.0	66.05	-83.59
19413.0	240.0	119.63	-84.85
19423.0	213.0	65.55	-83.91
19423.0	240.0	119.21	-84.94
19433.0	213.0	65.05	-84.22
19433.0	240.0	118.78	-84.97
19443.0	213.0	64.57	-84.53
19443.0	240.0	118.38	-84.89
19453.0	213.0	64.11	-84.83
19453.0	240.0	118.03	-84.70
19463.0	213.0	63.66	-85.13
19463.0	240.0	117.73	-84.41
19473.0	213.0	63.23	-85.43
19473.0	240.0	117.43	-84.08
19483.0	213.0	62.79	-85.73
19483.0	240.0	117.09	-83.80
19493.0	213.0	62.35	-86.04
19493.0	240.0	116.68	-83.61
19503.0	213.0	61.89	-86.36
19503.0	240.0	116.21	-83.54
19513.0	213.0	61.43	-86.68
19513.0	240.0	115.72	-83.58
19523.0	213.0	60.95	-87.02
19523.0	240.0	115.22	-83.69
19533.0	213.0	60.45	-87.36
19533.0	240.0	114.75	-83.85
19543.0	213.0	59.94	-87.71
19543.0	240.0	114.31	-84.05
19553.0	213.0	59.41	-88.06
19553.0	240.0	113.87	-84.25
19563.0	213.0	58.87	-88.42
19563.0	240.0	113.42	-84.44
19573.0	213.0	58.32	-88.78
19573.0	240.0	112.97	-84.62
19583.0	213.0	57.76	-89.13
19583.0	240.0	112.54	-84.78
19593.0	213.0	57.20	-89.48
19593.0	240.0	112.15	-84.96
19603.0	213.0	56.65	-89.83
19603.0	240.0	111.81	-85.10
19613.0	213.0	56.09	-90.17
19613.0	240.0	111.48	-85.19
19623.0	213.0	55.54	-90.50
19623.0	240.0	111.19	-85.27
19633.0	213.0	55.01	-90.81
19633.0	240.0	110.93	-85.34
19643.0	213.0	54.47	-91.13
19643.0	240.0	110.73	-85.40
19653.0	213.0	53.98	-91.43
19653.0	240.0	110.64	-85.46
19663.0	213.0	53.48	-91.75
19663.0	240.0	110.64	-85.50
19673.0	213.0	52.99	-92.09
19673.0	240.0	110.67	-85.50
19683.0	213.0	52.50	-92.44
19683.0	240.0	110.68	-85.50
19693.0	213.0	51.98	-92.78
19693.0	240.0	110.66	-85.50
19703.0	213.0	51.49	-93.11
19703.0	240.0	110.64	-85.52
19713.0	213.0	51.01	-93.41
19713.0	240.0	110.62	-85.53
19723.0	213.0	50.51	-93.71
19723.0	240.0	110.60	-85.54
19733.0	213.0	50.01	-94.01
19733.0	240.0	110.62	-85.52
19743.0	213.0	49.51	-94.31
19743.0	240.0	110.66	-85.48
19753.0	240.0	110.66	-85.47
19763.0	240.0	110.64	-85.50
19773.0	240.0	110.63	-85.51
19783.0	240.0	110.64	-85.52
19793.0	240.0	110.65	-85.53
19803.0	240.0	110.63	-85.54
19813.0	240.0	110.57	-85.49
19823.0	240.0	110.42	-85.31
19833.0	240.0	110.16	-84.98
19843.0	240.0	109.87	-84.51
19853.0	240.0	109.60	-83.98
19863.0	240.0	109.34	-83.41
19873.0	240.0	109.09	-82.85
19883.0	240.0	108.82	-82.31
19893.0	240.0	108.54	-81.80
19903.0	240.0	108.22	-81.32
19913.0	240.0	107.86	-80.88
19923.0	240.0	107.49	-80.44
19933.0	240.0	107.10	-80.02
19943.0	240.0	106.70	-79.60
19953.0	240.0	106.31	-79.18
19963.0	240.0	105.94	-78.79
19973.0	240.0	105.58	-78.40
19983.0	240.0	105.27	-78.00
19993.0	240.0	105.01	-77.62
20003.0	240.0	104.82	-77.28
20013.0	240.0	104.65	-76.96
20023.0	240.0	104.49	-76.63
20033.0	240.0	104.34	-76.25
20043.0	240.0	104.15	-75.82
20053.0	240.0	103.95	-75.33
20063.0	240.0	103.74	-74.82
20073.0	240.0	103.51	-74.31
20083.0	240.0	103.24	-73.79
20093.0	240.0	102.92	-73.27
20103.0	240.0	102.55	-72.75
20113.0	240.0	102.12	-72.28
20123.0	240.0	101.67	-71.84
20133.0	240.0	101.20	-71.43
20143.0	240.0	100.71	-71.04
20153.0	240.0	100.21	-70.66
20163.0	240.0	99.70	-70.29
20173.0	240.0	99.20	-69.94
20183.0	240.0	98.69	-69.60
20193.0	240.0	98.18	-69.30
20193.0	249.0	134.76	-80.25
20203.0	240.0	97.67	-69.00
20203.0	249.0	134.32	-79.78
20213.0	240.0	97.15	-68.70
20213.0	249.0	133.88	-79.30
20223.0	240.0	96.62	-68.42
20223.0	249.0	133.45	-78.81
20233.0	240.0	96.11	-68.16
20233.0	249.0	133.05	-78.30
20243.0	240.0	95.61	-67.93
20243.0	249.0	132.66	-77.79
20253.0	240.0	95.11	-67.72
20253.0	249.0	132.27	-77.30
20263.0	240.0	94.58	-67.54
20263.0	249.0	131.86	-76.83
20273.0	240.0	94.04	-67.36
20273.0	249.0	131.45	-76.38
20283.0	240.0	93.51	-67.17
20283.0	249.0	131.02	-75.94
20293.0	240.0	93.00	-66.98
20293.0	249.0	130.57	-75.52
20303.0	240.0	92.51	-66.78
20303.0	249.0	130.13	-75.11
20313.0	240.0	92.02	-66.58
20313.0	249.0	129.71	-74.70
20323.0	240.0	91.53	-66.37
20323.0	249.0	129.29	-74.28
20333.0	240.0	91.05	-66.18
20333.0	249.0	128.85	-73.86
20343.0	240.0	90.58	-66.01
20343.0	249.0	128.39	-73.46
20353.0	240.0	90.12	-65.87
20353.0	249.0	127.91	-73.07
20363.0	240.0	89.66	-65.73
20363.0	249.0	127.40	-72.68
20373.0	240.0	89.22	-65.57
20373.0	249.0	126.91	-72.29
20383.0	240.0	88.79	-65.38
20383.0	249.0	126.48	-71.89
20393.0	240.0	88.36	-65.15
20393.0	249.0	126.06	-71.54
20403.0	240.0	87.93	-64.88
20403.0	249.0	125.65	-71.19
20413.0	240.0	87.52	-64.58
20413.0	249.0	125.28	-70.84
20423.0	240.0	87.10	-64.24
20423.0	249.0	124.98	-70.48
20433.0	249.0	124.75	-70.13
20443.0	249.0	124.56	-69.81
20453.0	249.0	124.46	-69.48
20463.0	249.0	124.38	-69.13
20473.0	249.0	124.29	-68.75
20483.0	249.0	124.16	-68.35
20493.0	249.0	123.98	-67.90
20503.0	249.0	123.72	-67.43
20513.0	249.0	123.36	-66.95
20523.0	249.0	122.94	-66.48
20533.0	249.0	122.50	-66.00
20543.0	249.0	122.06	-65.53
20553.0	249.0	121.62	-65.08
20563.0	249.0	121.16	-64.67
20573.0	249.0	120.68	-64.31
20583.0	249.0	120.18	-64.00
20593.0	249.0	119.68	-63.72
20603.0	249.0	119.17	-63.43
20613.0	249.0	118.68	-63.14
20623.0	249.0	118.23	-62.85
20633.0	249.0	117.79	-62.57
20643.0	249.0	117.38	-62.27
20653.0	249.0	117.01	-61.95
20663.0	249.0	116.66	-61.60
20673.0	249.0	116.37	-61.25
20683.0	249.0	116.13	-60.91
20693.0	249.0	115.89	-60.58
20703.0	249.0	115.66	-60.24
20713.0	249.0	115.47	-59.87
20723.0	249.0	115.31	-59.51
20733.0	249.0	115.15	-59.17
20743.0	249.0	115.01	-58.85
20753.0	249.0	114.87	-58.56
20763.0	249.0	114.73	-58.27
20773.0	249.0	114.59	-57.99
20783.0	249.0	114.43	-57.74
20793.0	249.0	114.24	-57.52
20803.0	249.0	114.00	-57.31
20813.0	249.0	113.73	-57.13
20823.0	249.0	113.42	-56.99
20833.0	249.0	113.10	-56.87
20843.0	249.0	112.77	-56.78
20853.0	249.0	112.44	-56.70
20863.0	249.0	112.10	-56.65
20873.0	249.0	111.77	-56.63
20883.0	249.0	111.43	-56.63
20893.0	249.0	111.09	-56.66
20903.0	249.0	110.75	-56.72
20913.0	249.0	110.41	-56.79
20923.0	249.0	110.07	-56.89
20933.0	249.0	109.73	-57.00
20943.0	249.0	109.40	-57.13
20953.0	249.0	109.08	-57.26
20963.0	249.0	108.76	-57.41
20973.0	249.0	108.44	-57.56
20983.0	249.0	108.14	-57.71
20993.0	249.0	107.84	-57.86
21003.0	249.0	107.56	-58.01
21013.0	249.0	107.28	-58.15
21023.0	249.0	107.02	-58.28
21033.0	249.0	106.77	-58.41
21043.0	249.0	106.52	-58.52
21053.0	249.0	106.29	-58.63
21063.0	249.0	106.07	-58.72
21073.0	249.0	105.85	-58.81
21083.0	249.0	105.64	-58.89
21093.0	249.0	105.44	-58.96
21103.0	249.0	105.23	-59.04
21113.0	249.0	105.02	-59.11
21123.0	249.0	104.80	-59.20
21133.0	249.0	104.56	-59.31
21143.0	249.0	104.32	-59.42
21153.0	249.0	104.09	-59.50
21163.0	249.0	103.84	-59.56
21173.0	249.0	103.59	-59.64
21183.0	249.0	103.35	-59.72
21193.0	249.0	103.13	-59.81
21203.0	249.0	102.90	-59.89
21213.0	249.0	102.68	-59.98
21223.0	249.0	102.47	-60.08
21233.0	249.0	102.26	-60.18
21243.0	249.0	102.04	-60.27
21253.0	249.0	101.83	-60.36
21263.0	249.0	101.63	-60.49
21273.0	249.0	101.44	-60.65
21283.0	249.0	101.27	-60.83
21293.0	249.0	101.10	-61.02
21303.0	249.0	100.94	-61.19
21313.0	249.0	100.80	-61.35
21323.0	249.0	100.65	-61.52
21333.0	249.0	100.47	-61.68
21343.0	249.0	100.25	-61.79
21353.0	249.0	100.05	-61.89
21363.0	249.0	99.85	-61.98
21373.0	249.0	99.64	-62.08
21383.0	249.0	99.42	-62.15
21393.0	249.0	99.18	-62.20
21403.0	249.0	98.93	-62.26
21413.0	249.0	98.68	-62.30
21423.0	249.0	98.44	-62.34
21433.0	249.0	98.20	-62.37
21443.0	249.0	97.96	-62.42
21453.0	249.0	97.74	-62.51
21463.0	249.0	97.55	-62.63
21473.0	249.0	97.39	-62.71
21483.0	249.0	97.28	-62.72
21493.0	249.0	97.24	-62.71
21503.0	249.0	97.24	-62.69
21513.0	249.0	97.24	-62.69
21523.0	249.0	97.25	-62.69
21533.0	249.0	97.25	-62.69
21543.0	249.0	97.26	-62.68
21553.0	249.0	97.25	-62.68
21563.0	249.0	97.25	-62.69
21573.0	249.0	97.25	-62.68
21583.0	249.0	97.27	-62.67
21593.0	249.0	97.27	-62.65
21603.0	249.0	97.27	-62.64
21613.0	249.0	97.26	-62.63
21623.0	249.0	97.24	-62.62
21633.0	249.0	97.22	-62.62
21643.0	249.0	97.22	-62.62
21653.0	249.0	97.23	-62.62
21663.0	249.0	97.23	-62.62
21673.0	249.0	97.23	-62.62
21683.0	249.0	97.23	-62.62
21693.0	249.0	97.23	-62.62
21703.0	249.0	97.23	-62.62
21713.0	249.0	97.22	-62.62
21723.0	249.0	97.21	-62.62
21733.0	249.0	97.21	-62.62
21743.0	249.0	97.22	-62.62
21753.0	249.0	97.24	-62.63
21763.0	249.0	97.27	-62.62
21773.0	249.0	97.30	-62.60
21783.0	249.0	97.31	-62.60
21793.0	249.0	97.30	-62.63
21803.0	249.0	97.25	-62.66
21813.0	249.0	97.17	-62.72
21823.0	249.0	97.08	-62.77
21833.0	249.0	97.03	-62.79
21843.0	249.0	97.01	-62.80
21853.0	249.0	96.99	-62.80
21863.0	249.0	96.98	-62.81
21873.0	249.0	96.98	-62.81
21883.0	249.0	97.00	-62.81
21893.0	249.0	97.01	-62.81
21903.0	249.0	97.03	-62.79
21913.0	249.0	97.04	-62.78
21923.0	249.0	97.03	-62.78
21933.0	249.0	97.01	-62.79
21943.0	249.0	97.00	-62.80
21953.0	249.0	97.01	-62.79
21963.0	249.0	97.03	-62.79
21973.0	249.0	97.05	-62.78
21983.0	249.0	97.06	-62.77
21993.0	249.0	97.03	-62.78
22003.0	249.0	97.02	-62.78
22013.0	249.0	97.03	-62.78
22023.0	249.0	97.04	-62.77
22033.0	249.0	97.04	-62.78
22043.0	249.0	97.05	-62.77
22053.0	249.0	97.10	-62.74
22063.0	249.0	97.19	-62.70
22073.0	249.0	97.26	-62.69
22083.0	249.0	97.29	-62.69
22093.0	249.0	97.30	-62.70
22103.0	249.0	97.30	-62.70
22113.0	249.0	97.30	-62.70
22123.0	249.0	97.30	-62.69
22133.0	249.0	97.31	-62.70
22143.0	249.0	97.32	-62.71
22153.0	249.0	97.33	-62.73
22163.0	249.0	97.34	-62.74
22173.0	249.0	97.35	-62.74
22183.0	249.0	97.35	-62.74
22193.0	249.0	97.35	-62.74
22203.0	249.0	97.35	-62.75
22213.0	249.0	97.36	-62.75
22223.0	249.0	97.36	-62.75
22233.0	249.0	97.36	-62.75
22243.0	249.0	97.36	-62.74
22253.0	249.0	97.36	-62.74
22263.0	249.0	97.36	-62.75
22273.0	249.0	97.36	-62.75
22283.0	249.0	97.37	-62.75
22293.0	249.0	97.37	-62.75
22303.0	249.0	97.36	-62.74
22313.0	249.0	97.36	-62.75
22323.0	249.0	97.36	-62.75
22333.0	249.0	97.37	-62.75
22343.0	249.0	97.37	-62.74
22353.0	249.0	97.35	-62.72
22363.0	249.0	97.31	-62.69
22373.0	249.0	97.27	-62.72
22383.0	249.0	97.22	-62.89
22393.0	249.0	97.09	-63.17
22403.0	249.0	96.85	-63.49
22413.0	249.0	96.53	-63.80
22423.0	249.0	96.20	-64.09
22433.0	249.0	95.87	-64.37
22443.0	249.0	95.55	-64.65
22453.0	249.0	95.23	-64.96
22463.0	249.0	94.91	-65.30
22473.0	249.0	94.56	-65.67
22483.0	249.0	94.23	-66.04
22493.0	249.0	93.92	-66.44
22503.0	249.0	93.62	-66.83
22513.0	249.0	93.34	-67.21
22523.0	249.0	93.06	-67.58
22533.0	249.0	92.78	-67.95
22543.0	249.0	92.51	-68.34
22553.0	249.0	92.20	-68.76
22563.0	249.0	91.87	-69.18
22573.0	249.0	91.54	-69.59
22583.0	249.0	91.22	-70.00
25384.0	303.0	174.66	-34.09
25394.0	303.0	174.14	-34.19
25404.0	303.0	173.62	-34.30
25414.0	303.0	173.10	-34.45
25424.0	303.0	172.57	-34.61
25434.0	303.0	172.05	-34.74
25444.0	303.0	171.52	-34.86
25454.0	303.0	170.94	-34.91
25464.0	303.0	170.34	-34.93
25474.0	303.0	169.80	-35.13
25484.0	303.0	169.32	-35.45
25494.0	303.0	168.82	-35.73
25504.0	303.0	168.27	-35.90
25514.0	303.0	167.71	-35.99
25524.0	303.0	167.14	-36.05
25534.0	303.0	166.59	-36.12
25544.0	303.0	166.03	-36.20
25554.0	303.0	165.49	-36.23
25564.0	303.0	164.95	-36.18
25574.0	303.0	164.41	-36.13
25584.0	303.0	163.85	-36.12
25594.0	303.0	163.29	-36.18
25604.0	303.0	162.72	-36.26
25614.0	303.0	162.14	-36.30
25624.0	303.0	161.56	-36.39
25634.0	303.0	160.97	-36.41
25644.0	303.0	160.41	-36.48
25654.0	303.0	159.90	-36.61
25664.0	303.0	159.35	-36.62
